5
100 2033
1 2 2
1 3 2
1 6 1
1 10 1
1 11 3
1 12 2
1 14 4
1 22 4
1 26 2
1 27 1
1 31 2
1 37 3
1 38 3
1 44 3
1 47 1
1 48 4
1 50 3
1 52 3
1 55 4
1 59 4
1 60 3
1 64 1
1 66 2
1 69 4
1 71 1
1 74 1
1 79 1
1 81 4
1 84 1
1 85 2
1 86 4
1 89 1
1 91 2
1 94 4
1 97 4
1 100 2
2 3 3
2 4 4
2 8 1
2 9 2
2 10 2
2 14 1
2 16 2
2 18 1
2 20 1
2 21 4
2 22 1
2 27 3
2 28 1
2 29 4
2 30 4
2 31 1
2 32 3
2 39 2
2 41 2
2 43 3
2 44 1
2 45 2
2 46 1
2 47 4
2 48 3
2 57 1
2 58 3
2 60 3
2 65 2
2 67 4
2 68 4
2 69 4
2 78 1
2 85 2
2 86 4
2 87 2
2 88 3
2 90 3
2 91 2
2 95 2
2 97 3
2 99 2
2 100 2
3 5 3
3 6 4
3 7 1
3 13 1
3 15 3
3 18 4
3 19 1
3 20 2
3 22 1
3 23 4
3 24 4
3 26 2
3 29 1
3 30 1
3 35 1
3 37 1
3 39 3
3 41 2
3 43 1
3 44 4
3 56 3
3 57 1
3 59 1
3 60 3
3 64 4
3 69 4
3 70 2
3 71 2
3 73 4
3 76 1
3 77 2
3 78 2
3 81 1
3 83 2
3 84 1
3 93 3
3 95 3
3 96 1
4 6 2
4 7 4
4 10 3
4 11 2
4 13 2
4 14 3
4 17 1
4 19 2
4 20 4
4 22 1
4 23 4
4 24 2
4 26 2
4 27 3
4 28 3
4 29 4
4 30 3
4 34 1
4 38 1
4 39 3
4 41 3
4 42 4
4 46 4
4 47 4
4 48 1
4 52 3
4 53 2
4 55 1
4 59 3
4 61 4
4 65 2
4 67 4
4 70 2
4 71 3
4 73 4
4 75 4
4 76 2
4 78 3
4 84 2
4 86 2
4 87 4
4 91 4
4 95 3
4 97 4
4 99 1
5 7 3
5 14 2
5 15 3
5 16 3
5 18 1
5 19 4
5 20 4
5 27 1
5 36 3
5 40 1
5 45 2
5 46 2
5 47 4
5 49 2
5 50 4
5 51 2
5 54 2
5 55 2
5 56 3
5 60 2
5 61 3
5 62 4
5 65 3
5 66 2
5 71 4
5 75 1
5 80 2
5 81 1
5 82 1
5 83 3
5 89 3
5 91 1
5 95 4
5 96 4
5 99 4
6 13 4
6 21 1
6 22 2
6 25 4
6 26 1
6 27 4
6 28 3
6 29 1
6 31 3
6 33 4
6 34 1
6 36 3
6 39 1
6 40 3
6 43 3
6 44 3
6 49 3
6 50 1
6 54 2
6 56 3
6 62 1
6 65 3
6 66 4
6 67 3
6 71 4
6 75 2
6 78 1
6 82 4
6 89 3
6 91 4
6 94 3
6 95 1
6 96 3
6 98 4
6 100 4
7 8 2
7 11 1
7 14 4
7 16 2
7 17 1
7 20 4
7 24 4
7 31 3
7 34 1
7 35 3
7 37 4
7 38 4
7 46 3
7 49 2
7 52 3
7 55 3
7 56 2
7 61 4
7 63 4
7 64 2
7 65 2
7 66 3
7 67 4
7 72 2
7 75 4
7 77 4
7 79 3
7 84 3
7 88 3
7 89 1
7 92 3
7 96 2
7 100 4
8 12 4
8 15 2
8 19 2
8 23 3
8 25 4
8 26 1
8 28 3
8 33 3
8 35 3
8 36 1
8 40 1
8 41 4
8 42 2
8 44 4
8 47 4
8 51 4
8 53 3
8 57 3
8 59 2
8 60 2
8 63 3
8 64 1
8 68 1
8 78 3
8 79 4
8 82 2
8 83 2
8 86 2
8 88 3
8 93 3
8 94 1
8 96 4
8 99 4
8 100 1
9 18 3
9 20 2
9 23 2
9 27 1
9 31 1
9 33 1
9 44 2
9 45 1
9 49 3
9 50 3
9 54 1
9 63 1
9 64 1
9 65 1
9 66 3
9 69 3
9 71 4
9 72 3
9 76 3
9 79 4
9 80 4
9 84 2
9 87 1
9 89 2
9 93 2
9 95 2
9 98 4
10 12 1
10 13 3
10 16 1
10 18 3
10 25 2
10 26 1
10 29 1
10 32 3
10 36 2
10 37 1
10 38 2
10 39 2
10 40 3
10 42 1
10 43 4
10 44 4
10 46 2
10 48 1
10 50 1
10 52 1
10 57 3
10 62 4
10 65 3
10 67 1
10 68 4
10 70 3
10 71 1
10 73 2
10 75 1
10 77 3
10 78 2
10 79 2
10 80 2
10 82 4
10 83 1
10 84 2
10 85 3
10 86 2
10 88 4
10 93 1
10 95 4
10 97 4
10 99 3
11 19 4
11 21 1
11 22 3
11 23 1
11 24 3
11 26 1
11 28 2
11 30 2
11 31 2
11 36 2
11 37 2
11 38 1
11 45 4
11 47 1
11 50 1
11 53 2
11 54 4
11 57 4
11 58 1
11 60 2
11 62 4
11 64 1
11 67 1
11 78 1
11 80 1
11 82 3
11 83 1
11 84 2
11 86 3
11 88 1
11 90 3
11 94 1
11 97 2
11 98 2
11 99 4
12 14 3
12 15 1
12 21 2
12 22 3
12 24 4
12 30 4
12 31 2
12 35 3
12 38 3
12 40 2
12 41 2
12 43 4
12 44 4
12 46 2
12 47 4
12 52 4
12 54 3
12 55 2
12 58 2
12 60 3
12 61 3
12 66 1
12 67 1
12 72 4
12 77 4
12 79 1
12 80 1
12 81 3
12 82 2
12 83 3
12 84 4
12 87 4
12 90 1
12 91 2
12 94 3
12 95 4
12 98 3
12 99 2
12 100 2
13 14 4
13 19 2
13 21 3
13 22 2
13 24 1
13 25 2
13 26 3
13 27 1
13 30 1
13 32 4
13 34 4
13 35 1
13 37 1
13 39 2
13 41 2
13 42 3
13 45 2
13 47 1
13 49 2
13 52 4
13 53 2
13 55 4
13 56 2
13 57 1
13 58 2
13 60 1
13 63 1
13 67 2
13 69 4
13 79 4
13 82 3
13 83 3
13 85 1
13 87 3
13 88 3
13 89 2
13 90 3
13 91 2
13 93 4
13 94 1
14 20 2
14 23 2
14 27 1
14 28 3
14 29 3
14 30 4
14 31 4
14 32 2
14 33 3
14 35 4
14 36 2
14 37 1
14 39 3
14 40 2
14 42 3
14 43 1
14 47 3
14 48 2
14 52 1
14 53 3
14 54 2
14 58 3
14 59 2
14 60 2
14 62 4
14 64 1
14 66 1
14 68 3
14 69 1
14 73 4
14 76 3
14 81 4
14 83 4
14 84 4
14 86 4
14 89 1
14 90 2
14 94 1
14 97 3
14 98 2
14 99 1
15 16 3
15 20 3
15 21 1
15 24 4
15 27 1
15 29 2
15 30 3
15 31 1
15 32 4
15 33 1
15 38 3
15 40 1
15 41 3
15 43 1
15 45 1
15 46 2
15 47 2
15 48 4
15 49 3
15 53 4
15 54 4
15 56 4
15 57 3
15 58 4
15 59 4
15 66 1
15 67 3
15 69 2
15 70 4
15 72 1
15 73 4
15 75 4
15 76 4
15 77 3
15 78 2
15 80 4
15 82 2
15 86 3
15 87 4
15 92 4
15 93 2
15 95 3
15 97 4
15 99 3
16 18 4
16 21 1
16 23 4
16 24 2
16 26 3
16 30 1
16 35 4
16 38 4
16 40 4
16 42 3
16 44 1
16 47 3
16 48 1
16 49 1
16 51 1
16 54 4
16 55 3
16 56 4
16 58 1
16 62 3
16 66 4
16 68 3
16 72 2
16 74 1
16 76 2
16 77 4
16 80 3
16 82 3
16 83 4
16 85 3
16 89 3
16 90 3
16 94 3
16 95 1
16 96 3
17 18 2
17 19 4
17 21 4
17 25 3
17 26 2
17 27 3
17 28 1
17 33 1
17 34 1
17 38 2
17 40 2
17 45 3
17 49 2
17 52 3
17 54 1
17 55 3
17 58 1
17 60 4
17 61 2
17 63 3
17 64 2
17 65 3
17 69 1
17 70 1
17 71 2
17 72 2
17 75 4
17 76 1
17 77 1
17 78 2
17 82 2
17 87 3
17 88 3
17 89 2
17 90 3
17 98 2
18 20 1
18 25 4
18 27 4
18 28 2
18 29 1
18 30 1
18 31 1
18 33 1
18 34 2
18 35 4
18 38 2
18 43 2
18 45 4
18 46 1
18 48 3
18 50 3
18 51 3
18 52 2
18 60 4
18 62 1
18 63 2
18 66 2
18 67 4
18 70 3
18 71 2
18 72 2
18 73 3
18 78 3
18 80 2
18 81 3
18 82 1
18 84 1
18 85 4
18 86 4
18 92 1
19 20 4
19 23 4
19 26 1
19 28 3
19 30 1
19 31 1
19 34 2
19 36 2
19 37 1
19 40 1
19 42 1
19 44 1
19 45 3
19 47 2
19 48 4
19 49 3
19 53 3
19 54 2
19 57 4
19 58 1
19 62 1
19 69 4
19 70 1
19 71 4
19 74 2
19 78 1
19 81 3
19 84 2
19 87 3
19 89 4
19 90 2
19 94 4
19 95 3
19 99 1
19 100 3
20 21 2
20 29 4
20 32 3
20 33 4
20 36 1
20 38 3
20 41 1
20 43 2
20 44 3
20 45 2
20 46 1
20 47 3
20 50 3
20 51 4
20 52 1
20 56 4
20 58 4
20 59 4
20 60 4
20 61 2
20 63 4
20 68 2
20 69 1
20 72 4
20 73 2
20 74 1
20 77 1
20 78 1
20 81 3
20 83 2
20 86 2
20 87 4
20 89 1
20 93 2
20 96 1
20 100 4
21 22 3
21 25 4
21 27 2
21 29 3
21 30 4
21 33 2
21 35 1
21 38 3
21 39 1
21 41 1
21 45 1
21 46 2
21 47 3
21 53 1
21 54 4
21 55 2
21 58 1
21 61 3
21 65 3
21 70 1
21 71 4
21 73 3
21 75 4
21 77 3
21 79 2
21 81 1
21 82 1
21 83 1
21 84 1
21 93 4
21 94 2
21 96 2
21 97 3
21 98 4
21 100 4
22 23 2
22 26 3
22 27 4
22 28 2
22 29 1
22 33 3
22 35 4
22 38 1
22 39 4
22 40 1
22 46 1
22 47 2
22 48 1
22 51 3
22 54 4
22 55 3
22 56 4
22 58 4
22 64 4
22 66 4
22 69 4
22 70 4
22 73 4
22 78 3
22 80 1
22 81 2
22 83 2
22 84 3
22 85 4
22 87 3
22 94 1
22 98 4
22 100 2
23 24 4
23 26 3
23 27 1
23 28 3
23 29 2
23 31 1
23 37 2
23 38 2
23 40 4
23 41 4
23 47 1
23 50 1
23 52 3
23 61 3
23 62 4
23 66 2
23 71 4
23 72 1
23 75 1
23 81 4
23 84 2
23 88 1
23 90 2
23 92 3
23 93 4
24 25 1
24 27 3
24 29 2
24 32 4
24 34 3
24 37 4
24 38 2
24 40 1
24 41 1
24 42 1
24 45 3
24 46 3
24 49 3
24 50 1
24 54 3
24 55 2
24 57 4
24 61 2
24 64 3
24 69 2
24 73 3
24 78 4
24 79 1
24 80 1
24 82 3
24 83 1
24 85 1
24 87 2
24 91 1
24 92 3
24 94 1
24 95 1
24 96 4
24 98 4
24 100 4
25 27 4
25 29 3
25 32 3
25 37 3
25 40 2
25 42 3
25 43 2
25 46 3
25 47 1
25 48 3
25 49 1
25 50 3
25 53 3
25 55 1
25 57 1
25 60 1
25 63 4
25 64 1
25 66 4
25 69 4
25 80 3
25 83 2
25 84 2
25 85 3
25 86 4
25 87 2
25 94 4
25 95 2
25 97 3
25 99 3
26 27 3
26 29 2
26 33 1
26 39 1
26 40 4
26 44 1
26 48 1
26 49 2
26 50 3
26 52 2
26 53 3
26 54 4
26 55 1
26 58 3
26 60 4
26 66 2
26 68 4
26 69 1
26 70 1
26 71 2
26 73 2
26 75 2
26 76 3
26 77 2
26 79 1
26 80 1
26 83 4
26 85 3
26 86 2
26 87 2
26 88 3
26 96 4
26 99 1
27 30 4
27 31 4
27 32 3
27 33 2
27 39 3
27 40 2
27 42 3
27 46 2
27 47 2
27 49 2
27 50 1
27 51 2
27 54 3
27 55 4
27 57 2
27 59 2
27 60 2
27 63 1
27 67 2
27 73 4
27 79 4
27 80 2
27 82 1
27 83 3
27 85 2
27 88 2
27 93 1
27 95 4
27 100 1
28 29 3
28 35 2
28 41 3
28 45 1
28 48 3
28 49 2
28 51 2
28 55 2
28 56 1
28 57 2
28 58 4
28 59 3
28 61 2
28 66 1
28 67 3
28 70 1
28 71 2
28 78 3
28 79 1
28 81 1
28 83 1
28 88 4
28 91 2
28 92 1
28 93 1
28 96 4
28 97 3
28 99 1
28 100 1
29 32 1
29 33 4
29 41 2
29 42 4
29 49 3
29 50 2
29 52 2
29 54 3
29 58 1
29 59 2
29 61 3
29 66 3
29 67 2
29 72 3
29 73 1
29 76 4
29 77 1
29 78 4
29 79 4
29 81 3
29 84 2
29 85 1
29 86 3
29 88 3
29 89 1
29 96 3
29 98 3
29 99 3
30 31 2
30 37 4
30 38 2
30 39 2
30 43 1
30 45 2
30 48 2
30 50 2
30 59 1
30 63 4
30 67 3
30 69 2
30 72 3
30 73 2
30 74 1
30 75 3
30 77 3
30 79 1
30 81 3
30 83 4
30 84 2
30 87 4
30 89 2
30 90 4
30 94 2
30 95 3
30 96 4
30 98 2
30 99 3
31 34 3
31 36 4
31 37 3
31 38 4
31 40 3
31 41 4
31 43 4
31 44 4
31 45 1
31 47 4
31 48 2
31 49 3
31 52 3
31 53 1
31 55 4
31 56 3
31 58 1
31 60 2
31 62 3
31 65 4
31 66 1
31 67 1
31 70 4
31 72 1
31 73 1
31 75 2
31 78 2
31 79 4
31 81 3
31 83 2
31 85 1
31 90 2
31 91 3
31 98 2
32 35 3
32 37 3
32 38 1
32 39 1
32 45 1
32 46 3
32 51 2
32 55 4
32 56 1
32 58 1
32 59 2
32 60 4
32 62 4
32 63 4
32 66 4
32 68 2
32 69 4
32 70 3
32 72 3
32 73 2
32 76 2
32 79 3
32 80 3
32 81 1
32 89 3
32 93 1
32 94 2
32 98 1
32 99 2
32 100 1
33 36 3
33 38 4
33 41 3
33 42 4
33 43 3
33 49 3
33 50 4
33 56 4
33 58 1
33 59 3
33 60 2
33 61 4
33 62 3
33 64 4
33 66 4
33 67 2
33 69 4
33 70 2
33 71 4
33 73 2
33 75 2
33 77 2
33 78 3
33 81 3
33 82 1
33 84 1
33 85 1
33 86 2
33 89 2
33 92 2
33 95 1
33 99 1
33 100 3
34 35 2
34 45 3
34 50 3
34 51 4
34 54 4
34 55 4
34 58 2
34 60 1
34 61 4
34 63 2
34 69 3
34 71 2
34 74 4
34 77 1
34 81 4
34 82 4
34 88 1
34 89 2
34 90 4
34 91 3
34 92 4
34 98 2
34 100 2
35 38 1
35 39 3
35 40 3
35 47 4
35 58 2
35 59 4
35 66 4
35 67 4
35 68 2
35 73 4
35 75 2
35 76 1
35 80 4
35 83 4
35 84 4
35 86 1
35 93 4
35 96 3
35 98 1
36 37 2
36 41 2
36 42 2
36 45 4
36 48 4
36 53 1
36 54 1
36 58 2
36 62 2
36 65 3
36 66 4
36 67 1
36 68 1
36 69 3
36 70 2
36 71 2
36 74 3
36 77 1
36 79 4
36 80 3
36 81 2
36 82 4
36 88 2
36 89 3
36 91 2
36 93 3
37 39 4
37 41 1
37 42 2
37 46 3
37 47 2
37 48 1
37 49 1
37 51 2
37 54 2
37 55 1
37 56 4
37 58 3
37 60 2
37 61 4
37 62 3
37 66 3
37 67 3
37 71 2
37 72 4
37 73 2
37 74 2
37 77 3
37 80 3
37 85 2
37 88 4
37 91 4
37 95 4
37 99 2
37 100 4
38 45 4
38 46 1
38 47 1
38 48 2
38 52 3
38 56 3
38 59 2
38 60 1
38 65 2
38 66 3
38 67 3
38 73 4
38 77 4
38 78 2
38 79 1
38 81 2
38 84 4
38 85 1
38 86 3
38 87 2
38 92 1
38 93 3
38 94 2
38 95 1
38 96 3
38 97 3
39 41 1
39 42 1
39 48 3
39 52 4
39 53 4
39 54 1
39 55 4
39 56 2
39 60 2
39 65 2
39 66 2
39 67 3
39 72 3
39 73 3
39 75 4
39 77 1
39 80 2
39 81 2
39 82 1
39 83 4
39 85 2
39 89 4
39 91 4
39 92 4
39 94 2
39 96 4
39 97 1
40 41 1
40 42 2
40 43 3
40 44 3
40 45 3
40 46 1
40 47 3
40 50 4
40 51 3
40 53 3
40 54 1
40 58 4
40 59 1
40 61 3
40 64 1
40 65 1
40 72 4
40 73 3
40 76 4
40 78 2
40 81 1
40 82 2
40 87 2
40 91 4
40 93 2
40 95 2
40 96 4
40 97 3
40 99 4
40 100 1
41 42 1
41 43 2
41 45 3
41 47 4
41 50 4
41 54 1
41 57 3
41 60 4
41 62 3
41 63 2
41 69 2
41 70 2
41 71 1
41 73 1
41 79 1
41 81 3
41 82 2
41 83 4
41 86 3
41 89 3
41 90 1
41 94 2
41 96 2
41 98 2
41 100 2
42 48 2
42 51 4
42 53 1
42 58 3
42 60 3
42 63 4
42 67 3
42 68 4
42 72 1
42 75 2
42 85 1
42 87 2
42 91 3
42 95 1
42 96 4
43 48 3
43 54 1
43 55 2
43 56 4
43 59 4
43 60 2
43 63 3
43 69 4
43 72 2
43 73 4
43 76 2
43 79 3
43 82 3
43 84 2
43 86 4
43 87 1
43 89 1
43 90 1
43 94 4
43 95 1
43 97 1
44 45 2
44 46 2
44 47 3
44 51 4
44 52 4
44 53 1
44 57 3
44 58 4
44 59 2
44 61 4
44 62 2
44 74 2
44 75 3
44 76 2
44 79 3
44 82 1
44 86 4
44 87 4
44 89 4
44 91 2
44 92 2
44 98 3
45 46 1
45 51 2
45 52 4
45 59 3
45 62 4
45 65 2
45 70 1
45 71 1
45 77 3
45 79 2
45 86 3
45 87 4
45 90 2
45 91 4
45 92 4
45 93 2
45 94 2
45 95 4
46 49 1
46 53 4
46 54 2
46 57 1
46 58 3
46 61 1
46 63 4
46 68 2
46 71 3
46 76 4
46 77 3
46 81 4
46 82 4
46 83 4
46 86 3
46 89 1
46 90 1
46 97 3
47 56 2
47 57 1
47 59 3
47 62 3
47 64 3
47 65 4
47 69 2
47 72 2
47 79 3
47 83 2
47 96 4
47 97 3
47 98 1
48 50 3
48 59 1
48 61 1
48 62 2
48 67 4
48 69 4
48 73 1
48 74 3
48 75 2
48 76 2
48 77 1
48 81 1
48 83 1
48 86 4
48 88 2
48 89 2
48 92 3
48 99 4
48 100 1
49 50 2
49 51 3
49 53 3
49 54 1
49 57 4
49 58 2
49 59 4
49 60 1
49 61 2
49 66 4
49 67 2
49 68 1
49 70 1
49 71 4
49 73 3
49 74 4
49 75 1
49 79 2
49 86 3
49 87 4
49 88 3
49 95 4
49 96 1
49 97 1
49 100 1
50 51 2
50 57 1
50 58 1
50 60 4
50 61 4
50 62 3
50 64 4
50 65 4
50 69 1
50 72 3
50 73 3
50 74 2
50 76 1
50 77 3
50 80 4
50 81 3
50 85 1
50 88 2
50 97 4
51 52 2
51 54 1
51 55 1
51 56 2
51 58 3
51 59 1
51 64 3
51 65 3
51 66 2
51 67 4
51 71 4
51 73 3
51 77 3
51 80 2
51 81 4
51 87 2
51 89 3
51 95 4
51 96 2
51 98 4
51 100 3
52 56 3
52 57 2
52 60 4
52 61 2
52 62 4
52 64 3
52 65 4
52 66 1
52 67 4
52 68 2
52 70 2
52 71 4
52 73 1
52 78 1
52 82 4
52 88 3
52 89 1
52 90 4
52 92 2
52 95 2
52 100 3
53 57 3
53 59 3
53 60 2
53 61 1
53 65 2
53 66 1
53 67 2
53 68 1
53 69 1
53 71 2
53 74 1
53 77 4
53 78 1
53 83 2
53 84 4
53 88 2
53 89 1
53 91 2
53 93 3
53 94 2
53 99 2
53 100 4
54 58 1
54 60 2
54 61 1
54 62 2
54 63 3
54 66 3
54 67 1
54 68 3
54 70 2
54 72 2
54 73 3
54 78 2
54 83 3
54 86 4
54 88 1
54 89 4
54 91 2
54 93 3
54 95 1
54 100 3
55 56 3
55 59 4
55 61 3
55 66 4
55 67 2
55 69 1
55 72 1
55 76 3
55 78 3
55 81 2
55 83 1
55 85 4
55 89 2
55 91 2
55 95 2
55 98 3
56 57 1
56 58 4
56 60 1
56 65 1
56 66 1
56 67 2
56 71 3
56 73 3
56 74 1
56 78 3
56 81 1
56 82 4
56 84 1
56 86 1
56 87 3
56 88 1
56 90 4
56 98 2
56 99 4
57 59 3
57 60 1
57 61 3
57 63 1
57 64 2
57 66 1
57 74 4
57 75 1
57 77 3
57 79 4
57 83 3
57 90 1
57 100 3
58 62 1
58 63 4
58 69 4
58 70 4
58 71 2
58 72 4
58 73 1
58 74 3
58 76 3
58 80 4
58 82 2
58 84 4
58 85 3
58 86 1
58 89 1
58 90 2
58 92 4
58 93 1
58 94 2
58 96 1
58 97 2
58 98 3
58 99 3
59 63 3
59 64 2
59 65 2
59 66 2
59 68 4
59 69 1
59 73 4
59 76 4
59 77 3
59 80 2
59 82 1
59 85 2
59 87 3
59 88 4
59 89 4
59 90 1
59 92 2
59 93 1
59 96 1
59 97 2
60 62 1
60 64 2
60 71 1
60 72 1
60 73 3
60 74 1
60 75 1
60 77 2
60 79 1
60 82 4
60 83 3
60 86 4
60 91 1
60 99 2
61 62 1
61 64 4
61 65 3
61 69 4
61 70 2
61 71 2
61 73 1
61 74 2
61 77 1
61 78 4
61 83 4
61 85 2
61 91 3
61 94 3
61 95 3
61 97 1
61 98 1
61 99 4
61 100 2
62 63 4
62 65 3
62 66 4
62 67 2
62 73 1
62 74 1
62 82 4
62 83 3
62 85 3
62 87 3
62 88 1
62 89 4
62 91 4
62 94 4
62 95 2
62 96 3
62 99 2
63 64 1
63 65 1
63 70 3
63 71 3
63 73 2
63 80 3
63 82 1
63 87 4
63 91 1
63 94 4
63 95 3
63 96 4
63 98 2
63 99 3
63 100 3
64 67 4
64 70 4
64 71 2
64 72 2
64 74 4
64 75 2
64 78 2
64 80 1
64 81 4
64 82 4
64 83 2
64 87 4
64 88 4
64 91 3
64 93 2
64 95 1
64 97 4
64 99 3
65 74 4
65 75 3
65 76 3
65 78 2
65 88 2
65 91 4
65 96 1
66 67 3
66 69 3
66 70 1
66 72 1
66 75 1
66 78 4
66 79 3
66 80 3
66 81 2
66 84 3
66 85 1
66 86 4
66 89 2
66 90 3
66 93 3
66 96 2
66 97 2
66 98 4
67 72 1
67 73 4
67 80 4
67 82 1
67 83 4
67 85 3
67 86 1
67 89 1
67 92 3
67 98 2
67 100 4
68 69 2
68 73 3
68 74 4
68 76 4
68 77 4
68 78 1
68 80 4
68 82 2
68 83 1
68 86 1
68 89 4
68 90 3
68 96 4
69 72 1
69 73 2
69 74 1
69 75 3
69 79 4
69 83 2
69 92 2
69 93 2
69 95 2
69 96 2
69 99 3
70 71 3
70 74 4
70 75 2
70 76 1
70 78 2
70 81 1
70 84 1
70 91 4
70 92 1
70 93 2
70 95 3
70 97 2
70 99 4
71 74 2
71 75 2
71 82 1
71 83 3
71 87 1
71 89 1
71 90 4
71 91 4
71 93 3
71 95 3
72 74 3
72 75 2
72 76 4
72 78 3
72 80 1
72 82 1
72 86 2
72 87 4
72 90 3
72 91 3
72 95 1
72 96 1
72 97 1
72 100 2
73 74 4
73 76 1
73 78 1
73 80 4
73 85 4
73 86 1
73 91 1
73 92 2
73 93 3
73 94 3
73 95 3
73 98 4
74 75 2
74 76 4
74 79 1
74 86 3
74 90 1
74 91 2
74 94 4
74 95 2
74 96 3
74 99 4
74 100 3
75 76 3
75 79 1
75 80 3
75 81 4
75 82 1
75 86 3
75 87 2
75 91 3
75 94 1
75 95 4
75 97 2
75 98 4
75 100 2
76 79 1
76 82 1
76 84 4
76 86 2
76 87 4
76 91 1
76 92 4
76 94 4
76 100 3
77 78 3
77 83 4
77 86 2
77 91 3
77 92 1
77 94 4
77 96 2
77 98 4
77 100 2
78 79 4
78 82 4
78 83 4
78 87 4
78 88 1
78 89 4
78 90 2
78 91 2
78 94 3
78 95 1
78 96 3
78 97 4
79 82 2
79 83 3
79 87 1
79 94 2
79 97 4
79 100 3
80 81 4
80 85 1
80 86 2
80 88 2
80 89 3
80 91 3
80 92 2
80 93 1
80 97 2
80 99 4
81 84 4
81 88 3
81 89 4
81 90 4
82 84 3
82 87 2
82 92 3
82 93 1
82 98 3
83 84 2
83 86 2
83 88 1
83 89 2
83 90 2
83 93 4
83 96 1
83 98 4
84 87 2
84 88 4
84 90 2
84 91 4
84 95 3
84 98 1
85 86 3
85 88 3
85 89 3
85 90 3
85 91 3
85 93 2
85 95 3
85 96 4
85 98 2
85 100 1
86 87 1
86 88 2
86 89 2
86 91 3
86 96 1
87 90 1
87 95 4
87 97 4
87 98 3
88 91 3
88 94 3
88 95 1
88 96 2
88 97 1
88 99 4
88 100 3
89 92 4
89 94 4
89 96 1
89 98 3
89 99 3
90 91 2
90 93 1
90 95 4
90 96 1
90 97 4
90 100 4
91 94 1
91 98 4
92 93 3
92 95 1
92 98 1
93 95 1
93 96 1
93 97 4
94 100 2
96 100 3
97 99 1
98 100 2
99 100 2
100 2032
1 2 4
1 8 3
1 14 2
1 17 4
1 19 4
1 20 3
1 23 3
1 28 2
1 29 4
1 30 3
1 32 1
1 39 1
1 41 1
1 43 2
1 47 1
1 49 2
1 50 1
1 55 1
1 57 1
1 59 1
1 61 4
1 62 2
1 64 3
1 68 1
1 72 2
1 74 4
1 76 4
1 77 1
1 80 1
1 82 2
1 83 2
1 84 2
1 85 1
1 87 2
1 89 3
1 91 4
1 93 1
1 96 4
1 99 4
1 100 1
2 4 3
2 11 2
2 12 1
2 16 4
2 17 4
2 19 2
2 20 4
2 21 4
2 27 1
2 29 4
2 30 4
2 31 4
2 32 3
2 38 3
2 41 2
2 46 2
2 50 1
2 51 2
2 52 3
2 53 4
2 54 2
2 55 2
2 58 2
2 60 2
2 61 1
2 66 1
2 68 4
2 71 4
2 72 2
2 73 2
2 77 2
2 81 1
2 82 4
2 83 1
2 87 1
2 91 3
2 94 2
2 95 2
2 96 1
2 97 3
2 100 1
3 5 3
3 9 3
3 14 2
3 15 1
3 17 3
3 18 2
3 19 3
3 20 3
3 24 2
3 25 3
3 26 1
3 31 2
3 33 2
3 34 4
3 36 4
3 37 3
3 38 2
3 42 4
3 43 3
3 44 4
3 45 1
3 48 2
3 50 1
3 51 1
3 57 3
3 58 1
3 59 4
3 63 1
3 66 4
3 67 1
3 69 1
3 72 2
3 75 2
3 83 4
3 91 2
3 92 3
3 93 2
3 97 3
3 98 3
3 100 2
4 6 2
4 7 1
4 8 1
4 9 4
4 10 4
4 12 2
4 15 3
4 16 2
4 17 3
4 19 3
4 20 4
4 26 3
4 28 4
4 31 1
4 34 1
4 37 4
4 44 1
4 45 2
4 46 3
4 47 2
4 48 2
4 50 3
4 51 3
4 52 3
4 55 3
4 57 1
4 58 4
4 68 3
4 70 3
4 71 2
4 72 1
4 74 1
4 81 2
4 82 2
4 92 1
4 95 1
4 97 3
4 99 3
4 100 2
5 7 3
5 8 4
5 9 1
5 11 2
5 12 3
5 14 4
5 15 2
5 16 3
5 19 4
5 21 4
5 22 1
5 26 2
5 30 3
5 33 4
5 34 1
5 36 1
5 40 1
5 43 4
5 46 4
5 48 3
5 49 2
5 53 3
5 56 1
5 57 3
5 58 3
5 59 3
5 65 1
5 66 4
5 68 2
5 69 3
5 71 3
5 74 3
5 77 4
5 80 3
5 81 2
5 85 2
5 87 1
5 88 2
5 91 2
5 92 1
5 93 4
5 94 1
5 95 2
5 96 4
5 97 4
5 98 1
5 99 3
6 7 3
6 10 1
6 11 3
6 13 2
6 17 1
6 18 4
6 21 4
6 22 2
6 25 1
6 27 4
6 31 4
6 40 3
6 44 3
6 45 2
6 50 4
6 51 2
6 52 1
6 55 2
6 58 2
6 63 3
6 65 4
6 70 4
6 71 3
6 72 3
6 73 2
6 78 3
6 80 1
6 81 2
6 83 4
6 85 3
6 86 1
6 90 4
6 91 2
6 96 3
6 100 4
7 11 2
7 13 4
7 17 1
7 22 2
7 23 1
7 25 4
7 26 1
7 28 3
7 33 4
7 36 3
7 37 4
7 38 4
7 39 3
7 41 2
7 42 2
7 44 2
7 48 2
7 53 4
7 55 4
7 57 3
7 58 3
7 63 2
7 65 1
7 68 3
7 69 3
7 70 1
7 71 4
7 75 1
7 77 2
7 78 3
7 79 2
7 80 1
7 81 2
7 82 4
7 84 1
7 85 2
7 86 3
7 91 2
7 92 1
7 93 1
7 97 1
8 12 2
8 13 1
8 14 1
8 19 3
8 21 3
8 24 3
8 25 2
8 26 4
8 29 4
8 32 2
8 40 2
8 41 3
8 42 2
8 45 4
8 46 2
8 48 4
8 50 2
8 51 2
8 52 2
8 53 2
8 58 4
8 66 1
8 73 2
8 77 4
8 80 3
8 82 4
8 83 1
8 85 4
8 86 2
8 87 2
8 88 4
8 90 1
8 91 4
8 93 2
8 96 3
8 98 2
8 99 1
9 10 4
9 11 1
9 16 2
9 17 4
9 20 3
9 22 1
9 24 2
9 28 1
9 30 2
9 36 1
9 37 2
9 40 4
9 44 4
9 45 3
9 50 3
9 56 1
9 57 3
9 59 1
9 60 2
9 69 1
9 77 3
9 81 3
9 83 4
9 85 3
9 88 1
9 89 2
9 96 2
10 12 2
10 13 2
10 14 3
10 16 4
10 17 3
10 18 1
10 19 3
10 20 1
10 22 4
10 23 4
10 25 2
10 30 1
10 32 2
10 36 4
10 39 3
10 40 3
10 41 1
10 50 1
10 51 2
10 52 1
10 55 3
10 60 4
10 72 3
10 75 1
10 78 2
10 84 1
10 85 1
10 88 3
10 91 4
10 93 3
10 95 4
10 98 1
10 99 3
11 13 4
11 16 3
11 18 4
11 24 1
11 25 4
11 29 3
11 40 4
11 43 4
11 44 3
11 47 4
11 49 3
11 50 4
11 51 3
11 56 4
11 57 1
11 59 1
11 60 2
11 61 3
11 65 2
11 69 4
11 70 4
11 71 2
11 72 3
11 74 2
11 75 2
11 79 3
11 82 3
11 90 1
11 93 1
11 94 4
11 99 3
12 16 2
12 20 3
12 21 1
12 24 3
12 30 1
12 31 3
12 36 3
12 38 1
12 39 4
12 40 4
12 42 2
12 43 1
12 44 3
12 46 2
12 49 1
12 55 4
12 59 4
12 63 3
12 64 3
12 66 1
12 67 2
12 68 2
12 80 1
12 83 3
12 85 1
12 88 2
12 94 4
13 15 2
13 16 2
13 18 4
13 19 1
13 21 1
13 24 1
13 25 1
13 26 4
13 27 4
13 28 4
13 29 4
13 31 2
13 33 1
13 34 3
13 35 3
13 37 4
13 39 2
13 40 3
13 42 1
13 46 2
13 50 4
13 51 1
13 54 4
13 55 4
13 56 2
13 58 1
13 63 1
13 66 2
13 68 4
13 70 1
13 71 3
13 72 2
13 73 3
13 77 2
13 79 1
13 80 3
13 81 3
13 82 2
13 84 3
13 86 2
13 87 3
13 88 3
13 91 2
13 92 2
13 94 1
13 95 4
13 98 4
14 15 2
14 19 2
14 20 4
14 22 4
14 26 4
14 27 4
14 30 2
14 33 1
14 38 3
14 42 2
14 44 4
14 46 3
14 48 1
14 49 3
14 55 3
14 57 1
14 58 1
14 63 4
14 68 2
14 69 2
14 71 2
14 72 1
14 73 4
14 77 1
14 78 2
14 79 1
14 80 4
14 83 1
14 84 4
14 85 4
14 89 3
14 90 1
14 94 4
14 99 3
14 100 1
15 19 2
15 20 2
15 21 3
15 22 1
15 23 1
15 24 3
15 25 4
15 31 2
15 33 3
15 36 1
15 38 1
15 41 1
15 43 3
15 44 1
15 46 4
15 51 3
15 59 3
15 61 2
15 66 2
15 67 1
15 68 1
15 69 3
15 73 1
15 76 2
15 79 1
15 81 3
15 86 1
15 89 1
15 90 4
15 91 4
15 92 2
15 95 4
15 99 4
16 17 4
16 23 1
16 26 2
16 33 2
16 35 4
16 43 3
16 44 1
16 46 4
16 48 4
16 50 3
16 51 1
16 52 2
16 53 4
16 54 1
16 58 1
16 62 1
16 63 1
16 64 1
16 65 4
16 69 1
16 72 3
16 75 1
16 76 3
16 80 3
16 82 4
16 83 3
16 84 4
16 85 1
16 89 2
16 93 1
16 94 2
16 95 4
16 96 3
16 100 3
17 20 3
17 21 4
17 22 3
17 26 1
17 29 3
17 32 1
17 36 3
17 38 1
17 40 3
17 41 1
17 45 2
17 47 1
17 48 2
17 50 2
17 52 3
17 53 3
17 58 3
17 60 2
17 61 3
17 63 4
17 65 2
17 67 1
17 69 1
17 72 3
17 73 4
17 76 1
17 79 4
17 80 4
17 83 1
17 84 4
17 86 3
17 87 2
17 93 3
17 97 2
17 99 4
18 22 3
18 23 4
18 24 2
18 26 2
18 27 4
18 28 2
18 30 3
18 32 4
18 38 1
18 39 2
18 41 2
18 44 4
18 46 2
18 51 2
18 54 2
18 55 1
18 60 3
18 64 2
18 65 2
18 67 1
18 68 1
18 69 3
18 78 1
18 81 3
18 82 3
18 84 3
18 86 1
18 90 2
18 91 3
18 94 3
18 95 1
18 96 4
18 98 3
19 28 4
19 30 2
19 33 4
19 34 4
19 40 3
19 46 2
19 50 2
19 51 4
19 52 3
19 53 3
19 54 2
19 55 4
19 56 3
19 61 1
19 62 2
19 64 2
19 70 2
19 72 4
19 73 1
19 74 1
19 79 1
19 80 4
19 86 3
19 90 3
19 91 2
19 92 2
19 95 4
19 96 1
19 99 1
19 100 2
20 24 2
20 26 3
20 30 4
20 32 3
20 35 1
20 39 1
20 46 4
20 48 2
20 51 3
20 53 2
20 55 4
20 56 1
20 59 4
20 60 3
20 64 2
20 68 2
20 69 4
20 71 1
20 74 2
20 75 4
20 78 1
20 80 2
20 81 3
20 83 4
20 84 3
20 85 3
20 86 4
20 87 3
20 88 1
20 92 2
20 93 1
20 94 1
20 98 2
20 100 1
21 23 4
21 28 2
21 32 2
21 34 1
21 36 1
21 37 2
21 41 4
21 42 2
21 43 3
21 44 1
21 45 3
21 49 1
21 50 3
21 55 3
21 63 3
21 64 2
21 65 1
21 68 3
21 69 2
21 70 1
21 74 1
21 81 2
21 86 2
21 87 1
21 88 4
21 90 2
21 92 3
21 93 2
21 95 3
21 99 3
22 24 3
22 25 4
22 26 4
22 29 1
22 35 4
22 41 1
22 45 1
22 46 3
22 48 3
22 50 1
22 51 4
22 54 3
22 58 2
22 63 4
22 65 2
22 68 4
22 69 2
22 75 3
22 78 4
22 79 3
22 80 1
22 84 1
22 85 4
22 87 3
22 88 3
22 90 2
22 92 2
22 96 3
22 99 2
23 25 4
23 26 4
23 31 3
23 32 3
23 34 4
23 35 2
23 36 4
23 43 2
23 47 4
23 49 1
23 54 3
23 57 3
23 66 3
23 67 3
23 68 2
23 69 3
23 72 3
23 74 3
23 77 3
23 80 1
23 82 4
23 84 4
23 87 2
23 89 1
23 97 3
24 28 4
24 29 3
24 31 1
24 37 3
24 39 1
24 40 2
24 42 1
24 44 4
24 48 4
24 49 3
24 50 4
24 51 4
24 54 4
24 58 2
24 59 1
24 60 1
24 63 3
24 64 4
24 68 1
24 69 3
24 73 4
24 83 3
24 85 2
24 88 4
24 90 1
24 92 1
24 95 3
24 96 3
25 26 3
25 27 3
25 31 1
25 33 4
25 37 1
25 40 3
25 41 3
25 42 1
25 44 3
25 45 3
25 46 3
25 48 2
25 50 1
25 54 3
25 56 3
25 58 3
25 60 4
25 62 4
25 64 2
25 65 3
25 66 2
25 67 2
25 69 2
25 70 4
25 75 1
25 76 1
25 77 1
25 82 2
25 86 3
25 87 2
25 89 1
25 91 3
25 92 1
25 93 1
25 95 4
25 96 2
25 97 4
25 99 1
26 28 2
26 29 3
26 30 2
26 31 4
26 32 2
26 33 4
26 35 3
26 36 2
26 37 1
26 42 3
26 44 1
26 45 3
26 47 2
26 48 4
26 49 1
26 50 2
26 51 2
26 52 1
26 54 1
26 56 1
26 57 3
26 58 3
26 60 3
26 65 2
26 67 3
26 68 1
26 69 4
26 74 3
26 76 2
26 81 2
26 82 3
26 84 2
26 88 1
26 94 1
26 96 3
26 97 2
27 30 1
27 31 1
27 33 4
27 34 4
27 37 2
27 38 2
27 39 4
27 41 2
27 42 4
27 43 2
27 45 1
27 47 1
27 48 1
27 49 2
27 54 3
27 57 4
27 59 3
27 63 4
27 65 3
27 68 2
27 69 4
27 70 3
27 71 2
27 74 4
27 77 1
27 78 2
27 83 1
27 84 3
27 85 4
27 86 4
27 88 2
27 89 1
27 90 2
27 92 4
27 96 4
27 97 1
27 98 1
27 100 2
28 36 2
28 40 1
28 41 1
28 46 2
28 47 3
28 49 2
28 50 2
28 62 1
28 63 2
28 67 1
28 68 1
28 72 3
28 74 2
28 75 4
28 78 2
28 80 1
28 87 3
28 91 2
28 92 1
28 94 4
28 95 4
28 97 1
28 98 4
28 99 3
29 30 1
29 33 2
29 34 2
29 37 2
29 39 3
29 40 4
29 42 2
29 46 4
29 48 3
29 49 2
29 52 2
29 56 4
29 64 2
29 66 1
29 68 2
29 70 2
29 71 4
29 72 3
29 74 1
29 80 3
29 84 3
29 85 2
29 90 2
29 95 4
29 96 1
30 32 4
30 34 1
30 35 1
30 39 4
30 42 3
30 43 4
30 44 4
30 48 2
30 51 3
30 53 2
30 55 2
30 61 3
30 62 1
30 63 1
30 66 4
30 69 4
30 73 1
30 75 1
30 79 3
30 82 4
30 83 1
30 84 2
30 87 3
30 89 1
30 95 4
30 96 3
30 100 4
31 34 4
31 36 2
31 38 4
31 39 3
31 41 3
31 47 1
31 48 3
31 53 2
31 55 1
31 58 1
31 60 1
31 62 3
31 63 3
31 64 4
31 67 2
31 69 1
31 70 4
31 71 2
31 72 3
31 75 2
31 76 2
31 77 4
31 78 1
31 82 2
31 84 4
31 87 4
31 90 1
31 91 1
31 93 3
31 95 4
31 97 1
31 98 1
32 35 1
32 36 1
32 39 3
32 45 4
32 48 2
32 49 3
32 50 4
32 52 4
32 56 4
32 60 4
32 64 3
32 65 4
32 66 2
32 67 4
32 71 4
32 78 1
32 87 1
32 92 1
32 95 2
32 96 3
32 98 1
32 99 3
32 100 4
33 34 3
33 38 4
33 39 1
33 44 2
33 45 2
33 50 2
33 53 2
33 55 2
33 56 1
33 57 1
33 62 3
33 63 2
33 64 2
33 65 3
33 71 1
33 76 1
33 83 1
33 85 4
33 86 4
33 89 2
33 92 2
33 93 3
33 94 1
33 95 2
34 37 1
34 41 3
34 43 2
34 46 2
34 49 2
34 51 4
34 53 1
34 58 4
34 60 1
34 62 3
34 65 2
34 67 3
34 68 4
34 71 3
34 78 2
34 80 3
34 83 2
34 85 3
34 88 4
34 90 3
34 91 2
34 94 2
34 96 2
34 97 1
34 98 3
34 99 4
35 40 4
35 41 4
35 43 4
35 44 4
35 47 2
35 50 3
35 51 2
35 52 1
35 54 2
35 55 3
35 60 1
35 62 2
35 66 3
35 68 4
35 69 2
35 71 1
35 72 3
35 74 2
35 82 2
35 84 4
35 94 3
35 96 4
35 97 4
35 100 1
36 37 4
36 39 1
36 40 2
36 41 1
36 42 1
36 44 3
36 46 4
36 47 4
36 49 2
36 52 2
36 55 3
36 61 4
36 62 2
36 63 3
36 64 2
36 66 1
36 71 3
36 72 1
36 77 3
36 80 2
36 81 2
36 84 1
36 85 1
36 86 4
36 88 4
36 90 1
36 91 4
36 94 3
36 95 3
36 99 2
37 38 1
37 39 2
37 42 4
37 43 3
37 44 3
37 46 4
37 47 3
37 54 2
37 59 2
37 60 1
37 62 1
37 63 2
37 64 3
37 67 4
37 70 3
37 73 2
37 77 1
37 80 4
37 82 3
37 91 1
37 93 1
37 96 4
37 99 3
38 39 1
38 40 2
38 42 3
38 48 3
38 49 1
38 52 2
38 54 2
38 58 4
38 59 2
38 61 1
38 63 2
38 68 3
38 70 3
38 72 3
38 77 4
38 81 3
38 82 1
38 85 1
38 86 2
38 87 3
38 88 1
38 90 3
38 92 3
38 94 2
38 96 3
38 99 3
39 40 1
39 43 1
39 55 4
39 59 1
39 60 4
39 63 2
39 69 1
39 70 4
39 71 1
39 79 4
39 80 4
39 81 4
39 82 3
39 83 3
39 85 2
39 89 3
39 90 2
39 91 1
39 99 2
40 41 1
40 42 4
40 43 3
40 44 4
40 45 1
40 50 3
40 51 1
40 59 1
40 64 4
40 65 2
40 67 3
40 68 3
40 69 2
40 70 3
40 72 1
40 73 4
40 74 2
40 76 2
40 77 1
40 81 3
40 86 2
40 88 2
40 90 2
40 92 4
40 94 1
40 95 3
40 96 2
40 98 3
40 99 2
40 100 1
41 43 2
41 44 2
41 46 4
41 50 2
41 53 1
41 55 1
41 66 2
41 69 2
41 70 1
41 81 2
41 82 3
41 83 4
41 84 2
41 85 1
41 89 3
41 93 2
41 94 3
41 95 2
41 96 2
41 98 4
41 99 3
41 100 2
42 43 1
42 46 1
42 47 4
42 48 1
42 49 1
42 50 4
42 52 4
42 53 1
42 54 4
42 56 2
42 58 1
42 60 4
42 63 4
42 64 2
42 66 1
42 67 2
42 69 3
42 71 2
42 74 3
42 75 3
42 76 3
42 78 3
42 79 3
42 82 2
42 85 3
42 86 1
42 89 3
42 90 2
42 91 3
42 92 4
42 93 2
42 94 4
42 95 1
42 97 4
42 98 4
43 44 4
43 45 1
43 46 2
43 49 1
43 50 2
43 51 1
43 52 4
43 53 2
43 54 2
43 55 1
43 59 2
43 61 4
43 62 2
43 63 3
43 64 1
43 65 3
43 67 3
43 68 3
43 70 2
43 71 1
43 72 4
43 74 1
43 75 4
43 76 2
43 77 2
43 78 4
43 80 2
43 84 1
43 86 3
43 91 1
43 93 2
43 94 1
43 95 3
43 96 4
43 97 3
43 100 3
44 46 2
44 48 1
44 49 2
44 51 4
44 52 2
44 53 3
44 55 4
44 57 3
44 58 3
44 59 1
44 61 1
44 66 3
44 67 4
44 69 2
44 70 2
44 73 1
44 77 2
44 79 2
44 80 4
44 85 1
44 87 4
44 88 2
44 90 3
44 91 1
44 93 2
44 95 4
44 96 2
44 97 1
44 98 4
45 46 2
45 49 3
45 50 3
45 52 1
45 53 2
45 54 3
45 55 1
45 56 3
45 60 3
45 62 2
45 66 4
45 67 1
45 68 1
45 71 2
45 76 2
45 77 4
45 82 1
45 84 4
45 87 3
45 90 4
45 91 4
45 92 1
45 95 1
45 97 4
45 99 4
46 56 4
46 57 1
46 58 1
46 59 3
46 60 3
46 64 4
46 68 1
46 70 4
46 73 4
46 76 3
46 77 4
46 80 2
46 82 1
46 86 4
46 89 4
46 92 4
46 97 1
46 100 1
47 51 3
47 55 2
47 59 3
47 60 3
47 62 1
47 63 4
47 65 2
47 67 2
47 70 2
47 71 4
47 75 3
47 76 4
47 77 3
47 79 2
47 82 4
47 86 3
47 92 2
47 94 1
47 96 4
48 49 4
48 50 2
48 51 1
48 52 4
48 54 2
48 57 2
48 58 3
48 59 1
48 61 1
48 64 1
48 65 4
48 66 1
48 69 2
48 70 3
48 71 4
48 77 4
48 84 1
48 85 4
48 91 3
48 96 3
48 98 3
48 99 4
48 100 3
49 52 3
49 54 4
49 55 4
49 59 4
49 60 2
49 62 3
49 71 2
49 77 3
49 78 4
49 79 2
49 83 1
49 88 3
49 92 1
49 94 1
49 96 4
49 97 2
49 98 3
50 51 1
50 52 3
50 53 4
50 60 4
50 66 4
50 69 3
50 71 3
50 72 1
50 75 4
50 77 3
50 78 4
50 86 2
50 91 3
50 93 4
50 94 2
50 100 1
51 54 1
51 55 2
51 56 1
51 59 3
51 63 1
51 67 3
51 68 1
51 69 2
51 70 4
51 71 1
51 75 1
51 76 3
51 79 4
51 89 4
51 90 4
51 91 4
51 97 1
51 99 2
51 100 2
52 54 4
52 56 2
52 58 2
52 59 1
52 62 1
52 64 3
52 66 4
52 77 2
52 79 2
52 80 2
52 81 1
52 86 2
52 87 4
52 90 3
52 93 2
52 94 2
52 96 1
52 97 4
52 98 1
53 54 4
53 57 4
53 58 1
53 60 4
53 61 3
53 62 3
53 64 4
53 65 2
53 66 3
53 67 4
53 68 2
53 76 4
53 77 4
53 79 2
53 82 4
53 84 4
53 87 4
53 88 1
53 93 4
53 95 1
53 96 3
53 97 3
53 98 1
53 99 4
54 55 3
54 56 2
54 57 1
54 59 4
54 60 2
54 63 2
54 67 2
54 68 2
54 70 4
54 71 2
54 72 4
54 73 1
54 74 2
54 76 1
54 77 3
54 82 4
54 84 2
54 88 1
54 89 3
54 90 4
54 91 1
54 92 4
54 94 2
54 95 2
55 57 1
55 60 1
55 61 4
55 66 2
55 68 1
55 69 1
55 73 2
55 75 2
55 82 3
55 83 2
55 86 2
55 88 3
55 89 3
55 90 3
55 93 4
55 97 4
55 100 1
56 58 3
56 60 1
56 63 2
56 64 4
56 66 1
56 68 2
56 70 4
56 74 3
56 75 3
56 76 3
56 79 1
56 80 1
56 85 4
56 89 2
56 90 3
56 93 4
56 96 4
56 97 2
56 99 1
57 60 3
57 63 4
57 65 3
57 67 2
57 71 1
57 76 2
57 78 2
57 80 4
57 81 4
57 88 3
57 89 4
57 90 1
57 93 1
57 96 1
57 99 4
57 100 2
58 59 3
58 60 4
58 67 4
58 69 4
58 70 1
58 72 4
58 77 2
58 80 2
58 81 2
58 82 3
58 83 2
58 86 4
58 87 2
58 89 2
58 92 1
58 95 3
58 98 3
58 99 3
58 100 4
59 60 3
59 61 4
59 64 4
59 66 2
59 68 4
59 69 2
59 71 1
59 72 3
59 76 3
59 79 1
59 80 2
59 82 3
59 83 2
59 84 4
59 86 4
59 87 1
59 88 4
59 90 4
59 98 3
59 99 3
60 62 2
60 63 4
60 64 1
60 67 4
60 68 3
60 69 4
60 70 3
60 75 4
60 77 2
60 78 3
60 79 3
60 83 4
60 85 1
60 90 3
60 95 1
60 96 3
60 97 4
60 98 4
60 100 4
61 66 3
61 69 3
61 75 1
61 76 3
61 79 2
61 85 4
61 87 1
61 88 3
61 89 3
61 90 4
61 97 1
61 99 4
61 100 1
62 63 2
62 64 1
62 71 1
62 75 3
62 76 4
62 77 2
62 78 4
62 79 3
62 81 3
62 82 1
62 83 4
62 85 4
62 87 1
62 89 1
62 90 2
62 93 1
62 97 4
62 98 4
62 99 4
63 64 3
63 68 4
63 71 3
63 81 3
63 85 1
63 86 1
63 87 3
63 88 2
63 89 4
63 90 2
63 95 2
63 99 3
63 100 3
64 65 4
64 68 4
64 69 4
64 71 3
64 73 4
64 74 2
64 77 1
64 80 3
64 82 2
64 84 4
64 86 2
64 92 4
64 93 4
64 94 3
64 95 3
65 66 1
65 69 3
65 70 3
65 72 4
65 73 1
65 74 3
65 75 2
65 77 3
65 78 1
65 82 1
65 84 1
65 85 2
65 88 3
65 93 4
65 94 1
65 96 4
66 67 3
66 69 1
66 70 3
66 71 4
66 73 1
66 79 3
66 82 2
66 83 4
66 84 2
66 86 2
66 87 4
66 90 4
66 96 3
66 97 1
66 100 1
67 73 3
67 82 2
67 83 2
67 84 2
67 86 2
67 89 2
67 95 4
67 100 4
68 71 3
68 73 2
68 74 1
68 75 3
68 78 3
68 79 4
68 81 4
68 87 2
68 89 1
68 90 3
68 93 2
68 96 4
68 97 3
69 70 3
69 73 2
69 75 3
69 81 1
69 83 1
69 85 1
69 86 1
69 87 2
69 92 1
69 94 3
69 96 1
69 97 4
69 98 1
69 99 4
69 100 3
70 73 2
70 75 3
70 77 1
70 79 4
70 81 4
70 85 2
70 86 3
70 88 3
70 91 1
70 94 3
70 97 4
71 72 2
71 73 4
71 75 1
71 76 4
71 82 1
71 83 1
71 84 2
71 85 4
71 87 2
71 94 1
72 76 4
72 77 4
72 79 2
72 80 1
72 81 1
72 89 1
72 92 1
72 94 4
72 97 2
73 74 3
73 75 1
73 77 3
73 79 1
73 80 4
73 81 3
73 82 4
73 85 2
73 92 3
73 94 4
73 95 3
73 97 3
74 75 4
74 79 1
74 80 3
74 81 4
74 85 3
74 87 3
74 89 2
74 93 1
74 95 3
74 96 2
75 79 2
75 80 4
75 81 3
75 82 1
75 84 3
75 85 3
75 90 2
75 91 3
75 94 4
75 95 1
75 97 3
75 98 1
75 99 3
75 100 2
76 78 3
76 80 4
76 83 1
76 87 3
76 89 4
76 91 1
76 92 3
76 93 3
77 78 3
77 80 3
77 82 4
77 83 4
77 84 1
77 85 3
77 86 2
77 87 3
77 89 4
77 91 2
77 94 1
77 98 1
77 99 4
78 80 1
78 87 2
78 89 3
78 94 1
78 96 4
79 83 3
79 87 4
79 88 3
79 89 2
79 90 4
79 92 2
79 93 1
79 95 4
79 96 3
79 98 2
79 100 4
80 81 4
80 82 2
80 83 4
80 84 1
80 86 1
80 87 3
80 92 4
80 94 3
80 96 4
80 97 2
81 84 2
81 85 3
81 87 2
81 91 2
81 94 2
81 96 1
81 98 4
81 99 2
82 84 3
82 85 3
82 87 4
82 91 3
82 92 2
82 94 3
82 97 2
82 98 4
83 85 3
83 88 1
83 89 3
83 92 2
83 93 3
83 95 3
84 88 1
84 89 3
84 90 4
84 91 1
84 94 3
84 99 1
84 100 4
85 87 4
85 88 2
85 89 4
85 90 4
85 91 1
85 92 2
85 95 1
85 96 2
85 98 1
85 99 4
86 87 1
86 91 3
86 92 3
86 95 3
86 100 2
87 89 3
87 90 3
87 91 2
87 96 3
87 98 2
88 92 4
88 94 2
88 95 4
88 98 3
88 99 4
89 90 3
89 93 4
89 95 4
89 96 2
89 99 4
90 95 2
90 99 3
91 93 3
91 95 4
91 98 4
91 99 2
91 100 3
92 93 3
92 95 2
92 97 1
93 96 3
93 99 3
95 97 3
95 99 3
96 98 1
96 99 1
97 98 3
97 99 4
97 100 3
98 99 4
98 100 3
100 2032
1 2 3
1 4 3
1 5 2
1 6 4
1 8 2
1 10 4
1 12 4
1 13 1
1 14 2
1 16 2
1 18 1
1 20 1
1 24 3
1 33 3
1 34 3
1 35 4
1 36 1
1 37 2
1 40 3
1 41 4
1 42 1
1 43 3
1 45 2
1 46 1
1 47 3
1 49 4
1 53 3
1 55 3
1 60 4
1 64 2
1 66 4
1 67 1
1 69 4
1 70 2
1 72 1
1 73 4
1 74 1
1 76 3
1 77 3
1 82 1
1 85 2
1 87 1
1 88 2
1 89 2
1 93 2
1 96 4
1 97 4
1 98 4
1 99 2
1 100 4
2 7 3
2 8 2
2 12 1
2 13 1
2 14 4
2 15 2
2 19 1
2 21 1
2 22 2
2 23 2
2 24 3
2 25 3
2 26 4
2 28 2
2 29 2
2 32 2
2 33 4
2 34 4
2 36 4
2 37 3
2 41 3
2 43 1
2 44 1
2 48 3
2 50 2
2 51 3
2 52 2
2 55 1
2 56 4
2 57 2
2 58 4
2 61 3
2 63 4
2 64 2
2 67 4
2 70 3
2 74 4
2 77 3
2 79 2
2 83 2
2 87 3
2 92 2
2 93 1
2 96 4
2 100 1
3 5 4
3 7 2
3 22 1
3 27 3
3 28 3
3 29 4
3 30 2
3 32 1
3 33 4
3 34 4
3 35 1
3 37 4
3 38 2
3 46 1
3 47 1
3 48 2
3 50 1
3 51 4
3 54 4
3 56 3
3 57 2
3 64 2
3 68 3
3 69 2
3 70 1
3 71 1
3 74 3
3 80 1
3 82 4
3 83 2
3 86 2
3 87 4
3 88 2
3 89 1
3 92 3
3 93 2
3 94 3
3 95 1
3 96 1
3 97 4
4 5 4
4 6 2
4 14 3
4 16 4
4 18 4
4 19 2
4 23 2
4 33 1
4 35 4
4 39 1
4 40 2
4 41 1
4 42 1
4 43 1
4 50 2
4 52 3
4 55 1
4 56 2
4 57 4
4 60 3
4 61 2
4 64 2
4 65 1
4 70 3
4 72 3
4 75 4
4 78 1
4 83 3
4 85 4
4 87 2
4 89 2
5 6 3
5 7 3
5 8 1
5 9 1
5 11 1
5 13 4
5 14 3
5 15 1
5 18 1
5 20 3
5 22 4
5 24 1
5 28 2
5 30 3
5 36 4
5 40 1
5 41 1
5 46 4
5 47 3
5 48 1
5 49 3
5 56 2
5 57 4
5 59 3
5 61 4
5 63 2
5 64 1
5 66 2
5 67 4
5 69 1
5 70 1
5 74 3
5 75 4
5 76 3
5 82 1
5 83 2
5 84 1
5 86 2
5 90 3
5 91 1
5 93 2
5 94 1
5 96 3
5 97 1
5 99 2
6 10 1
6 11 2
6 14 2
6 19 3
6 20 4
6 21 2
6 22 2
6 23 1
6 24 1
6 25 3
6 30 2
6 34 2
6 35 2
6 37 1
6 40 4
6 41 4
6 42 3
6 43 3
6 45 3
6 49 2
6 50 1
6 54 3
6 55 4
6 58 3
6 60 4
6 61 2
6 62 4
6 63 3
6 66 4
6 67 3
6 69 3
6 70 2
6 72 1
6 75 3
6 76 2
6 78 3
6 79 3
6 86 4
6 87 3
6 88 2
6 93 2
6 94 1
6 95 3
6 96 1
6 98 4
6 99 1
6 100 4
7 9 2
7 10 4
7 11 1
7 13 1
7 15 1
7 23 3
7 26 4
7 28 3
7 37 3
7 42 4
7 46 2
7 48 4
7 50 3
7 54 1
7 57 1
7 58 4
7 62 2
7 65 4
7 67 2
7 70 4
7 74 4
7 75 3
7 76 4
7 79 3
7 80 1
7 81 1
7 83 4
7 84 3
7 85 3
7 92 2
7 93 4
7 94 3
7 99 3
8 9 4
8 10 4
8 14 4
8 15 3
8 17 3
8 18 1
8 23 4
8 25 4
8 30 4
8 31 3
8 33 3
8 34 4
8 36 4
8 39 3
8 40 2
8 41 3
8 46 4
8 50 4
8 52 1
8 53 4
8 54 2
8 58 3
8 61 1
8 66 3
8 68 3
8 73 3
8 75 4
8 77 4
8 83 3
8 86 2
8 89 1
8 91 4
8 93 1
8 94 1
8 95 4
8 96 2
8 100 4
9 11 2
9 16 4
9 26 1
9 29 3
9 30 1
9 32 4
9 33 1
9 34 3
9 35 3
9 37 4
9 40 4
9 42 3
9 43 2
9 49 1
9 51 1
9 52 1
9 54 2
9 55 1
9 57 3
9 59 2
9 60 2
9 61 2
9 62 3
9 63 1
9 65 4
9 66 3
9 67 2
9 69 2
9 76 2
9 77 4
9 80 3
9 83 3
9 89 3
9 91 2
9 92 2
9 93 1
9 96 4
9 97 3
9 98 2
10 11 1
10 18 1
10 20 2
10 21 3
10 26 2
10 27 1
10 29 1
10 32 4
10 34 3
10 35 2
10 39 4
10 46 3
10 47 2
10 48 3
10 49 2
10 56 1
10 58 3
10 59 2
10 60 4
10 63 3
10 65 4
10 68 1
10 69 4
10 70 1
10 79 1
10 90 2
10 96 4
10 97 3
11 15 2
11 17 4
11 20 1
11 22 2
11 27 3
11 28 1
11 29 4
11 31 3
11 32 1
11 35 1
11 36 4
11 37 4
11 39 2
11 40 2
11 41 3
11 48 3
11 55 3
11 56 3
11 58 4
11 60 4
11 62 4
11 67 2
11 69 1
11 71 2
11 72 1
11 73 4
11 76 4
11 77 3
11 79 1
11 80 3
11 84 2
11 86 4
11 87 1
11 88 3
11 92 1
12 14 1
12 16 1
12 17 4
12 23 1
12 24 2
12 25 1
12 26 1
12 28 3
12 30 4
12 31 2
12 36 1
12 38 2
12 39 3
12 40 3
12 44 4
12 45 4
12 46 4
12 47 1
12 48 4
12 50 1
12 51 1
12 53 4
12 56 1
12 57 2
12 60 3
12 63 4
12 68 3
12 76 3
12 77 1
12 82 2
12 83 3
12 84 3
12 85 2
12 88 4
12 90 1
12 91 3
12 99 4
12 100 4
13 15 4
13 18 3
13 20 1
13 25 2
13 26 4
13 27 1
13 28 4
13 32 3
13 33 1
13 35 4
13 36 3
13 39 2
13 40 1
13 42 2
13 46 3
13 48 4
13 49 3
13 54 4
13 55 2
13 56 1
13 57 1
13 58 4
13 61 4
13 64 2
13 65 2
13 75 1
13 76 1
13 80 4
13 83 4
13 84 4
13 85 2
13 87 4
13 88 3
13 89 4
13 94 3
13 98 4
14 16 2
14 18 1
14 22 3
14 25 4
14 29 3
14 30 3
14 34 2
14 35 3
14 36 4
14 41 1
14 42 4
14 48 4
14 52 4
14 57 2
14 60 1
14 64 3
14 66 3
14 67 3
14 68 1
14 70 3
14 71 4
14 74 2
14 77 2
14 78 4
14 81 3
14 82 3
14 91 4
14 92 3
14 93 1
14 96 4
14 99 1
15 18 4
15 21 1
15 25 4
15 28 1
15 31 1
15 34 3
15 36 3
15 37 2
15 44 1
15 47 2
15 48 2
15 49 4
15 51 3
15 53 1
15 58 4
15 59 4
15 60 1
15 63 2
15 64 1
15 65 2
15 68 2
15 75 3
15 80 3
15 86 3
15 87 3
15 88 3
15 89 4
15 95 1
15 96 1
15 97 3
15 99 1
15 100 2
16 19 1
16 21 1
16 24 3
16 29 4
16 30 3
16 31 3
16 37 3
16 38 1
16 40 1
16 46 4
16 47 1
16 48 1
16 49 1
16 51 2
16 54 4
16 58 3
16 59 2
16 60 2
16 61 4
16 64 4
16 65 4
16 66 1
16 68 2
16 69 2
16 70 3
16 71 2
16 72 1
16 77 1
16 78 2
16 80 3
16 82 4
16 84 2
16 89 2
16 93 4
16 95 2
16 98 2
16 100 4
17 18 4
17 27 2
17 30 2
17 31 3
17 34 1
17 35 4
17 36 2
17 41 1
17 42 2
17 43 2
17 45 1
17 46 4
17 49 2
17 53 1
17 54 2
17 60 1
17 62 2
17 63 4
17 66 3
17 68 2
17 69 3
17 72 1
17 73 3
17 74 4
17 81 4
17 85 1
17 89 3
17 91 2
17 92 4
17 98 2
17 100 2
18 19 1
18 23 1
18 29 2
18 30 2
18 33 1
18 35 2
18 37 4
18 42 2
18 43 4
18 48 1
18 53 4
18 54 4
18 55 2
18 56 3
18 57 3
18 58 1
18 61 4
18 63 2
18 64 4
18 68 1
18 69 3
18 72 3
18 73 3
18 78 2
18 79 3
18 88 2
18 90 1
18 92 1
18 94 3
18 95 2
18 100 4
19 20 4
19 25 2
19 26 2
19 30 1
19 31 1
19 32 3
19 35 2
19 37 1
19 38 1
19 43 1
19 44 3
19 48 1
19 51 2
19 52 4
19 57 1
19 59 4
19 60 2
19 68 4
19 69 2
19 77 1
19 78 4
19 82 3
19 83 2
19 84 3
19 87 4
19 88 3
19 89 3
19 90 4
19 91 1
19 92 3
19 99 4
20 22 4
20 28 3
20 29 4
20 36 3
20 39 4
20 41 3
20 42 2
20 46 1
20 51 2
20 54 1
20 60 3
20 62 3
20 63 2
20 66 4
20 71 3
20 72 1
20 74 2
20 78 4
20 79 1
20 80 2
20 82 3
20 84 2
20 88 2
20 89 4
20 90 2
20 93 2
20 99 1
21 22 4
21 23 2
21 24 2
21 26 4
21 29 4
21 30 4
21 32 3
21 34 2
21 37 1
21 40 1
21 41 4
21 42 1
21 43 1
21 45 1
21 48 4
21 51 4
21 52 3
21 57 1
21 60 1
21 70 4
21 72 2
21 73 2
21 74 2
21 76 2
21 77 3
21 89 4
21 93 2
21 94 1
21 97 2
21 99 3
21 100 4
22 24 4
22 25 2
22 28 1
22 29 4
22 30 2
22 33 2
22 34 1
22 36 1
22 40 1
22 41 3
22 43 4
22 47 3
22 50 4
22 51 1
22 53 4
22 54 4
22 57 3
22 58 1
22 59 3
22 65 3
22 66 4
22 67 4
22 69 3
22 72 2
22 74 3
22 76 1
22 78 1
22 79 4
22 80 4
22 88 4
22 89 2
22 92 1
22 93 3
22 94 2
22 95 2
22 97 4
22 98 4
22 99 3
23 24 3
23 29 4
23 31 3
23 32 3
23 35 3
23 36 2
23 37 1
23 41 1
23 42 3
23 43 1
23 44 1
23 45 1
23 50 4
23 52 3
23 55 1
23 60 2
23 61 2
23 64 3
23 66 3
23 67 4
23 68 2
23 72 4
23 73 2
23 74 3
23 75 2
23 79 4
23 84 3
23 86 4
23 91 1
23 93 2
23 97 1
23 98 1
24 25 2
24 26 3
24 29 4
24 32 4
24 33 1
24 34 4
24 38 2
24 42 3
24 45 2
24 52 3
24 53 2
24 56 2
24 61 1
24 64 4
24 66 3
24 68 2
24 74 3
24 75 2
24 79 2
24 80 3
24 83 2
24 85 3
24 86 4
24 88 4
24 90 1
24 91 4
24 92 1
24 93 1
24 94 1
24 96 3
24 98 3
25 26 1
25 27 2
25 28 4
25 30 3
25 31 2
25 34 1
25 40 4
25 42 1
25 45 2
25 46 2
25 47 4
25 48 1
25 52 1
25 53 3
25 54 3
25 56 2
25 57 3
25 63 4
25 64 3
25 65 4
25 67 1
25 68 3
25 71 2
25 73 2
25 75 2
25 77 1
25 84 3
25 86 1
25 88 3
25 89 2
25 94 3
25 95 3
26 33 1
26 34 4
26 36 2
26 37 2
26 38 4
26 41 1
26 42 2
26 45 1
26 46 3
26 48 3
26 49 4
26 50 3
26 52 4
26 53 3
26 54 2
26 56 3
26 58 2
26 59 4
26 60 3
26 61 4
26 63 3
26 66 2
26 68 3
26 69 3
26 71 2
26 72 3
26 73 4
26 74 4
26 77 2
26 81 2
26 84 4
26 87 4
26 91 2
26 94 4
26 95 2
26 96 4
26 99 1
26 100 2
27 28 1
27 31 1
27 32 2
27 33 4
27 37 2
27 40 4
27 42 3
27 43 1
27 49 4
27 51 1
27 56 1
27 57 4
27 59 3
27 70 3
27 72 1
27 76 2
27 79 2
27 83 4
27 85 2
27 86 2
27 88 1
27 90 1
27 92 2
27 96 4
27 98 1
27 99 2
28 35 2
28 41 4
28 43 4
28 47 3
28 48 3
28 52 2
28 55 1
28 56 2
28 57 2
28 59 2
28 61 1
28 65 3
28 70 2
28 71 2
28 72 4
28 74 1
28 81 1
28 82 4
28 83 4
28 89 4
28 90 3
28 93 1
28 95 2
28 100 4
29 35 1
29 36 4
29 38 3
29 39 1
29 40 2
29 41 1
29 42 3
29 44 4
29 47 1
29 49 3
29 51 2
29 54 3
29 55 2
29 58 3
29 61 4
29 64 2
29 66 4
29 71 2
29 72 4
29 75 4
29 78 3
29 82 2
29 90 2
29 93 4
29 95 2
29 96 4
29 97 2
29 98 4
29 99 3
30 37 1
30 38 1
30 39 4
30 41 4
30 42 3
30 44 4
30 46 2
30 47 4
30 49 2
30 50 1
30 52 3
30 54 1
30 55 2
30 56 3
30 63 1
30 64 2
30 65 3
30 66 2
30 67 2
30 68 4
30 73 1
30 74 3
30 76 1
30 78 1
30 80 1
30 82 2
30 83 2
30 86 3
30 87 2
30 91 4
30 93 2
30 98 4
31 33 1
31 34 2
31 36 1
31 37 1
31 41 1
31 42 2
31 44 2
31 45 3
31 47 1
31 49 3
31 53 2
31 55 2
31 59 3
31 61 4
31 62 2
31 63 4
31 65 3
31 66 4
31 67 1
31 69 4
31 71 1
31 74 2
31 75 1
31 76 2
31 81 1
31 82 2
31 84 2
31 85 4
31 86 3
31 90 2
31 91 1
31 93 4
31 97 2
31 100 2
32 35 1
32 36 4
32 37 2
32 39 4
32 40 4
32 41 4
32 45 4
32 47 2
32 48 2
32 50 1
32 51 2
32 57 1
32 58 2
32 59 4
32 65 2
32 66 1
32 67 3
32 69 2
32 70 2
32 74 3
32 76 3
32 79 4
32 83 3
32 86 3
32 88 3
32 89 1
32 90 3
32 92 3
32 95 1
32 98 2
32 99 3
33 34 1
33 36 1
33 45 3
33 48 2
33 53 4
33 54 3
33 55 4
33 60 2
33 61 3
33 62 3
33 63 3
33 66 2
33 67 4
33 76 2
33 77 4
33 78 4
33 79 3
33 80 4
33 82 2
33 90 3
33 92 2
33 99 2
33 100 2
34 35 2
34 37 2
34 42 2
34 43 4
34 44 2
34 46 2
34 49 1
34 50 1
34 51 1
34 53 1
34 54 4
34 57 1
34 59 1
34 60 1
34 63 2
34 67 3
34 68 3
34 69 3
34 70 2
34 73 2
34 74 4
34 76 2
34 77 3
34 81 3
34 82 4
34 86 2
34 89 3
34 92 1
34 93 3
34 95 3
34 100 4
35 38 1
35 39 2
35 40 1
35 44 4
35 48 3
35 52 1
35 54 4
35 55 1
35 56 4
35 60 2
35 62 4
35 63 2
35 64 4
35 65 4
35 66 1
35 67 3
35 74 3
35 78 1
35 81 4
35 82 1
35 83 1
35 85 4
35 87 1
35 98 3
35 99 1
36 37 2
36 40 1
36 41 4
36 43 4
36 44 4
36 48 1
36 49 1
36 50 2
36 53 4
36 54 2
36 64 3
36 65 3
36 74 3
36 76 2
36 77 2
36 79 2
36 80 3
36 81 3
36 84 2
36 86 4
36 87 1
36 89 4
36 90 4
36 93 3
37 40 3
37 41 2
37 43 3
37 46 3
37 50 1
37 53 3
37 59 2
37 67 4
37 69 2
37 70 3
37 73 2
37 74 2
37 78 3
37 83 2
37 84 2
37 85 1
37 87 4
37 91 3
37 93 4
37 98 3
37 99 4
37 100 4
38 39 1
38 43 1
38 45 1
38 50 3
38 51 1
38 52 2
38 54 4
38 59 4
38 60 4
38 67 1
38 71 3
38 72 3
38 73 2
38 78 4
38 79 4
38 80 2
38 81 1
38 82 1
38 90 3
38 98 1
38 99 4
39 40 1
39 43 4
39 49 1
39 54 3
39 56 3
39 59 2
39 65 1
39 67 2
39 70 3
39 73 1
39 74 4
39 75 1
39 76 3
39 80 3
39 81 3
39 82 3
39 83 1
39 92 1
39 98 3
39 99 2
40 44 1
40 45 4
40 46 3
40 50 3
40 54 3
40 55 3
40 58 4
40 61 2
40 66 2
40 70 1
40 73 4
40 77 2
40 78 2
40 79 2
40 86 2
40 89 3
40 92 1
40 93 3
40 94 4
40 95 4
40 98 3
40 99 4
41 42 3
41 44 4
41 45 1
41 46 2
41 52 2
41 59 3
41 60 4
41 63 1
41 66 1
41 67 4
41 71 3
41 73 2
41 74 3
41 75 1
41 76 3
41 79 1
41 80 4
41 81 4
41 84 4
41 87 2
41 100 2
42 44 1
42 49 3
42 50 1
42 51 1
42 57 2
42 58 1
42 63 1
42 64 2
42 65 3
42 70 3
42 72 1
42 73 2
42 78 1
42 79 2
42 80 1
42 81 4
42 82 4
42 85 2
42 88 1
42 89 3
42 94 4
42 95 2
42 96 1
42 97 4
42 99 1
43 44 1
43 45 4
43 46 4
43 47 2
43 48 4
43 51 4
43 55 1
43 61 4
43 63 4
43 64 3
43 65 1
43 68 2
43 72 3
43 73 4
43 76 1
43 81 3
43 82 2
43 83 2
43 84 4
43 86 1
43 88 2
43 89 2
43 92 1
43 94 4
43 95 3
43 99 3
44 48 3
44 49 2
44 50 1
44 51 1
44 52 4
44 53 3
44 56 4
44 57 3
44 58 1
44 59 3
44 60 3
44 61 2
44 64 1
44 69 2
44 70 2
44 71 1
44 74 4
44 75 3
44 77 2
44 78 4
44 79 3
44 81 3
44 84 1
44 87 4
44 89 3
44 90 4
44 92 2
44 97 2
44 99 2
45 46 3
45 49 4
45 50 4
45 52 2
45 54 1
45 57 3
45 58 3
45 60 3
45 62 2
45 63 3
45 65 3
45 67 4
45 68 4
45 69 3
45 70 4
45 73 2
45 74 2
45 81 2
45 84 1
45 86 1
45 87 1
45 92 4
45 95 2
45 96 2
45 99 2
45 100 4
46 48 2
46 49 2
46 50 3
46 51 1
46 52 2
46 53 3
46 54 2
46 57 3
46 58 4
46 63 1
46 64 2
46 66 3
46 69 3
46 70 2
46 71 1
46 75 2
46 77 4
46 78 4
46 80 2
46 81 4
46 84 2
46 85 3
46 86 3
46 87 2
46 88 2
46 89 3
46 90 2
46 92 1
46 94 1
46 98 1
47 48 4
47 50 4
47 54 2
47 56 3
47 60 1
47 61 3
47 64 2
47 69 2
47 71 1
47 72 3
47 77 4
47 81 1
47 82 4
47 85 3
47 88 1
47 89 2
47 92 4
47 95 1
47 96 3
47 98 2
47 100 2
48 52 4
48 55 1
48 58 2
48 60 3
48 63 4
48 71 3
48 72 2
48 77 3
48 78 1
48 81 1
48 82 4
48 84 4
48 85 1
48 86 1
48 89 3
48 90 2
48 92 1
48 97 1
48 99 1
49 50 2
49 51 2
49 54 2
49 57 1
49 59 3
49 63 4
49 64 4
49 66 4
49 69 1
49 72 1
49 76 4
49 77 3
49 78 1
49 80 1
49 82 3
49 84 4
49 85 1
49 88 2
49 89 4
49 93 4
49 95 2
49 96 4
49 97 3
49 98 2
49 99 2
50 53 1
50 54 1
50 55 4
50 56 1
50 60 3
50 64 4
50 66 2
50 68 4
50 69 4
50 74 4
50 80 4
50 83 1
50 86 3
50 89 1
50 91 2
50 93 3
50 95 2
50 96 1
50 97 2
51 52 2
51 53 4
51 54 4
51 60 3
51 62 3
51 64 3
51 66 2
51 69 1
51 72 1
51 75 2
51 76 1
51 80 4
51 81 4
51 83 2
51 94 3
51 95 4
51 96 4
51 98 1
52 60 4
52 64 3
52 67 3
52 68 1
52 69 3
52 72 1
52 73 3
52 75 4
52 76 4
52 77 3
52 81 2
52 84 1
52 86 2
52 88 4
52 89 4
52 92 2
52 94 1
52 97 4
52 100 4
53 55 3
53 57 2
53 58 2
53 59 2
53 64 1
53 66 4
53 67 1
53 69 3
53 74 4
53 77 1
53 80 2
53 81 4
53 83 2
53 86 4
53 89 1
53 90 4
53 91 4
53 92 1
53 96 3
54 55 3
54 57 1
54 58 3
54 59 4
54 60 4
54 62 1
54 65 2
54 66 2
54 67 2
54 72 4
54 73 3
54 74 3
54 78 2
54 89 2
54 90 4
54 91 2
54 94 2
54 96 2
54 98 3
54 99 4
55 57 2
55 61 2
55 63 2
55 65 4
55 67 2
55 68 4
55 69 3
55 70 2
55 73 3
55 75 2
55 76 3
55 82 1
55 83 3
55 84 1
55 86 1
55 88 2
55 89 1
55 90 2
55 91 1
55 92 2
55 95 3
55 96 3
55 97 2
55 99 3
55 100 1
56 58 4
56 63 4
56 66 1
56 68 2
56 71 1
56 72 1
56 78 3
56 80 4
56 83 1
56 85 3
56 87 3
56 90 2
56 91 3
56 95 1
56 97 1
56 99 3
57 58 1
57 59 3
57 61 2
57 62 1
57 63 4
57 71 3
57 72 3
57 73 4
57 74 4
57 82 2
57 83 3
57 84 3
57 88 3
57 89 3
57 91 1
57 94 1
57 96 1
57 98 3
57 99 4
57 100 4
58 60 4
58 64 1
58 68 3
58 70 1
58 72 4
58 73 3
58 77 1
58 80 3
58 82 4
58 83 2
58 85 1
58 86 4
58 87 3
58 88 2
58 89 4
58 92 4
58 94 1
58 95 4
58 99 2
58 100 2
59 60 4
59 61 1
59 68 4
59 76 3
59 77 4
59 82 2
59 83 4
59 91 2
59 93 1
59 96 2
59 98 1
59 100 1
60 62 3
60 64 2
60 68 4
60 74 1
60 76 2
60 79 1
60 80 1
60 81 4
60 88 1
60 91 4
60 93 3
60 94 3
60 95 2
60 97 4
60 98 3
60 99 4
60 100 3
61 64 1
61 69 4
61 76 4
61 77 3
61 82 3
61 83 2
61 85 4
61 88 3
61 89 3
61 93 2
61 95 2
61 99 1
61 100 1
62 63 4
62 64 1
62 67 3
62 70 4
62 72 1
62 73 4
62 76 1
62 79 3
62 82 2
62 84 3
62 92 2
62 93 1
62 97 1
62 98 1
62 99 2
62 100 3
63 71 3
63 77 2
63 79 4
63 81 2
63 84 2
63 85 2
63 86 1
63 88 4
63 89 1
63 90 4
63 91 2
63 92 2
63 95 2
63 96 2
63 99 3
63 100 3
64 68 3
64 72 4
64 73 4
64 76 4
64 79 3
64 81 4
64 84 3
64 91 3
64 99 1
65 67 1
65 77 4
65 79 4
65 82 1
65 86 3
65 87 4
65 88 3
65 89 1
65 90 2
65 91 2
65 92 2
65 94 2
65 95 1
65 96 3
65 98 3
65 99 2
65 100 2
66 68 1
66 71 3
66 72 4
66 74 3
66 75 4
66 76 2
66 89 3
66 95 1
66 99 3
66 100 2
67 68 1
67 69 2
67 70 2
67 73 2
67 75 1
67 78 4
67 82 1
67 86 4
67 87 4
67 88 4
67 89 4
67 92 4
67 93 4
67 98 3
67 99 1
67 100 3
68 71 2
68 76 3
68 84 2
68 85 4
68 87 3
68 88 4
68 91 4
68 92 4
68 94 4
68 95 1
68 96 3
68 98 1
69 72 1
69 73 4
69 75 1
69 76 4
69 80 3
69 82 4
69 83 4
69 87 2
69 88 1
69 92 2
69 93 3
69 94 3
69 95 3
69 96 1
69 97 1
69 99 2
69 100 4
70 71 2
70 73 4
70 74 2
70 75 3
70 76 4
70 77 4
70 80 4
70 81 4
70 82 4
70 83 4
70 84 1
70 85 1
70 86 2
70 88 4
70 89 1
70 90 2
70 91 3
70 92 4
70 93 2
70 94 3
71 73 2
71 76 2
71 78 4
71 79 4
71 80 2
71 81 3
71 84 1
71 90 3
71 91 3
71 95 1
71 96 4
71 98 3
72 74 4
72 79 2
72 80 3
72 81 2
72 82 2
72 84 4
72 85 3
72 86 2
72 87 2
72 97 2
72 100 1
73 77 3
73 80 4
73 82 1
73 84 4
73 85 2
73 88 4
73 90 1
73 91 1
73 98 1
73 99 2
74 75 4
74 77 4
74 78 1
74 80 2
74 81 2
74 83 3
74 87 2
74 89 1
74 90 4
74 91 3
74 92 4
74 96 4
74 97 4
75 82 3
75 84 1
75 85 1
75 86 3
75 88 3
75 93 2
75 94 4
75 100 3
76 77 3
76 81 2
76 84 3
76 88 3
76 90 4
76 97 1
76 99 1
76 100 4
77 78 2
77 80 1
77 81 3
77 87 2
77 88 2
77 92 2
77 94 2
77 97 1
78 82 4
78 83 3
78 88 3
78 90 1
78 91 2
78 93 3
78 94 2
78 95 3
78 98 3
78 99 3
79 82 1
79 83 1
79 87 2
79 89 2
79 90 1
79 94 1
79 95 3
79 98 3
80 81 4
80 86 3
80 87 1
80 93 1
80 95 4
80 96 3
80 97 3
80 99 1
81 83 1
81 84 4
81 86 3
81 88 3
81 91 4
81 92 1
81 95 1
81 96 3
81 98 4
81 100 3
82 83 2
82 84 1
82 96 2
82 99 2
82 100 3
83 84 2
83 85 1
83 90 3
83 91 3
83 95 1
83 97 3
83 98 4
84 87 3
84 92 1
84 93 4
84 96 3
84 99 3
85 87 4
85 88 2
85 91 4
85 93 3
85 97 4
85 98 4
86 88 3
86 92 3
86 93 4
86 98 4
86 100 1
87 90 1
87 97 4
87 98 3
88 92 4
88 99 1
89 92 2
89 94 1
89 96 3
89 97 4
89 99 1
90 91 4
90 92 2
90 96 1
90 98 2
90 99 2
91 93 3
91 94 4
91 95 1
91 96 4
91 97 2
91 98 2
92 93 1
92 95 3
92 97 3
92 99 3
93 95 4
93 98 4
93 99 2
93 100 1
94 95 3
94 98 3
95 99 4
96 99 2
96 100 3
97 98 1
100 2027
1 5 2
1 7 3
1 13 4
1 14 1
1 15 2
1 19 2
1 20 2
1 21 2
1 27 2
1 29 2
1 31 3
1 32 1
1 35 3
1 37 4
1 43 1
1 50 2
1 53 1
1 55 3
1 64 1
1 65 1
1 67 1
1 70 4
1 73 3
1 75 2
1 78 3
1 80 4
1 82 2
1 84 3
1 90 2
1 94 1
1 97 3
1 99 3
2 4 3
2 8 1
2 13 3
2 16 2
2 18 3
2 19 3
2 20 2
2 23 1
2 24 1
2 29 4
2 34 4
2 35 2
2 39 4
2 44 3
2 50 2
2 51 3
2 53 2
2 56 3
2 61 3
2 62 2
2 64 1
2 67 3
2 74 1
2 76 1
2 77 4
2 79 4
2 84 2
2 86 3
2 90 2
2 97 1
3 5 2
3 6 4
3 10 1
3 11 3
3 13 2
3 14 2
3 15 2
3 18 3
3 20 1
3 23 4
3 24 3
3 26 3
3 27 3
3 29 1
3 32 2
3 35 1
3 41 3
3 45 1
3 46 3
3 47 3
3 48 2
3 52 2
3 57 1
3 61 2
3 64 2
3 66 1
3 70 1
3 72 3
3 74 2
3 84 4
3 85 1
3 87 1
3 91 2
3 92 1
3 99 3
3 100 1
4 10 1
4 11 1
4 13 2
4 14 2
4 16 3
4 17 1
4 18 4
4 21 1
4 28 4
4 29 3
4 31 2
4 32 2
4 33 2
4 34 4
4 43 3
4 44 3
4 45 3
4 47 3
4 48 3
4 49 4
4 52 4
4 53 3
4 55 3
4 56 1
4 58 3
4 59 2
4 64 4
4 73 4
4 74 1
4 75 1
4 76 4
4 77 1
4 78 1
4 79 2
4 80 2
4 82 2
4 84 3
4 85 2
4 87 3
4 91 1
4 92 1
4 95 1
4 98 3
5 7 1
5 8 3
5 9 2
5 11 2
5 14 4
5 16 1
5 22 2
5 30 1
5 33 2
5 35 2
5 37 4
5 39 3
5 41 4
5 44 1
5 45 1
5 47 2
5 51 3
5 54 1
5 56 3
5 58 2
5 59 2
5 62 3
5 65 4
5 70 3
5 73 1
5 75 1
5 76 1
5 77 1
5 78 1
5 79 4
5 80 1
5 81 4
5 82 1
5 84 1
5 88 2
5 89 4
5 91 2
5 92 4
5 93 1
5 94 4
5 97 3
5 100 4
6 7 1
6 9 3
6 11 3
6 13 3
6 14 3
6 18 3
6 20 2
6 22 4
6 23 1
6 25 2
6 27 1
6 28 1
6 31 1
6 33 4
6 34 2
6 36 3
6 37 2
6 39 3
6 43 3
6 45 3
6 46 3
6 47 3
6 48 3
6 50 1
6 56 2
6 57 2
6 58 2
6 59 1
6 61 2
6 63 4
6 69 4
6 73 1
6 79 3
6 80 4
6 82 4
6 84 3
6 89 2
6 93 1
6 96 1
6 98 2
6 100 3
7 8 1
7 9 4
7 10 4
7 15 4
7 16 1
7 17 2
7 19 4
7 20 2
7 21 2
7 23 2
7 30 4
7 33 1
7 38 2
7 44 3
7 46 3
7 48 3
7 52 2
7 54 3
7 56 1
7 60 1
7 62 3
7 64 2
7 65 2
7 68 1
7 71 4
7 72 2
7 75 4
7 78 3
7 80 3
7 85 1
7 86 4
7 87 3
7 88 2
7 89 4
7 90 2
7 93 1
7 99 1
8 9 3
8 13 2
8 15 3
8 19 1
8 20 2
8 21 4
8 24 1
8 25 1
8 26 2
8 27 2
8 28 1
8 33 1
8 36 4
8 41 4
8 44 1
8 47 4
8 48 1
8 50 1
8 54 1
8 60 4
8 62 4
8 71 1
8 72 4
8 77 3
8 78 3
8 82 3
8 84 1
8 86 3
8 88 4
8 89 3
8 93 1
8 95 2
8 97 3
8 98 2
8 99 2
9 13 2
9 14 3
9 15 3
9 20 2
9 24 4
9 25 3
9 27 4
9 28 4
9 30 4
9 34 3
9 38 3
9 39 3
9 44 1
9 45 3
9 48 2
9 49 1
9 52 4
9 54 4
9 56 4
9 58 3
9 64 4
9 65 1
9 66 1
9 69 1
9 72 4
9 73 2
9 74 4
9 77 4
9 80 1
9 82 1
9 84 4
9 89 2
9 93 2
9 94 1
9 96 4
9 97 2
9 98 2
9 99 1
10 14 3
10 15 3
10 21 3
10 22 3
10 23 2
10 24 2
10 26 3
10 31 2
10 36 4
10 37 1
10 38 2
10 39 1
10 40 3
10 45 4
10 48 2
10 53 4
10 54 4
10 57 1
10 76 3
10 77 1
10 78 1
10 79 2
10 82 3
10 83 3
10 85 4
10 87 2
10 88 2
10 92 1
10 94 3
10 95 1
10 96 3
10 99 4
10 100 3
11 14 4
11 15 2
11 18 1
11 20 2
11 22 2
11 23 3
11 25 3
11 30 2
11 36 3
11 37 3
11 39 4
11 40 1
11 42 4
11 44 3
11 46 2
11 51 2
11 52 2
11 55 4
11 56 4
11 57 1
11 60 3
11 64 4
11 68 3
11 72 1
11 75 2
11 77 1
11 78 4
11 81 2
11 82 3
11 83 2
11 84 2
11 85 2
11 89 4
11 93 3
11 95 1
11 99 4
12 13 4
12 14 3
12 19 2
12 26 3
12 28 4
12 32 3
12 34 4
12 35 4
12 36 2
12 39 2
12 40 4
12 44 3
12 46 4
12 48 1
12 52 4
12 53 1
12 55 4
12 59 1
12 62 1
12 67 2
12 68 3
12 72 3
12 75 1
12 76 3
12 79 1
12 83 1
12 84 4
12 88 1
12 91 3
12 92 4
12 93 3
12 94 2
13 14 3
13 18 2
13 19 1
13 20 3
13 21 3
13 23 3
13 25 2
13 27 4
13 34 4
13 35 2
13 37 3
13 39 2
13 42 3
13 45 1
13 47 1
13 48 3
13 49 2
13 50 3
13 52 1
13 53 1
13 56 1
13 57 1
13 58 2
13 62 1
13 66 1
13 69 3
13 73 1
13 74 3
13 75 2
13 79 4
13 81 3
13 84 3
13 88 1
13 89 2
13 90 1
13 94 4
13 95 4
13 96 1
13 97 4
13 99 2
14 15 2
14 21 2
14 22 2
14 24 3
14 27 1
14 29 1
14 31 3
14 33 4
14 34 2
14 39 2
14 41 3
14 42 4
14 44 2
14 45 2
14 48 4
14 49 1
14 51 4
14 52 3
14 55 3
14 56 3
14 58 3
14 60 1
14 61 3
14 63 2
14 64 4
14 65 4
14 67 2
14 68 1
14 72 2
14 74 1
14 75 2
14 78 2
14 79 2
14 81 3
14 84 4
14 91 3
14 92 1
14 97 3
14 99 1
14 100 2
15 20 3
15 21 1
15 23 4
15 25 4
15 27 4
15 30 3
15 35 1
15 39 3
15 41 3
15 44 2
15 46 3
15 51 3
15 55 1
15 57 2
15 62 2
15 63 1
15 66 3
15 67 1
15 69 4
15 71 4
15 73 3
15 77 2
15 79 3
15 81 3
15 82 2
15 84 2
15 86 2
15 87 2
15 88 1
15 93 1
15 96 2
15 100 2
16 19 1
16 20 1
16 21 1
16 22 3
16 24 3
16 25 2
16 26 2
16 27 2
16 31 2
16 33 4
16 35 1
16 41 3
16 43 3
16 44 4
16 47 1
16 49 1
16 50 1
16 51 3
16 54 4
16 55 1
16 56 4
16 59 4
16 61 1
16 62 2
16 64 3
16 70 4
16 73 2
16 76 2
16 78 4
16 79 2
16 83 4
16 84 4
16 87 3
16 92 3
16 93 1
16 94 4
16 98 4
16 99 1
17 18 3
17 20 1
17 22 2
17 25 3
17 26 3
17 30 1
17 33 1
17 40 4
17 44 4
17 46 1
17 47 4
17 51 1
17 54 4
17 55 2
17 57 1
17 61 3
17 69 3
17 70 4
17 71 3
17 75 2
17 78 2
17 80 3
17 81 1
17 82 4
17 84 1
17 85 4
17 96 4
17 99 3
18 20 4
18 22 4
18 26 2
18 30 3
18 33 1
18 38 2
18 46 3
18 50 4
18 52 4
18 53 1
18 54 2
18 55 4
18 57 4
18 58 4
18 63 3
18 65 4
18 66 1
18 69 1
18 70 1
18 72 3
18 73 1
18 75 1
18 76 1
18 77 3
18 82 2
18 87 2
18 92 4
18 93 2
18 94 4
18 96 4
18 97 1
18 99 3
18 100 1
19 21 4
19 22 2
19 24 1
19 26 2
19 28 2
19 31 2
19 40 2
19 42 3
19 43 3
19 47 1
19 49 1
19 50 1
19 56 4
19 59 1
19 60 2
19 62 3
19 64 2
19 67 3
19 71 2
19 73 4
19 74 1
19 76 4
19 78 1
19 79 4
19 81 1
19 82 3
19 84 3
19 88 1
19 90 2
19 92 3
19 95 2
20 21 1
20 27 4
20 28 1
20 32 4
20 34 2
20 36 2
20 37 3
20 38 3
20 40 4
20 42 4
20 43 1
20 59 1
20 66 2
20 67 2
20 71 1
20 72 1
20 75 3
20 77 3
20 78 3
20 81 4
20 82 3
20 84 2
20 87 4
20 91 3
20 93 3
20 95 2
20 96 1
20 98 3
20 100 3
21 22 3
21 23 4
21 24 3
21 32 1
21 34 1
21 42 4
21 44 3
21 50 4
21 53 3
21 54 3
21 57 4
21 58 2
21 62 2
21 64 2
21 65 2
21 66 1
21 75 4
21 76 3
21 77 4
21 78 3
21 80 1
21 83 3
21 84 1
21 85 2
21 88 2
21 94 2
21 97 1
21 98 4
21 100 4
22 23 1
22 27 3
22 31 3
22 34 4
22 35 1
22 36 1
22 38 2
22 40 3
22 41 4
22 42 3
22 43 3
22 45 3
22 52 1
22 53 3
22 55 2
22 56 2
22 62 2
22 70 4
22 71 3
22 72 4
22 73 2
22 75 1
22 76 1
22 78 2
22 86 4
22 87 4
22 89 2
22 90 3
22 92 4
22 93 2
22 94 1
22 95 2
23 24 1
23 25 3
23 27 3
23 28 2
23 34 4
23 36 2
23 37 3
23 38 4
23 42 1
23 44 4
23 45 3
23 46 1
23 48 4
23 49 4
23 52 3
23 53 1
23 54 4
23 55 1
23 63 4
23 65 2
23 66 3
23 68 2
23 69 2
23 70 1
23 72 2
23 73 3
23 78 2
23 82 2
23 83 4
23 91 4
23 92 1
23 96 4
24 25 2
24 27 3
24 29 3
24 31 2
24 33 4
24 35 3
24 36 3
24 37 1
24 38 1
24 40 3
24 42 3
24 47 4
24 49 1
24 50 3
24 53 2
24 55 2
24 56 2
24 60 3
24 62 2
24 65 3
24 66 2
24 67 2
24 69 1
24 75 2
24 77 4
24 78 3
24 80 3
24 81 1
24 82 4
24 83 2
24 93 4
24 96 1
24 99 4
24 100 4
25 26 4
25 27 3
25 29 2
25 40 1
25 44 1
25 48 2
25 49 3
25 54 1
25 55 2
25 56 1
25 57 1
25 58 4
25 59 4
25 65 3
25 66 1
25 69 2
25 74 3
25 76 2
25 77 1
25 84 4
25 88 2
25 89 4
25 91 3
25 92 3
25 94 2
25 96 3
25 99 4
25 100 1
26 29 1
26 30 3
26 31 4
26 32 4
26 33 3
26 34 4
26 35 1
26 36 1
26 37 4
26 38 3
26 41 4
26 42 4
26 43 3
26 47 2
26 48 2
26 50 4
26 52 2
26 54 4
26 55 4
26 57 1
26 61 4
26 66 2
26 67 2
26 68 2
26 74 1
26 75 2
26 76 3
26 78 3
26 80 2
26 82 2
26 84 2
26 85 3
26 86 1
26 87 3
26 90 4
26 91 4
26 96 2
26 99 1
26 100 4
27 28 2
27 34 3
27 36 4
27 41 3
27 45 4
27 46 4
27 49 2
27 51 1
27 57 1
27 61 3
27 70 1
27 72 3
27 74 3
27 76 2
27 78 1
27 80 1
27 88 2
27 90 1
27 92 1
27 95 4
27 96 4
27 98 3
28 31 4
28 32 2
28 36 4
28 37 3
28 38 3
28 39 4
28 41 1
28 44 2
28 46 3
28 52 4
28 53 2
28 54 1
28 55 2
28 57 3
28 58 2
28 60 3
28 61 2
28 63 3
28 65 3
28 67 4
28 68 3
28 69 1
28 71 4
28 72 2
28 73 1
28 74 4
28 77 4
28 79 1
28 85 2
28 93 4
28 98 3
29 33 3
29 37 3
29 42 2
29 43 4
29 44 1
29 46 4
29 48 3
29 50 2
29 52 2
29 60 1
29 63 3
29 66 4
29 68 4
29 72 4
29 74 4
29 75 4
29 78 2
29 81 2
29 85 1
29 90 3
29 93 3
29 94 3
29 95 4
29 97 3
29 98 4
29 99 1
30 31 1
30 35 4
30 39 1
30 45 2
30 46 4
30 48 3
30 49 4
30 55 2
30 56 1
30 57 3
30 58 1
30 63 3
30 65 2
30 68 1
30 70 3
30 72 4
30 74 4
30 75 2
30 76 3
30 81 3
30 82 1
30 88 4
30 89 2
30 91 1
30 93 2
30 99 4
31 32 2
31 41 4
31 43 3
31 44 2
31 46 2
31 48 4
31 51 4
31 52 1
31 54 1
31 55 1
31 57 4
31 60 2
31 61 3
31 62 4
31 63 2
31 65 2
31 66 3
31 67 3
31 68 4
31 69 1
31 73 2
31 74 2
31 77 2
31 78 4
31 79 1
31 84 1
31 85 3
31 86 1
31 87 4
31 88 1
31 91 4
31 93 3
31 97 2
31 99 4
32 36 1
32 38 3
32 39 4
32 40 4
32 42 3
32 46 3
32 49 1
32 50 4
32 51 3
32 52 3
32 53 1
32 57 1
32 59 2
32 63 2
32 65 3
32 75 2
32 76 2
32 78 1
32 81 2
32 82 4
32 83 1
32 86 2
32 89 3
32 90 4
32 92 3
32 97 1
32 98 3
33 34 3
33 35 2
33 42 2
33 43 1
33 44 1
33 45 4
33 46 2
33 47 3
33 50 4
33 53 4
33 54 1
33 56 1
33 60 4
33 62 2
33 68 4
33 74 4
33 75 4
33 83 4
33 86 3
33 87 1
33 88 4
33 89 3
33 95 2
33 96 2
33 99 2
33 100 1
34 37 1
34 41 2
34 42 4
34 46 2
34 51 3
34 53 2
34 54 2
34 55 2
34 56 2
34 59 1
34 60 3
34 61 3
34 62 4
34 63 2
34 65 4
34 66 3
34 68 2
34 71 2
34 75 2
34 76 4
34 86 1
34 88 1
34 90 4
34 91 1
34 93 3
34 100 4
35 40 2
35 42 3
35 44 3
35 48 1
35 55 1
35 56 2
35 62 2
35 63 4
35 64 4
35 69 2
35 70 1
35 72 3
35 73 4
35 74 3
35 75 2
35 77 2
35 78 3
35 84 3
35 85 4
35 88 1
35 89 1
35 91 1
35 93 4
35 98 3
35 100 1
36 40 1
36 41 3
36 43 2
36 44 4
36 46 4
36 48 1
36 49 2
36 50 3
36 53 4
36 54 2
36 55 4
36 56 4
36 58 2
36 61 4
36 62 1
36 63 1
36 64 4
36 72 1
36 74 4
36 82 3
36 85 2
36 87 3
36 88 1
36 94 1
36 95 4
36 96 2
36 99 3
37 42 4
37 43 1
37 44 4
37 45 4
37 46 2
37 47 1
37 48 3
37 50 1
37 53 1
37 55 3
37 58 2
37 59 2
37 62 4
37 64 4
37 65 2
37 66 1
37 69 1
37 71 3
37 72 1
37 73 1
37 76 4
37 77 2
37 78 2
37 80 1
37 81 3
37 82 3
37 90 3
37 92 2
37 97 3
37 98 1
37 99 3
38 39 4
38 41 1
38 43 1
38 44 2
38 51 4
38 54 4
38 55 2
38 57 2
38 58 1
38 59 3
38 62 4
38 64 3
38 66 1
38 71 1
38 75 4
38 76 1
38 78 2
38 81 3
38 82 4
38 83 1
38 86 4
38 90 2
38 93 2
38 94 2
38 98 2
39 40 2
39 41 1
39 42 1
39 43 3
39 45 2
39 47 4
39 48 4
39 49 1
39 50 1
39 52 1
39 54 1
39 55 1
39 60 3
39 61 2
39 62 3
39 63 2
39 65 3
39 67 2
39 69 2
39 72 4
39 74 1
39 76 3
39 78 3
39 80 2
39 81 1
39 82 2
39 88 4
39 89 1
39 92 3
39 93 3
39 99 2
39 100 1
40 44 2
40 45 4
40 47 2
40 48 4
40 50 2
40 51 1
40 52 2
40 56 4
40 57 4
40 59 1
40 62 1
40 65 1
40 66 4
40 68 1
40 69 2
40 70 1
40 75 4
40 78 1
40 79 3
40 82 2
40 83 2
40 86 2
40 89 2
40 90 1
40 91 1
40 94 3
40 96 2
41 44 2
41 52 2
41 55 1
41 59 4
41 61 2
41 63 1
41 64 2
41 65 4
41 69 2
41 70 2
41 71 3
41 72 1
41 74 1
41 75 2
41 80 2
41 81 3
41 82 1
41 83 4
41 86 2
41 88 2
41 90 1
41 91 2
41 92 2
41 94 3
41 96 1
41 99 4
41 100 2
42 43 1
42 44 2
42 45 2
42 48 2
42 49 1
42 50 2
42 55 1
42 56 3
42 69 3
42 71 2
42 73 3
42 74 4
42 76 2
42 79 4
42 83 4
42 88 1
42 89 4
42 92 2
42 93 1
42 94 1
42 95 2
42 96 1
42 98 2
43 45 1
43 46 2
43 47 3
43 55 2
43 56 2
43 57 4
43 58 4
43 62 1
43 64 4
43 65 2
43 67 2
43 70 1
43 71 1
43 73 1
43 74 2
43 77 3
43 79 2
43 82 3
43 83 2
43 87 2
43 88 1
43 89 4
43 90 1
43 93 1
43 98 3
43 100 3
44 48 4
44 51 1
44 57 3
44 58 3
44 60 3
44 62 3
44 67 4
44 69 1
44 72 1
44 75 4
44 76 4
44 79 1
44 83 1
44 85 4
44 89 3
44 92 2
44 94 3
44 95 4
44 97 4
44 99 3
45 46 3
45 50 2
45 53 3
45 55 3
45 56 1
45 57 3
45 60 2
45 62 3
45 64 4
45 65 4
45 66 2
45 69 1
45 70 1
45 71 3
45 72 3
45 73 3
45 77 4
45 78 1
45 79 3
45 82 1
45 83 1
45 84 2
45 87 2
45 89 2
45 92 2
45 94 1
45 99 3
45 100 2
46 51 2
46 53 1
46 59 2
46 61 2
46 64 1
46 68 2
46 70 3
46 73 1
46 75 3
46 76 4
46 77 1
46 79 4
46 85 1
46 89 3
46 91 1
46 94 3
46 98 4
47 50 3
47 54 3
47 55 3
47 59 2
47 62 1
47 64 2
47 66 1
47 68 2
47 77 4
47 78 4
47 79 1
47 83 3
47 84 2
47 85 2
47 87 2
47 89 1
47 90 4
47 93 3
47 96 3
47 99 3
48 49 2
48 51 2
48 52 2
48 53 3
48 55 4
48 61 3
48 63 4
48 66 2
48 71 3
48 77 4
48 78 4
48 79 3
48 82 2
48 84 2
48 90 3
48 92 1
48 99 3
49 53 3
49 54 4
49 56 3
49 57 1
49 65 2
49 66 4
49 67 3
49 69 1
49 70 4
49 72 3
49 74 2
49 76 3
49 78 2
49 79 3
49 89 2
49 93 2
49 95 4
49 98 4
50 53 4
50 56 3
50 58 1
50 63 4
50 73 2
50 74 1
50 76 4
50 77 1
50 79 1
50 80 4
50 81 1
50 82 3
50 83 4
50 85 2
50 86 4
50 87 3
50 91 3
50 92 2
50 93 2
50 98 1
50 99 4
51 52 4
51 57 1
51 59 2
51 63 1
51 64 1
51 65 4
51 67 2
51 69 3
51 72 2
51 73 2
51 77 2
51 78 4
51 82 1
51 85 2
51 87 3
51 88 4
51 90 1
51 92 4
51 93 3
51 94 1
52 53 4
52 54 1
52 57 1
52 58 4
52 60 1
52 62 1
52 66 1
52 68 2
52 69 2
52 71 3
52 72 3
52 73 3
52 74 4
52 76 4
52 77 2
52 78 3
52 81 3
52 85 4
52 87 4
52 89 1
52 94 2
52 95 2
52 98 1
53 54 2
53 56 3
53 57 3
53 58 2
53 63 1
53 64 1
53 65 3
53 68 4
53 69 3
53 71 1
53 72 1
53 73 1
53 75 1
53 77 2
53 79 1
53 81 4
53 82 4
53 83 2
53 86 2
53 87 2
53 88 2
53 89 1
53 91 1
53 92 1
53 96 2
53 98 3
53 100 3
54 55 3
54 56 4
54 57 2
54 58 4
54 59 3
54 62 1
54 66 4
54 70 2
54 72 3
54 73 1
54 74 1
54 79 4
54 80 2
54 81 4
54 83 3
54 86 4
54 88 3
54 95 3
54 97 2
55 56 3
55 58 1
55 60 4
55 67 4
55 68 4
55 69 3
55 71 1
55 72 1
55 75 3
55 79 4
55 82 2
55 83 3
55 85 1
55 93 2
55 95 2
55 100 2
56 58 3
56 60 3
56 61 2
56 63 3
56 64 3
56 65 1
56 69 3
56 70 2
56 71 2
56 72 4
56 74 1
56 76 1
56 80 4
56 81 3
56 83 4
56 84 3
56 88 3
56 93 3
56 94 2
56 100 1
57 58 2
57 62 4
57 64 4
57 66 1
57 68 1
57 70 1
57 73 2
57 74 4
57 76 1
57 79 4
57 80 4
57 81 4
57 82 4
57 83 3
57 85 3
57 88 3
57 89 2
57 93 3
57 96 3
57 99 3
58 61 2
58 63 1
58 64 4
58 66 3
58 67 2
58 68 3
58 69 1
58 72 2
58 73 4
58 79 1
58 81 4
58 84 1
58 86 3
58 88 4
58 90 1
58 92 2
58 93 1
58 95 1
58 97 1
58 98 1
58 99 4
59 62 3
59 64 3
59 69 3
59 74 4
59 76 3
59 79 1
59 80 1
59 86 4
59 89 1
59 90 3
59 91 1
59 94 4
59 97 2
59 98 3
60 61 1
60 63 3
60 64 1
60 66 4
60 70 2
60 74 4
60 75 2
60 76 3
60 77 3
60 80 3
60 83 3
60 87 4
60 92 4
61 63 2
61 64 2
61 67 1
61 71 3
61 72 4
61 73 1
61 75 1
61 77 3
61 78 4
61 79 1
61 82 3
61 83 2
61 88 3
61 93 4
61 94 4
61 96 1
61 97 1
61 99 4
61 100 3
62 64 3
62 66 2
62 67 1
62 68 4
62 69 1
62 71 4
62 72 4
62 74 1
62 78 4
62 96 2
62 97 4
63 64 3
63 67 1
63 69 4
63 71 4
63 74 1
63 77 4
63 78 1
63 80 4
63 83 3
63 88 2
63 89 3
63 90 2
63 92 2
63 96 3
63 99 1
64 71 2
64 73 3
64 75 1
64 77 1
64 79 2
64 80 2
64 81 1
64 84 4
64 86 1
64 87 2
64 90 3
64 92 3
64 93 4
64 100 3
65 67 3
65 69 3
65 71 4
65 76 1
65 77 4
65 78 4
65 79 1
65 81 4
65 83 1
65 84 3
65 85 1
65 86 1
65 87 2
65 88 1
65 92 2
65 93 4
65 94 2
66 69 4
66 73 2
66 79 2
66 80 1
66 83 4
66 85 3
66 88 2
66 89 2
66 91 3
66 92 4
66 94 3
66 95 4
66 96 4
67 69 3
67 71 3
67 72 4
67 73 4
67 74 2
67 76 2
67 80 4
67 83 4
67 84 2
67 87 4
67 90 2
67 91 3
67 95 1
67 98 3
68 69 4
68 73 4
68 74 3
68 76 1
68 80 2
68 81 1
68 83 4
68 84 3
68 85 2
68 86 2
68 87 2
68 94 2
68 95 4
68 96 4
68 100 4
69 70 2
69 71 2
69 76 2
69 78 3
69 79 3
69 83 1
69 86 4
69 88 2
69 90 2
69 97 3
69 99 1
70 75 3
70 77 2
70 78 4
70 83 2
70 85 4
70 86 4
70 89 2
70 93 2
70 94 2
70 95 3
70 97 3
70 99 2
71 75 4
71 76 3
71 81 1
71 84 3
71 85 3
71 89 4
71 91 1
71 93 4
71 94 3
71 98 4
71 100 1
72 73 2
72 74 1
72 75 1
72 77 1
72 83 1
72 84 1
72 86 1
72 88 2
72 91 3
72 93 3
72 95 3
72 97 1
72 100 3
73 76 1
73 77 2
73 79 3
73 80 3
73 84 3
73 89 1
73 91 3
73 92 3
73 93 2
73 94 2
73 95 1
73 97 4
73 100 1
74 75 3
74 76 3
74 78 2
74 79 4
74 81 4
74 84 1
74 85 1
74 87 4
74 88 2
74 89 3
74 91 2
74 92 2
74 94 1
74 97 2
75 76 4
75 77 1
75 78 3
75 79 1
75 80 1
75 81 4
75 82 4
75 85 3
75 88 1
75 91 1
75 93 1
75 97 2
75 100 4
76 77 1
76 78 3
76 79 2
76 80 3
76 81 2
76 82 4
76 83 3
76 85 4
76 86 2
76 87 1
76 89 2
76 92 4
76 94 1
76 95 2
76 100 2
77 78 2
77 81 3
77 82 1
77 83 1
77 84 1
77 86 1
77 87 3
77 88 2
77 89 1
77 90 3
77 91 3
77 94 2
77 95 4
77 100 1
78 79 3
78 81 4
78 85 4
78 87 3
78 89 3
78 91 2
78 97 4
78 100 1
79 80 4
79 81 2
79 85 4
79 86 3
79 87 4
79 88 1
79 90 3
79 93 4
79 98 3
80 83 1
80 84 1
80 87 2
80 88 4
80 89 1
80 91 4
80 92 2
80 95 3
80 100 3
81 83 3
81 90 4
81 94 1
82 83 3
82 85 4
82 86 1
82 91 2
82 93 4
82 94 3
82 95 4
82 99 2
83 88 2
83 92 4
83 97 1
83 100 3
84 87 2
84 91 2
84 94 3
84 96 4
84 97 1
85 86 3
85 87 3
85 95 2
85 97 2
85 99 2
85 100 2
86 87 1
86 91 2
86 92 1
86 94 2
86 95 1
86 98 1
86 100 2
87 88 1
87 89 3
87 93 4
87 94 1
87 95 1
87 98 1
88 90 3
88 91 4
88 93 2
88 97 2
88 98 4
88 100 1
89 93 1
89 97 2
89 100 3
90 91 2
90 95 1
90 96 2
90 97 2
90 98 4
91 92 2
91 97 3
92 94 4
92 96 1
92 97 2
92 99 1
92 100 3
93 95 4
93 97 4
93 99 2
93 100 1
94 98 2
94 100 1
95 96 3
95 98 1
96 99 1
96 100 1
97 100 4
99 100 4
100 2028
1 7 3
1 9 3
1 10 1
1 13 4
1 16 1
1 20 2
1 21 3
1 23 4
1 25 4
1 31 1
1 32 1
1 34 1
1 41 2
1 42 3
1 43 1
1 44 4
1 47 3
1 48 3
1 49 3
1 52 1
1 55 1
1 56 1
1 57 3
1 59 2
1 65 4
1 66 4
1 67 4
1 68 2
1 69 2
1 71 2
1 72 3
1 74 4
1 75 1
1 83 4
1 85 3
1 86 4
1 90 4
1 97 2
1 98 1
1 100 1
2 3 4
2 8 1
2 11 2
2 12 4
2 16 1
2 18 1
2 21 4
2 23 1
2 24 2
2 26 3
2 29 1
2 31 4
2 35 4
2 37 2
2 40 3
2 41 1
2 42 2
2 43 1
2 45 4
2 51 3
2 54 3
2 55 1
2 57 2
2 62 1
2 64 2
2 65 2
2 66 4
2 68 1
2 69 4
2 70 3
2 71 3
2 72 1
2 73 4
2 77 2
2 79 3
2 80 1
2 81 2
2 83 3
2 86 1
2 87 2
2 88 1
2 90 4
2 91 1
2 95 1
2 97 2
2 98 1
3 5 3
3 14 3
3 19 2
3 22 4
3 26 1
3 28 2
3 30 2
3 31 2
3 34 1
3 36 2
3 37 3
3 38 2
3 39 1
3 40 3
3 43 1
3 45 3
3 50 4
3 52 4
3 53 1
3 54 1
3 59 4
3 60 3
3 61 3
3 62 2
3 63 3
3 66 2
3 67 4
3 68 1
3 69 2
3 70 4
3 71 1
3 72 4
3 74 3
3 75 1
3 76 4
3 77 3
3 81 2
3 82 4
3 84 3
3 85 1
3 87 2
3 90 2
3 91 4
3 95 2
3 96 1
3 99 2
3 100 1
4 9 2
4 10 2
4 11 4
4 14 4
4 16 1
4 17 3
4 18 3
4 20 1
4 29 4
4 33 1
4 34 4
4 35 3
4 36 2
4 42 3
4 43 3
4 45 2
4 46 3
4 48 1
4 49 3
4 51 3
4 56 4
4 59 4
4 60 1
4 64 1
4 66 3
4 69 4
4 76 3
4 77 2
4 80 3
4 86 4
4 88 1
4 89 3
4 92 3
4 94 4
4 96 2
4 100 3
5 6 4
5 8 4
5 10 3
5 11 1
5 14 1
5 17 4
5 19 2
5 25 3
5 26 3
5 27 4
5 29 4
5 32 1
5 33 2
5 34 3
5 39 3
5 41 1
5 43 4
5 48 3
5 50 4
5 51 1
5 52 2
5 53 4
5 54 2
5 56 3
5 61 3
5 62 1
5 68 2
5 72 2
5 73 3
5 74 3
5 75 4
5 80 1
5 82 4
5 83 1
5 84 4
5 85 2
5 92 2
5 97 4
5 100 4
6 8 2
6 10 2
6 11 4
6 12 1
6 13 3
6 15 3
6 17 1
6 20 4
6 22 1
6 24 4
6 26 4
6 28 2
6 30 4
6 31 4
6 33 3
6 36 1
6 39 2
6 40 2
6 43 1
6 45 2
6 46 3
6 48 2
6 49 2
6 52 1
6 54 2
6 55 4
6 60 4
6 61 4
6 62 1
6 65 3
6 66 4
6 67 1
6 72 2
6 73 4
6 75 1
6 78 2
6 81 3
6 84 1
6 85 4
6 86 4
6 88 2
6 90 2
6 93 1
6 95 2
6 99 3
7 9 4
7 12 4
7 21 4
7 28 2
7 30 4
7 31 1
7 32 1
7 33 4
7 36 3
7 37 1
7 43 4
7 46 1
7 49 3
7 53 4
7 54 2
7 55 1
7 56 1
7 63 3
7 67 3
7 68 2
7 70 4
7 74 1
7 75 1
7 76 3
7 86 3
7 93 1
7 95 2
7 97 4
7 99 1
8 9 2
8 11 3
8 12 3
8 22 4
8 24 4
8 27 1
8 34 4
8 38 3
8 39 4
8 40 2
8 41 3
8 45 3
8 47 3
8 53 2
8 54 4
8 59 3
8 60 1
8 68 4
8 69 1
8 70 2
8 71 2
8 72 2
8 73 1
8 76 1
8 77 1
8 78 1
8 85 2
8 86 1
8 88 3
8 89 4
8 92 2
9 10 3
9 20 4
9 21 4
9 24 4
9 25 1
9 26 2
9 28 4
9 33 3
9 34 3
9 43 4
9 44 4
9 45 4
9 46 3
9 47 1
9 49 2
9 51 2
9 56 2
9 58 3
9 60 4
9 61 2
9 62 3
9 63 1
9 64 4
9 68 2
9 69 2
9 70 1
9 71 2
9 72 3
9 75 3
9 76 3
9 77 1
9 79 2
9 81 1
9 83 4
9 85 2
9 90 4
9 95 2
9 100 1
10 13 1
10 17 2
10 18 2
10 22 3
10 27 3
10 28 2
10 30 2
10 31 1
10 36 4
10 38 2
10 41 1
10 42 1
10 43 3
10 44 3
10 45 3
10 46 3
10 47 2
10 50 4
10 52 2
10 54 1
10 55 3
10 56 2
10 57 3
10 62 1
10 63 3
10 65 3
10 69 3
10 70 2
10 72 1
10 73 1
10 74 3
10 77 1
10 83 3
10 84 3
10 86 4
10 88 4
10 89 2
11 12 1
11 16 3
11 17 3
11 18 2
11 20 3
11 27 4
11 28 2
11 32 1
11 33 3
11 34 1
11 35 1
11 40 1
11 41 3
11 43 4
11 45 1
11 46 2
11 50 3
11 55 1
11 57 4
11 58 3
11 59 2
11 61 4
11 63 2
11 64 1
11 66 4
11 68 1
11 69 2
11 79 3
11 91 3
11 92 2
11 93 4
11 95 3
11 97 1
12 16 3
12 17 4
12 19 3
12 20 2
12 23 3
12 24 2
12 26 3
12 27 2
12 28 2
12 33 2
12 34 1
12 37 2
12 40 1
12 41 2
12 44 4
12 47 4
12 49 3
12 55 2
12 58 3
12 59 3
12 60 4
12 63 3
12 64 3
12 66 2
12 67 1
12 70 3
12 71 4
12 72 4
12 73 3
12 77 3
12 78 4
12 80 1
12 82 4
12 84 2
12 85 4
12 87 2
12 90 1
12 92 1
12 98 3
12 99 4
12 100 3
13 16 1
13 17 1
13 20 1
13 23 2
13 24 2
13 25 1
13 28 4
13 29 2
13 33 2
13 38 2
13 41 3
13 42 4
13 44 4
13 45 3
13 46 4
13 47 3
13 54 3
13 58 1
13 59 4
13 61 4
13 63 3
13 64 4
13 67 2
13 70 3
13 76 1
13 80 4
13 82 3
13 86 2
13 87 3
13 91 4
13 97 2
14 16 4
14 18 4
14 20 1
14 21 2
14 23 4
14 25 1
14 30 1
14 36 3
14 37 4
14 38 1
14 39 2
14 45 1
14 46 4
14 47 1
14 48 2
14 49 2
14 52 4
14 54 2
14 55 1
14 59 4
14 60 4
14 62 4
14 63 1
14 65 1
14 68 1
14 73 3
14 75 4
14 81 4
14 83 3
14 85 1
14 88 1
14 94 2
14 98 3
15 17 2
15 18 2
15 19 2
15 20 2
15 26 2
15 27 3
15 29 2
15 30 4
15 33 3
15 34 3
15 36 3
15 37 1
15 43 2
15 47 4
15 49 4
15 51 2
15 52 1
15 55 4
15 57 1
15 59 1
15 60 3
15 65 1
15 67 4
15 68 2
15 69 4
15 73 4
15 77 2
15 81 3
15 86 2
15 87 2
15 89 1
15 92 3
15 95 4
15 96 2
15 97 1
15 98 1
15 100 3
16 20 4
16 23 2
16 28 2
16 34 2
16 36 1
16 37 4
16 38 1
16 40 4
16 41 2
16 42 3
16 43 4
16 50 1
16 54 2
16 57 3
16 63 1
16 68 2
16 69 1
16 72 1
16 75 2
16 81 3
16 82 2
16 89 4
16 91 1
16 92 1
16 94 3
16 97 4
16 100 4
17 18 1
17 19 4
17 21 4
17 22 1
17 24 3
17 25 2
17 26 2
17 27 1
17 30 2
17 36 4
17 42 3
17 43 2
17 45 3
17 51 3
17 54 3
17 60 2
17 61 1
17 62 3
17 63 3
17 64 2
17 65 1
17 72 2
17 73 2
17 75 1
17 77 1
17 80 3
17 82 3
17 83 1
17 86 1
17 88 4
17 90 3
17 97 2
18 20 4
18 23 2
18 24 1
18 25 1
18 27 3
18 29 1
18 31 4
18 35 4
18 41 2
18 43 2
18 44 1
18 45 1
18 46 1
18 47 1
18 48 4
18 49 1
18 50 2
18 55 3
18 61 2
18 63 2
18 66 3
18 76 4
18 78 3
18 80 3
18 83 4
18 88 4
18 89 1
18 90 1
18 91 2
18 92 3
18 93 1
18 94 2
18 95 2
18 98 3
18 99 4
19 21 4
19 22 4
19 26 4
19 27 1
19 28 4
19 31 1
19 33 1
19 34 1
19 38 2
19 42 2
19 43 2
19 47 3
19 51 2
19 53 3
19 59 4
19 63 4
19 66 2
19 68 4
19 72 1
19 79 2
19 80 4
19 81 3
19 82 3
19 83 1
19 84 4
19 85 1
19 88 1
19 89 1
19 91 4
19 95 3
19 96 2
20 25 2
20 29 1
20 30 2
20 32 4
20 35 1
20 36 1
20 41 1
20 42 3
20 44 2
20 46 2
20 47 4
20 48 4
20 49 1
20 50 3
20 51 4
20 55 1
20 60 2
20 62 2
20 66 2
20 67 4
20 69 1
20 71 4
20 72 1
20 74 2
20 78 2
20 81 1
20 84 4
20 85 3
20 88 1
20 89 1
20 90 1
20 94 4
20 98 3
21 22 4
21 23 2
21 28 1
21 30 1
21 37 4
21 44 3
21 46 4
21 49 2
21 52 4
21 53 4
21 55 1
21 59 3
21 61 3
21 62 2
21 64 3
21 69 3
21 72 3
21 79 2
21 81 1
21 82 4
21 83 4
21 86 3
21 89 2
21 91 2
21 93 4
21 94 1
21 95 3
21 98 2
21 100 1
22 24 1
22 25 1
22 28 2
22 30 3
22 33 2
22 35 1
22 39 3
22 41 1
22 44 3
22 45 3
22 48 3
22 49 4
22 53 4
22 54 2
22 58 1
22 60 2
22 61 3
22 62 4
22 66 2
22 67 2
22 69 1
22 77 2
22 79 3
22 80 3
22 83 4
22 84 4
22 88 4
22 93 2
22 94 4
22 98 1
22 99 4
23 26 3
23 28 4
23 34 2
23 35 3
23 37 3
23 40 2
23 42 4
23 43 2
23 45 1
23 46 1
23 47 3
23 50 4
23 52 3
23 58 2
23 59 3
23 66 3
23 67 2
23 69 4
23 72 3
23 73 4
23 75 1
23 78 3
23 79 1
23 81 1
23 88 3
23 96 4
24 26 2
24 27 1
24 28 4
24 29 2
24 31 4
24 33 2
24 36 1
24 39 3
24 42 1
24 45 3
24 46 4
24 49 2
24 54 3
24 57 4
24 58 1
24 63 3
24 64 3
24 73 4
24 74 2
24 81 1
24 83 2
24 84 2
24 85 1
24 88 3
24 89 2
24 90 4
24 91 4
24 92 2
24 93 2
24 94 3
24 95 4
24 96 1
24 97 3
25 27 3
25 35 2
25 39 3
25 40 4
25 41 4
25 42 2
25 46 3
25 47 2
25 48 3
25 50 4
25 53 3
25 58 1
25 60 4
25 61 2
25 65 3
25 69 4
25 71 3
25 72 2
25 73 4
25 76 2
25 80 1
25 83 2
25 84 4
25 86 2
25 87 3
25 90 3
25 92 3
25 93 3
25 94 3
25 97 2
25 100 4
26 27 2
26 28 1
26 31 1
26 37 2
26 39 4
26 41 1
26 46 4
26 47 2
26 48 2
26 52 1
26 53 1
26 54 3
26 57 3
26 58 3
26 59 1
26 60 1
26 62 4
26 63 2
26 65 1
26 67 4
26 68 4
26 69 4
26 70 3
26 71 4
26 73 1
26 76 3
26 77 3
26 78 1
26 80 1
26 81 1
26 90 4
26 95 3
26 97 3
27 28 3
27 30 3
27 32 1
27 37 3
27 38 2
27 43 3
27 45 4
27 46 3
27 50 2
27 52 2
27 54 4
27 61 2
27 62 4
27 66 2
27 68 2
27 70 3
27 72 4
27 73 2
27 74 1
27 75 4
27 77 1
27 82 4
27 85 4
27 88 2
27 89 2
27 91 3
27 93 3
27 94 2
27 96 2
27 98 1
28 29 4
28 32 1
28 35 3
28 36 3
28 37 2
28 41 1
28 44 3
28 45 1
28 47 3
28 51 1
28 52 4
28 57 1
28 59 4
28 60 4
28 63 2
28 64 2
28 67 2
28 69 1
28 70 2
28 72 4
28 79 1
28 88 1
28 91 3
28 92 4
28 94 1
28 98 1
28 99 4
28 100 1
29 30 4
29 32 2
29 33 1
29 34 3
29 36 4
29 39 1
29 41 3
29 42 2
29 47 4
29 50 2
29 52 1
29 53 3
29 55 1
29 56 4
29 57 4
29 59 4
29 60 4
29 61 3
29 62 3
29 64 2
29 66 2
29 68 1
29 70 4
29 71 3
29 73 1
29 74 4
29 81 4
29 82 4
29 83 2
29 85 1
29 91 2
29 93 2
29 96 1
30 36 4
30 37 1
30 40 4
30 41 3
30 42 2
30 43 4
30 45 3
30 47 2
30 48 3
30 49 3
30 52 1
30 54 1
30 56 2
30 58 2
30 59 3
30 63 1
30 65 2
30 68 4
30 71 3
30 74 3
30 75 2
30 76 4
30 77 1
30 79 1
30 82 1
30 83 3
30 85 2
30 91 3
30 92 2
30 95 1
30 96 4
30 100 4
31 33 2
31 34 4
31 38 3
31 40 1
31 41 2
31 42 2
31 43 1
31 44 2
31 49 3
31 50 1
31 53 1
31 55 3
31 56 4
31 57 2
31 59 4
31 60 1
31 63 1
31 65 2
31 69 2
31 70 2
31 71 2
31 77 3
31 78 4
31 82 4
31 85 4
31 86 1
31 91 3
31 93 3
31 94 4
31 97 3
32 34 3
32 35 3
32 36 4
32 37 2
32 38 2
32 41 3
32 42 1
32 44 4
32 46 2
32 50 2
32 54 3
32 57 4
32 58 1
32 62 4
32 68 3
32 69 3
32 73 3
32 76 4
32 77 1
32 82 4
32 84 2
32 87 2
32 89 3
32 90 2
32 91 4
32 92 1
32 97 3
32 99 1
33 35 2
33 37 4
33 39 1
33 40 2
33 42 2
33 44 1
33 46 1
33 49 2
33 50 3
33 51 2
33 52 1
33 53 2
33 54 1
33 56 1
33 57 2
33 58 1
33 59 4
33 61 3
33 63 1
33 64 1
33 66 3
33 67 1
33 72 2
33 74 4
33 76 3
33 80 4
33 81 4
33 83 1
33 84 4
33 85 3
33 87 4
33 89 4
33 91 4
33 94 4
33 96 4
33 98 3
33 99 1
33 100 2
34 39 1
34 40 3
34 46 3
34 47 2
34 48 2
34 49 3
34 51 3
34 52 4
34 56 1
34 57 1
34 64 3
34 66 4
34 67 2
34 71 1
34 72 3
34 73 3
34 74 1
34 78 1
34 80 4
34 81 1
34 84 4
34 88 4
34 89 1
34 90 2
34 91 3
34 92 1
34 99 3
35 37 4
35 38 1
35 41 4
35 42 1
35 44 3
35 46 3
35 47 4
35 48 1
35 51 3
35 54 1
35 56 4
35 57 2
35 63 4
35 66 2
35 68 4
35 70 1
35 73 1
35 74 1
35 75 4
35 78 3
35 79 1
35 80 2
35 81 3
35 84 1
35 85 4
35 88 2
35 89 4
35 91 4
35 96 1
35 99 1
35 100 2
36 37 1
36 39 4
36 40 2
36 41 2
36 42 4
36 44 3
36 45 4
36 49 3
36 52 1
36 57 1
36 61 4
36 66 1
36 69 2
36 70 3
36 71 1
36 73 1
36 75 1
36 80 2
36 84 1
36 85 4
36 87 2
36 92 3
36 94 2
36 95 3
36 97 2
36 98 3
36 99 2
37 38 1
37 39 1
37 49 2
37 50 3
37 52 3
37 55 4
37 56 1
37 62 3
37 65 4
37 66 2
37 68 3
37 69 4
37 70 1
37 72 4
37 76 4
37 77 3
37 78 4
37 82 2
37 84 1
37 86 3
37 87 2
37 88 2
37 89 4
37 95 2
37 97 2
37 98 3
37 99 3
38 39 3
38 41 2
38 42 2
38 45 2
38 46 4
38 59 4
38 65 1
38 68 4
38 73 1
38 74 3
38 77 2
38 78 4
38 79 3
38 83 3
38 87 2
38 88 3
38 89 1
38 95 3
38 96 3
38 99 1
39 40 3
39 41 4
39 45 1
39 46 2
39 47 1
39 48 1
39 51 2
39 53 1
39 54 4
39 64 4
39 66 4
39 74 4
39 75 3
39 76 2
39 79 3
39 80 3
39 86 1
39 87 4
39 90 1
39 94 3
39 97 3
39 99 4
39 100 3
40 42 3
40 47 4
40 48 2
40 52 1
40 56 1
40 60 1
40 66 4
40 73 1
40 76 4
40 77 4
40 81 1
40 86 4
40 88 3
40 90 1
40 93 2
40 97 1
40 100 1
41 42 2
41 44 1
41 47 2
41 53 4
41 56 1
41 58 4
41 62 1
41 63 4
41 64 1
41 67 4
41 68 3
41 71 1
41 72 2
41 75 2
41 77 2
41 78 3
41 82 4
41 86 3
41 88 1
41 91 3
41 94 2
41 95 4
41 96 1
41 97 2
41 100 1
42 43 3
42 44 2
42 46 2
42 52 4
42 54 4
42 55 2
42 57 3
42 59 4
42 62 2
42 63 3
42 67 3
42 76 4
42 78 1
42 92 1
42 93 4
42 96 1
42 99 3
42 100 4
43 46 3
43 49 4
43 50 2
43 51 2
43 53 4
43 55 1
43 60 3
43 61 2
43 62 2
43 64 3
43 65 4
43 66 4
43 68 4
43 70 1
43 71 2
43 72 2
43 78 1
43 80 1
43 81 2
43 85 2
43 86 2
43 87 1
43 88 4
43 91 1
43 95 3
43 96 4
43 99 1
43 100 1
44 45 1
44 46 3
44 50 2
44 55 1
44 56 3
44 58 3
44 59 2
44 61 1
44 65 3
44 67 4
44 72 1
44 78 1
44 80 3
44 81 2
44 86 1
44 87 1
44 88 2
44 89 4
44 92 4
44 94 1
44 97 4
44 99 2
44 100 2
45 46 2
45 50 2
45 53 4
45 55 4
45 58 1
45 60 3
45 62 2
45 64 3
45 65 1
45 66 4
45 68 1
45 69 2
45 71 3
45 72 1
45 80 2
45 81 2
45 85 4
45 87 4
45 92 3
45 95 2
45 96 2
45 97 3
46 47 1
46 48 2
46 51 2
46 53 4
46 63 1
46 65 3
46 66 3
46 69 4
46 76 2
46 82 4
46 83 4
46 88 4
46 89 2
46 90 3
46 91 3
46 92 4
46 94 4
46 97 4
46 98 4
46 100 1
47 50 1
47 51 4
47 55 1
47 57 1
47 58 3
47 59 3
47 63 2
47 64 1
47 66 2
47 67 1
47 69 3
47 76 1
47 77 3
47 78 4
47 85 3
47 87 3
47 91 1
47 92 2
47 94 3
47 95 2
47 96 3
47 97 1
47 100 2
48 50 1
48 51 1
48 53 3
48 57 3
48 59 4
48 60 1
48 63 3
48 65 1
48 67 3
48 71 1
48 72 1
48 74 3
48 75 2
48 76 1
48 77 3
48 79 3
48 80 4
48 82 4
48 84 3
48 85 2
48 87 2
48 88 3
48 89 1
48 92 2
48 94 1
48 96 4
48 97 3
48 99 3
49 51 1
49 52 2
49 53 3
49 54 4
49 58 2
49 59 3
49 63 4
49 66 1
49 67 4
49 68 3
49 69 4
49 70 1
49 72 3
49 73 1
49 74 1
49 76 3
49 79 3
49 81 3
49 82 4
49 86 1
49 89 4
49 94 2
49 97 2
49 99 3
50 51 1
50 52 4
50 53 2
50 55 2
50 56 4
50 57 1
50 61 1
50 66 1
50 67 3
50 68 1
50 70 4
50 71 3
50 78 2
50 79 1
50 85 3
50 89 4
50 91 1
50 95 1
50 96 1
50 97 2
50 98 1
50 99 3
51 55 1
51 56 1
51 59 1
51 60 1
51 62 3
51 63 2
51 64 4
51 65 1
51 66 3
51 71 4
51 72 2
51 79 4
51 82 4
51 84 1
51 85 1
51 87 1
51 88 1
51 92 4
51 93 3
51 94 4
51 95 2
51 96 3
51 100 3
52 53 3
52 54 3
52 56 3
52 57 4
52 58 2
52 65 1
52 67 4
52 68 3
52 70 3
52 73 2
52 75 3
52 77 2
52 81 1
52 82 3
52 84 4
52 85 4
52 90 1
52 98 2
53 56 4
53 61 3
53 62 2
53 64 2
53 65 4
53 73 4
53 80 1
53 82 3
53 84 3
53 86 3
53 87 4
53 88 4
53 95 1
53 97 1
53 100 3
54 55 3
54 58 1
54 60 4
54 61 1
54 62 4
54 63 4
54 64 2
54 68 2
54 78 1
54 80 2
54 81 1
54 83 2
54 84 3
54 87 3
54 88 4
54 91 3
54 92 4
54 93 1
54 95 4
54 96 1
54 97 1
55 56 1
55 60 4
55 63 4
55 65 4
55 66 1
55 70 3
55 72 2
55 73 1
55 74 4
55 78 2
55 82 1
55 83 1
55 85 4
55 87 4
55 90 4
55 91 3
55 93 3
55 94 4
55 95 2
55 96 3
55 97 1
56 59 1
56 60 1
56 61 3
56 62 1
56 66 2
56 68 4
56 75 3
56 76 3
56 77 4
56 81 4
56 82 1
56 84 1
56 85 4
56 92 1
56 95 2
56 96 1
56 98 2
57 61 4
57 65 2
57 72 4
57 73 3
57 75 4
57 76 3
57 78 2
57 90 1
57 91 1
57 92 3
57 93 3
57 97 3
57 100 3
58 61 3
58 62 4
58 65 1
58 70 3
58 72 2
58 73 2
58 75 4
58 78 3
58 79 2
58 80 3
58 82 4
58 83 4
58 85 4
58 89 3
58 91 4
58 93 1
58 94 1
58 98 4
58 99 2
59 60 3
59 62 2
59 66 1
59 68 2
59 70 1
59 71 4
59 72 1
59 74 3
59 76 1
59 82 4
59 84 2
59 86 2
59 91 4
59 96 1
59 97 4
59 100 1
60 62 3
60 63 4
60 65 3
60 67 2
60 68 2
60 69 2
60 71 1
60 73 3
60 75 1
60 76 4
60 77 2
60 81 4
60 86 3
60 90 4
60 92 4
61 66 4
61 67 1
61 68 1
61 69 1
61 71 2
61 73 1
61 74 4
61 77 4
61 83 4
61 89 1
61 90 2
61 91 4
61 97 4
61 98 4
61 100 4
62 63 4
62 64 1
62 65 1
62 72 4
62 74 4
62 75 3
62 78 2
62 80 3
62 82 4
62 84 2
62 87 3
62 92 4
62 93 1
62 99 2
62 100 4
63 64 4
63 65 4
63 67 3
63 68 3
63 73 1
63 77 3
63 78 1
63 81 4
63 83 2
63 88 3
63 90 3
63 93 3
63 94 4
63 96 3
64 66 1
64 67 1
64 71 1
64 72 1
64 75 2
64 76 3
64 77 1
64 80 1
64 81 4
64 83 1
64 86 4
64 89 2
64 90 2
64 91 4
64 92 3
64 93 2
64 98 4
64 99 2
64 100 3
65 67 4
65 69 3
65 70 4
65 73 3
65 79 2
65 81 2
65 82 2
65 86 2
65 87 4
65 89 3
65 93 4
66 70 2
66 71 3
66 76 4
66 80 1
66 81 1
66 82 1
66 84 1
66 89 2
66 91 4
66 92 2
66 94 2
66 96 2
66 97 4
67 69 3
67 78 3
67 84 1
67 85 1
67 87 3
67 89 3
67 94 4
67 98 4
67 99 2
68 69 3
68 74 3
68 76 3
68 81 2
68 85 3
68 87 2
68 88 3
68 90 1
68 91 1
68 92 3
68 94 3
68 96 1
68 97 1
68 98 1
69 70 2
69 72 3
69 73 2
69 76 3
69 77 1
69 78 4
69 80 4
69 82 3
69 83 1
69 85 2
69 86 1
69 88 4
69 95 1
69 96 3
70 72 4
70 73 2
70 75 3
70 78 2
70 81 2
70 82 1
70 83 1
70 85 1
70 89 4
70 90 3
70 96 4
70 98 2
71 72 2
71 74 4
71 75 2
71 77 1
71 78 1
71 80 1
71 81 1
71 82 1
71 84 4
71 85 3
71 86 4
71 87 3
71 90 2
71 92 3
71 99 2
72 74 4
72 76 2
72 81 4
72 84 3
72 85 4
72 86 3
72 87 1
72 89 3
72 90 2
72 95 1
72 99 4
73 76 4
73 78 4
73 80 1
73 82 2
73 83 3
73 85 4
73 91 2
73 94 1
73 96 2
73 98 3
73 100 2
74 75 2
74 78 2
74 80 1
74 81 1
74 82 2
74 87 4
74 88 3
74 91 3
74 94 2
74 100 2
75 76 1
75 81 3
75 82 2
75 83 3
75 84 4
75 86 2
75 88 2
75 90 4
75 93 4
75 94 3
75 95 4
76 79 1
76 80 1
76 83 2
76 86 4
76 95 2
76 97 1
76 98 4
77 78 2
77 79 4
77 81 4
77 82 4
77 86 4
77 92 3
77 93 1
77 96 2
77 97 3
78 81 2
78 85 2
78 94 1
78 96 3
78 97 4
78 98 1
78 100 3
79 81 4
79 83 2
79 87 2
79 90 1
79 91 4
79 94 2
79 95 1
79 96 4
80 83 4
80 84 3
80 85 4
80 87 3
80 93 1
80 94 2
80 95 1
80 97 3
80 100 1
81 84 4
81 85 3
81 88 2
81 89 4
81 90 1
81 92 2
81 93 4
81 94 3
81 95 2
81 96 2
81 100 1
82 83 3
82 85 4
82 87 4
82 93 2
82 94 4
82 96 1
82 98 3
83 84 2
83 85 1
83 86 4
83 87 2
83 89 3
83 90 1
83 92 2
83 93 1
83 95 4
83 96 1
84 90 3
84 91 2
84 92 1
84 93 3
84 97 2
84 100 4
85 87 4
85 91 1
85 94 3
85 96 4
85 97 1
85 98 3
85 99 2
85 100 2
86 87 2
86 89 2
86 91 4
86 92 3
86 93 1
86 94 3
86 96 3
86 97 4
86 98 3
86 100 4
87 93 4
87 97 4
88 89 2
88 94 2
88 96 3
88 99 3
89 90 3
89 91 4
89 94 2
89 95 3
89 99 2
89 100 2
90 91 4
90 92 3
90 94 4
90 98 2
91 96 1
91 97 3
91 98 2
91 100 4
92 93 3
92 98 2
92 100 2
93 97 3
93 100 3
94 96 4
94 97 3
94 100 4
95 98 3
95 99 1
95 100 3
96 99 4
97 98 4
97 99 2
97 100 1
98 99 2
