794
205 692
246 519
227 788
128 324
290 846
165 683
202 723
302 693
273 505
257 346
293 707
367 630
272 762
141 429
380 855
322 704
199 533
129 749
195 710
263 416
218 444
251 601
143 727
160 643
167 387
218 500
145 547
228 698
191 572
107 474
346 512
280 316
123 354
375 322
350 702
206 574
192 401
112 877
138 425
155 315
372 461
167 468
363 506
338 877
169 855
247 459
279 483
186 366
341 407
122 465
326 598
381 819
193 779
256 693
167 557
318 578
187 386
181 586
285 776
228 534
369 768
375 342
126 334
173 653
246 570
280 412
308 720
214 731
278 878
234 656
285 386
112 405
163 842
147 836
218 410
305 592
253 318
359 382
365 815
250 565
232 717
311 507
318 771
164 281
120 613
167 428
357 732
280 333
257 388
371 535
207 494
185 538
203 622
243 634
200 520
306 775
147 738
377 626
265 471
185 500
344 405
193 647
315 325
345 665
305 714
170 683
237 280
374 580
304 706
133 292
233 367
341 416
180 303
246 569
382 511
231 424
188 561
275 618
299 615
199 770
181 435
239 489
129 627
262 788
355 847
342 512
238 713
372 883
245 532
264 353
173 475
201 524
321 411
266 483
219 376
350 307
237 658
222 698
328 427
202 571
283 520
116 438
351 573
340 810
230 725
350 712
224 503
166 797
150 331
291 499
300 484
172 693
353 775
307 379
279 829
209 426
180 597
207 534
214 748
253 839
275 462
249 626
277 741
170 438
251 654
197 345
225 307
213 845
163 381
383 846
156 738
130 511
320 699
271 457
287 342
382 876
251 799
188 330
171 877
356 567
222 878
378 623
326 512
149 831
237 646
336 663
250 292
131 669
208 781
227 392
332 374
181 490
363 721
235 666
130 759
359 473
270 708
201 775
172 516
210 675
288 625
205 495
138 465
232 470
144 855
241 321
194 693
182 356
198 803
215 354
133 817
363 540
155 484
123 699
320 872
139 723
282 665
271 366
365 337
168 328
365 871
110 374
238 635
239 319
112 314
167 340
153 669
332 610
221 758
319 715
191 638
274 471
207 609
297 384
172 846
206 701
278 536
219 622
292 367
356 558
317 786
333 375
179 342
183 561
243 857
345 687
362 666
311 749
288 559
267 784
198 408
120 466
194 512
119 674
201 591
295 733
125 694
114 785
137 655
109 703
201 573
217 351
195 499
258 466
260 797
345 417
125 687
337 710
206 534
210 643
335 572
330 457
254 436
168 866
143 541
173 558
132 300
310 305
319 573
215 421
219 584
160 527
147 284
347 426
356 575
166 510
185 395
276 364
343 770
234 485
123 751
231 376
200 516
269 415
234 625
223 410
168 848
202 435
283 736
353 516
229 490
178 411
138 554
255 279
302 567
368 588
299 372
364 324
265 818
141 538
239 748
357 607
149 447
127 682
232 463
198 449
122 786
278 401
234 807
144 618
148 619
363 646
236 732
348 441
203 880
126 336
255 491
254 568
170 547
240 687
264 402
269 526
218 558
328 481
206 782
109 691
108 865
204 345
323 869
248 489
165 327
373 721
264 330
230 320
134 491
239 450
312 704
188 642
179 466
105 579
113 784
142 602
367 558
247 590
306 295
341 518
274 465
296 613
190 482
375 845
119 501
126 428
244 832
363 420
233 758
210 497
363 830
249 533
106 606
268 767
115 763
285 694
169 478
332 587
231 802
366 495
164 679
184 463
209 558
235 761
141 444
189 807
202 309
359 617
336 414
124 377
361 621
246 359
117 331
294 622
130 331
380 390
278 603
106 475
240 299
329 430
190 445
286 581
360 529
105 842
120 534
274 684
321 853
137 815
223 550
188 880
216 506
328 453
261 687
381 835
177 725
282 293
354 452
165 488
341 636
256 487
181 501
345 886
173 775
344 490
315 481
150 766
227 594
151 660
317 708
112 829
369 712
266 556
369 561
282 708
383 324
298 318
191 320
194 740
249 858
163 372
196 552
223 279
195 308
315 379
310 388
130 402
228 285
246 826
228 564
154 603
190 684
300 884
219 689
148 663
156 807
157 838
305 733
180 457
156 620
136 623
327 607
270 672
344 546
275 297
170 377
308 560
282 385
147 628
226 412
371 572
288 277
138 530
312 479
219 617
216 384
338 673
303 828
221 446
249 795
342 435
326 817
183 794
382 393
235 839
306 664
117 586
259 773
311 514
255 662
164 305
288 322
139 602
233 885
362 475
256 350
304 804
201 469
317 322
221 362
316 840
282 524
245 528
370 491
237 501
212 736
221 764
305 348
217 769
120 363
146 867
131 719
363 444
342 610
318 613
356 491
214 560
191 829
305 874
141 695
309 427
346 743
258 438
292 509
317 278
182 404
190 760
317 769
327 873
357 534
346 306
125 281
198 602
143 518
281 385
170 803
319 593
245 567
293 591
180 801
353 513
196 576
357 282
223 428
296 677
175 596
140 550
325 412
302 552
245 580
156 705
299 312
334 880
178 283
205 520
360 293
122 855
225 867
194 778
286 857
152 817
255 391
166 281
313 471
173 296
174 331
373 385
208 863
141 696
180 690
148 793
306 812
221 418
152 739
105 316
310 605
302 389
232 454
272 363
340 674
226 539
178 834
113 822
153 754
177 795
281 690
276 381
277 580
247 525
318 557
271 866
293 537
319 721
167 487
196 479
161 307
145 730
149 507
128 790
194 414
318 658
311 517
191 557
219 398
144 367
192 484
291 678
111 440
136 576
327 435
188 653
158 639
230 447
275 277
292 360
344 776
350 356
329 618
369 341
379 557
209 532
330 502
180 628
234 561
122 434
329 824
174 300
325 419
197 561
162 546
193 560
222 500
287 566
207 391
224 696
293 786
283 552
334 390
188 797
181 339
256 509
302 877
122 577
235 728
349 556
213 623
308 548
209 592
111 806
374 585
126 494
170 682
135 614
274 788
199 583
317 593
371 851
286 463
370 719
217 521
324 417
108 343
269 831
350 644
135 481
119 479
236 554
353 582
196 795
380 532
209 449
253 422
161 546
197 683
187 638
374 492
247 299
267 586
201 333
300 719
188 413
283 350
111 313
200 697
112 865
106 438
122 306
304 570
302 307
215 679
318 408
124 564
197 568
205 400
131 332
142 277
325 879
147 881
187 732
147 859
330 759
305 866
294 720
137 478
232 639
211 536
349 281
238 317
128 811
349 314
349 397
260 449
319 393
235 417
159 862
212 675
318 528
345 637
248 317
336 838
239 837
155 566
284 427
258 530
239 771
352 333
220 610
108 396
145 677
172 691
131 653
195 502
302 858
185 384
146 818
157 696
191 550
378 724
110 706
289 778
366 665
339 596
377 455
250 841
196 367
227 623
210 849
176 765
367 827
190 836
286 323
303 642
343 745
354 413
163 575
204 879
129 863
239 466
117 417
152 404
316 790
319 368
209 715
164 691
261 843
213 530
105 401
148 604
322 490
303 547
269 771
137 864
175 854
308 296
268 590
286 621
245 291
236 362
224 683
153 503
160 533
153 646
286 766
114 642
208 830
216 883
329 570
279 577
132 423
199 650
171 745
110 343
214 819
272 607
150 323
323 372
194 706
256 353
184 830
105 277 384 887
