1299 2444 3462 4380 5299 6217 7135 8054 8972 9891 10809 11727 12646 13564 14482 15401 16319 17237 18156 19074 19993 20911 21829 22748 23666 24584 25503 26421 27340 28258 29176 30095 31013 31931 32850 33768 34686 35605 36523 37442 38360 39278 40197 41115 42033 42952 43870 44789 45707 46625 47544 48462 49380 50299 51217 52135 53054 53972 54891 55809 56727 57646 58564 59482 60401 61319 62237 63156 64074 64993 65911 66829 67748 68666 69584 70503 71421 72340 73258 74176 75095 76013 76931 77850 78768 79686 80605 81523 82442 83360 84278 85197 86115 87033 87952 88870 89789 90707 91625 92544 93462 94380 95299 96217 97135 98054 98972 99891 100809 101727 102646 103564 104482 105401 106319 107237 108156 109074 109993 110911 111829 112748 113666 114584 115503 116421 117340 118258 119176 120095 121013 121931 122850 123768 124686 125605 126523 127442 128360 129278 130197 131115 132033 132952 133870 134789 135707 136625 137544 138462 139380 140299 141217 142135 143054 143972 144891 145809 146727 147646 148564 149482 150401 151319 152237 153156 154074 154993 155911 156829 157748 158666 159584 160503 161421 162340 163258 164176 165095 166013 166931 167850 168768 169686 170605 171523 172442 173360 174278 175197 176115 177033 177952 178870 179789 180707 181625 182544 183462 184380 185299 186217 187135 188054 188972 189891 190809 191727 192646 193564 194482 195401 196319 197237 198156 199074 199993 200911 201829 202748 203666 204584 205503 206421 207340 208258 209176 210095 211013 211931 212850 213768 214686 215605 216523 217442 218360 219278 220197 221115 222033 222952 223870 224789 225707 226625 227544 228462 229380 230299 231217 232135 233054 233972 234891 235809 236727 237646 238564 239482 240401 241319 242237 243156 244074 244993 245911 246829 247748 248666 249584 250503 251421 252340 253258 254176 255095 256013 256931 257850 258768 259686 260605 261523 262442 263360 264278 265197 266115 267033 267952 268870 269789 270707 271625 272544 273462 274380 275299 276217 277135 278054 278972 279891 280809 281727 282646 283564 284482 285401 286319 287237 288156 289074 289993 290911 291829 292748 293666 294584 295503 296421 297340 298258 299176 300095 301013 301931 302850 303768 304686 305605 306523 307442 308360 309278 310197 311115 312033 312952 313870 314789 315707 316625 317544 318462 319380 320299 321217 322135 323054 323972 324891 325809 326727 327646 328564 329482 330401 331319 332237 333156 334074 334993 335911 336829 337748 338666 339584 340503 341421 342340 343258 344176 345095 346013 346931 347850 348768 349686 350605 351523 352442 353360 354278 355197 356115 357033 357952 358870 359789 360707 361625 362544 363462 364380 365299 366217 367135 368054 368972
10
116 266 239143
171 49 960050
12 216 1519433
7 237 2085890
96 127 2813732
345 366 3276136
351 395 3678798
32 53 4236905
106 133 5185279
21 27 5521274
