1062 1717 2428 2974 3438 3888 4338 4788 5238 5688 6138 6588 7038 7488 7938 8388 8838 9288 9738 10188 10638 11088 11538 11988 12438 12888 13338 13788 14238 14688 15138 15588 16038 16488 16938 17388 17838 18288 18738 19188 19638 20088 20538 20988 21438 21888 22338 22788 23238 23688 24138 24588 25038 25488 25938 26388 26838 27288 27738 28188 28638 29088 29538 29988 30438 30888 31338 31788 32238 32688 33138 33588 34038 34488 34938 35388 35838 36288 36738 37188 37638 38088 38538 38988 39438 39888 40338 40788 41238 41688 42138 42588 43038 43488 43938 44388 44838 45288 45738 46188 46638 47088 47538 47988 48438 48888 49338 49788 50238 50688 51138 51588 52038 52488 52938 53388 53838 54288 54738 55188 55638 56088 56538 56988 57438 57888 58338 58788 59238 59688 60138 60588 61038 61488 61938 62388 62838 63288 63738 64188 64638 65088 65538 65988 66438 66888 67338 67788 68238 68688 69138 69588 70038 70488 70938 71388 71838 72288 72738 73188 73638 74088 74538 74988 75438 75888 76338 76788 77238 77688 78138 78588 79038 79488 79938 80388 80838 81288 81738 82188 82638 83088 83538 83988 84438 84888 85338 85788 86238 86688 87138 87588 88038 88488 88938 89388 89838 90288 90738 91188 91638 92088 92538 92988 93438 93888 94338 94788 95238 95688 96138 96588 97038 97488 97938 98388 98838 99288 99738 100188 100638 101088 101538 101988 102438 102888 103338 103788 104238 104688 105138 105588 106038 106488 106938 107388 107838 108288 108738 109188 109638 110088 110538 110988 111438 111888 112338 112788 113238 113688 114138 114588 115038 115488 115938 116388 116838 117288 117738 118188 118638 119088 119538 119988 120438 120888 121338 121788 122238 122688 123138 123588 124038 124488 124938 125388 125838 126288 126738 127188 127638 128088 128538 128988 129438 129888 130338 130788 131238 131688 132138 132588 133038 133488 133938 134388 134838 135288 135738 136188 136638 137088 137538 137988 138438 138888 139338 139788 140238 140688 141138 141588 142038 142488 142938 143388 143838 144288 144738 145188 145638 146088 146538 146988 147438 147888 148338 148788 149238 149688 150138 150588 151038 151488 151938 152388 152838 153288 153738 154188 154638 155088 155538 155988 156438 156888 157338 157788 158238 158688 159138 159588 160038 160488 160938 161388 161838 162288 162738 163188 163638 164088 164538 164988 165438 165888 166338 166788 167238 167688 168138 168588 169038 169488 169938 170388 170838 171288 171738 172188 172638 173088 173538 173988 174438 174888 175338 175788 176238 176688 177138 177588 178038 178488 178938 179388 179838 180288 180738 181188 181638
25
230 124 4535
210 371 117701
55 12 122963
70 55 131509
230 120 140412
234 119 498546
253 384 555871
50 43 557902
81 50 558977
234 105 567831
217 108 978659
254 374 1032219
55 41 1033934
82 55 1034069
217 110 1043316
240 106 1427378
207 364 1493969
59 12 1501907
90 59 1512470
240 106 1512961
239 117 1920256
252 374 1987539
50 2 1994284
94 50 1999962
239 132 2011079
