6385 2564 3626 4441 5128 5733 6280 6783 7252 7695 8137 8578 9019 9460 9901 10342 10784 11225 11666 12107 12548 12990 13431 13872 14313 14754 15195 15637 16078 16519 16960 17401 17842 18284 18725 19166 19607 20048 20490 20931 21372 21813 22254 22695 23137 23578 24019 24460 24901 25342 25784 26225 26666 27107 27548 27990 28431 28872 29313 29754 30195 30637 31078 31519 31960 32401 32842 33284 33725 34166 34607 35048 35490 35931 36372 36813 37254 37695 38137 38578 39019 39460 39901 40342 40784 41225 41666 42107 42548 42990 43431 43872 44313 44754 45195 45637 46078 46519 46960 47401 47842 48284 48725 49166 49607 50048 50490 50931 51372 51813 52254 52695 53137 53578 54019 54460 54901 55342 55784 56225 56666 57107 57548 57990 58431 58872 59313 59754 60195 60637 61078 61519 61960 62401 62842 63284 63725 64166 64607 65048 65490 65931 66372 66813 67254 67695 68137 68578 69019 69460 69901 70342 70784 71225 71666 72107 72548 72990 73431 73872 74313 74754 75195 75637 76078 76519 76960 77401 77842 78284 78725 79166 79607 80048 80490 80931 81372 81813 82254 82695 83137 83578 84019 84460 84901 85342 85784 86225 86666 87107 87548 87990 88431 88872 89313 89754 90195 90637 91078 91519 91960 92401 92842 93284 93725 94166 94607 95048 95490 95931 96372 96813 97254 97695 98137 98578 99019 99460 99901 100342 100784 101225 101666 102107 102548 102990 103431 103872 104313 104754 105195 105637 106078 106519 106960 107401 107842 108284 108725 109166 109607 110048 110490 110931 111372 111813 112254 112695 113137 113578 114019 114460 114901 115342 115784 116225 116666 117107 117548 117990 118431 118872 119313 119754 120195 120637 121078 121519 121960 122401 122842 123284 123725 124166 124607 125048 125490 125931 126372 126813 127254 127695 128137 128578 129019 129460 129901 130342 130784 131225 131666 132107 132548 132990 133431 133872 134313 134754 135195 135637 136078 136519 136960 137401 137842 138284 138725 139166 139607 140048 140490 140931 141372 141813 142254 142695 143137 143578 144019 144460 144901 145342 145784 146225 146666 147107 147548 147990 148431 148872 149313 149754 150195 150637 151078 151519 151960 152401 152842 153284 153725 154166 154607 155048 155490 155931 156372 156813 157254 157695 158137 158578 159019 159460 159901 160342 160784 161225 161666 162107 162548 162990 163431 163872 164313 164754 165195 165637 166078 166519 166960 167401 167842 168284 168725 169166 169607 170048 170490 170931 171372 171813 172254 172695 173137 173578 174019 174460 174901 175342 175784 176225 176666 177107 177548 177990 178431 178872 179313 179754 180195
28
113 248 4729
184 81 71233
272 241 77648
113 245 79994
117 238 343901
123 80 404441
339 241 411940
117 224 417372
146 218 737857
137 68 777783
265 238 778752
146 202 783722
140 233 1044081
186 56 1078933
332 232 1088580
140 219 1089892
117 230 1411316
137 57 1465922
298 241 1472255
117 247 1481764
108 249 1782894
113 74 1861962
274 238 1862685
108 225 1875919
133 220 2141038
157 88 2193260
285 224 2196871
133 219 2197734
