1086 2295 3245 3974 4589 5131 5620 6078 6532 6987 7441 7896 8350 8805 9259 9714 10168 10623 11078 11532 11987 12441 12896 13350 13805 14259 14714 15168 15623 16078 16532 16987 17441 17896 18350 18805 19259 19714 20168 20623 21078 21532 21987 22441 22896 23350 23805 24259 24714 25168 25623 26078 26532 26987 27441 27896 28350 28805 29259 29714 30168 30623 31078 31532 31987 32441 32896 33350 33805 34259 34714 35168 35623 36078 36532 36987 37441 37896 38350 38805 39259 39714 40168 40623 41078 41532 41987 42441 42896 43350 43805 44259 44714 45168 45623 46078 46532 46987 47441 47896 48350 48805 49259 49714 50168 50623 51078 51532 51987 52441 52896 53350 53805 54259 54714 55168 55623 56078 56532 56987 57441 57896 58350 58805 59259 59714 60168 60623 61078 61532 61987 62441 62896 63350 63805 64259 64714 65168 65623 66078 66532 66987 67441 67896 68350 68805 69259 69714 70168 70623 71078 71532 71987 72441 72896 73350 73805 74259 74714 75168 75623 76078 76532 76987 77441 77896 78350 78805 79259 79714 80168 80623 81078 81532 81987 82441 82896 83350 83805 84259 84714 85168 85623 86078 86532 86987 87441 87896 88350 88805 89259 89714 90168 90623 91078 91532 91987 92441 92896 93350 93805 94259 94714 95168 95623 96078 96532 96987 97441 97896 98350 98805 99259 99714 100168 100623 101078 101532 101987 102441 102896 103350 103805 104259 104714 105168 105623 106078 106532 106987 107441 107896 108350 108805 109259 109714 110168 110623 111078 111532 111987 112441 112896 113350 113805 114259 114714 115168 115623 116078 116532 116987 117441 117896 118350 118805 119259 119714 120168 120623 121078 121532 121987 122441 122896 123350 123805 124259 124714 125168 125623 126078 126532 126987 127441 127896 128350 128805 129259 129714 130168 130623 131078 131532 131987 132441 132896 133350 133805 134259 134714 135168 135623 136078 136532 136987 137441 137896 138350 138805 139259 139714 140168 140623 141078 141532 141987 142441 142896 143350 143805 144259 144714 145168 145623 146078 146532 146987 147441 147896 148350 148805 149259 149714 150168 150623 151078 151532 151987 152441 152896 153350 153805 154259 154714 155168 155623 156078 156532 156987 157441 157896 158350 158805 159259 159714 160168 160623 161078 161532 161987 162441 162896 163350 163805 164259 164714 165168 165623 166078 166532 166987 167441 167896 168350 168805 169259 169714 170168 170623 171078 171532 171987 172441 172896 173350 173805 174259 174714 175168 175623 176078 176532 176987 177441 177896 178350 178805 179259 179714 180168 180623 181078 181532 181987 182441 182896 183350 183805 184259 184714
24
107 204 25290
107 201 84449
8 98 96766
105 227 329811
105 245 384289
1 101 402616
128 239 682464
128 229 743629
0 125 758908
137 239 1071843
137 202 1125304
1 130 1133671
105 234 1406663
105 228 1470678
1 102 1481963
138 223 1775191
138 219 1821228
7 130 1831812
110 244 2125556
110 243 2178765
4 100 2184248
146 250 2495311
146 200 2553082
10 140 2555324
