1052 1381 1952 2415 2874 3333 3793 4252 4711 5170 5629 6089 6548 7007 7466 7925 8385 8844 9303 9762 10221 10680 11140 11599 12058 12517 12976 13436 13895 14354 14813 15272 15731 16191 16650 17109 17568 18027 18487 18946 19405 19864 20323 20782 21242 21701 22160 22619 23078 23538 23997 24456 24915 25374 25833 26293 26752 27211 27670 28129 28589 29048 29507 29966 30425 30885 31344 31803 32262 32721 33180 33640 34099 34558 35017 35476 35936 36395 36854 37313 37772 38231 38691 39150 39609 40068 40527 40987 41446 41905 42364 42823 43282 43742 44201 44660 45119 45578 46038 46497 46956 47415 47874 48333 48793 49252 49711 50170 50629 51089 51548 52007 52466 52925 53385 53844 54303 54762 55221 55680 56140 56599 57058 57517 57976 58436 58895 59354 59813 60272 60731 61191 61650 62109 62568 63027 63487 63946 64405 64864 65323 65782 66242 66701 67160 67619 68078 68538 68997 69456 69915 70374 70833 71293 71752 72211 72670 73129 73589 74048 74507 74966 75425 75885 76344 76803 77262 77721 78180 78640 79099 79558 80017 80476 80936 81395 81854 82313 82772 83231 83691 84150 84609 85068 85527 85987 86446 86905 87364 87823 88282 88742 89201 89660 90119 90578 91038 91497 91956 92415 92874 93333 93793 94252 94711 95170 95629 96089 96548 97007 97466 97925 98385 98844 99303 99762 100221 100680 101140 101599 102058 102517 102976 103436 103895 104354 104813 105272 105731 106191 106650 107109 107568 108027 108487 108946 109405 109864 110323 110782 111242 111701 112160 112619 113078 113538 113997 114456 114915 115374 115833 116293 116752 117211 117670 118129 118589 119048 119507 119966 120425 120885 121344 121803 122262 122721 123180 123640 124099 124558 125017 125476 125936 126395 126854 127313 127772 128231 128691 129150 129609 130068 130527 130987 131446 131905 132364 132823 133282 133742 134201 134660 135119 135578 136038 136497 136956 137415 137874 138333 138793 139252 139711 140170 140629 141089 141548 142007 142466 142925 143385 143844 144303 144762 145221 145680 146140 146599 147058 147517 147976 148436 148895 149354 149813 150272 150731 151191 151650 152109 152568 153027 153487 153946 154405 154864 155323 155782 156242 156701 157160 157619 158078 158538 158997 159456 159915 160374 160833 161293 161752 162211 162670 163129 163589 164048 164507 164966 165425 165885 166344 166803 167262 167721 168180 168640 169099 169558 170017 170476 170936 171395 171854 172313 172772 173231 173691 174150 174609 175068 175527 175987 176446 176905 177364 177823 178282 178742 179201 179660 180119 180578 181038 181497 181956 182415 182874 183333 183793 184252 184711
60
149 216 42336
146 85 112593
149 206 116902
301 357 119958
282 301 124752
299 317 127972
122 228 441840
116 100 486879
122 243 488891
339 398 490468
279 339 496089
287 341 498294
135 235 867234
159 97 919279
135 226 926692
310 374 930548
265 310 937968
308 365 941219
114 213 1251663
103 87 1307308
114 237 1312249
321 361 1312880
258 321 1320234
320 343 1325665
148 206 1661349
111 74 1706131
148 223 1710684
319 369 1710787
275 319 1712061
281 341 1716392
131 248 2049694
126 72 2098056
131 241 2098399
341 364 2107143
296 341 2115711
311 352 2122549
107 213 2444128
117 80 2514361
107 216 2518703
343 396 2526939
264 343 2531283
305 359 2532475
118 220 2897719
155 71 2946094
118 209 2947513
308 354 2954305
287 308 2955054
302 327 2961678
119 207 3286593
181 99 3329961
119 241 3335143
339 369 3341998
287 339 3348291
296 347 3352289
123 231 3683849
156 93 3747000
123 224 3750795
322 368 3754555
258 322 3756388
321 325 3758392
