1042 1726 2441 2990 3467 3941 4414 4888 5362 5836 6309 6783 7257 7730 8204 8678 9151 9625 10099 10572 11046 11520 11993 12467 12941 13414 13888 14362 14836 15309 15783 16257 16730 17204 17678 18151 18625 19099 19572 20046 20520 20993 21467 21941 22414 22888 23362 23836 24309 24783 25257 25730 26204 26678 27151 27625 28099 28572 29046 29520 29993 30467 30941 31414 31888 32362 32836 33309 33783 34257 34730 35204 35678 36151 36625 37099 37572 38046 38520 38993 39467 39941 40414 40888 41362 41836 42309 42783 43257 43730 44204 44678 45151 45625 46099 46572 47046 47520 47993 48467 48941 49414 49888 50362 50836 51309 51783 52257 52730 53204 53678 54151 54625 55099 55572 56046 56520 56993 57467 57941 58414 58888 59362 59836 60309 60783 61257 61730 62204 62678 63151 63625 64099 64572 65046 65520 65993 66467 66941 67414 67888 68362 68836 69309 69783 70257 70730 71204 71678 72151 72625 73099 73572 74046 74520 74993 75467 75941 76414 76888 77362 77836 78309 78783 79257 79730 80204 80678 81151 81625 82099 82572 83046 83520 83993 84467 84941 85414 85888 86362 86836 87309 87783 88257 88730 89204 89678 90151 90625 91099 91572 92046 92520 92993 93467 93941 94414 94888 95362 95836 96309 96783 97257 97730 98204 98678 99151 99625 100099 100572 101046 101520 101993 102467 102941 103414 103888 104362 104836 105309 105783 106257 106730 107204 107678 108151 108625 109099 109572 110046 110520 110993 111467 111941 112414 112888 113362 113836 114309 114783 115257 115730 116204 116678 117151 117625 118099 118572 119046 119520 119993 120467 120941 121414 121888 122362 122836 123309 123783 124257 124730 125204 125678 126151 126625 127099 127572 128046 128520 128993 129467 129941 130414 130888 131362 131836 132309 132783 133257 133730 134204 134678 135151 135625 136099 136572 137046 137520 137993 138467 138941 139414 139888 140362 140836 141309 141783 142257 142730 143204 143678 144151 144625 145099 145572 146046 146520 146993 147467 147941 148414 148888 149362 149836 150309 150783 151257 151730 152204 152678 153151 153625 154099 154572 155046 155520 155993 156467 156941 157414 157888 158362 158836 159309 159783 160257 160730 161204 161678 162151 162625 163099 163572 164046 164520 164993 165467 165941 166414 166888 167362 167836 168309 168783 169257 169730 170204 170678 171151 171625 172099 172572 173046 173520 173993 174467 174941 175414 175888 176362 176836 177309 177783 178257 178730 179204 179678 180151 180625 181099 181572 182046 182520 182993 183467 183941 184414 184888 185362 185836 186309 186783 187257 187730 188204 188678 189151 189625 190099 190572 191046
120
124 245 24162
235 244 87893
163 65 92656
124 226 93148
313 376 101205
281 313 103514
105 226 448684
216 225 514536
175 73 521425
105 207 524317
313 389 531379
260 313 537965
104 222 926304
212 221 983930
144 100 990691
98 207 993767
342 376 997474
295 342 1005928
129 222 1331512
212 221 1370238
181 69 1376275
129 213 1376702
343 398 1377535
252 343 1379098
137 201 1747284
191 200 1787275
170 85 1791507
127 243 1791870
317 382 1792593
282 317 1794322
141 239 2136359
229 238 2189610
148 52 2194601
141 210 2196474
321 372 2202243
274 321 2203155
105 223 2559348
213 222 2620044
102 68 2626988
102 225 2633317
326 377 2639953
281 326 2644531
144 228 3031706
218 227 3073846
200 81 3076047
135 238 3081257
345 381 3087554
275 345 3092570
129 233 3419746
223 232 3477811
118 73 3481093
124 241 3485038
322 388 3490985
294 322 3494653
118 219 3895197
209 218 3956998
193 71 3961672
108 229 3964110
303 377 3968315
287 303 3973812
109 244 4338230
234 243 4406082
151 80 4415851
103 245 4421916
306 361 4425076
277 306 4430198
126 209 4777610
199 208 4835937
197 99 4842051
117 242 4846430
336 353 4850851
279 336 4855928
149 242 5154926
232 241 5203288
140 60 5205959
147 228 5209157
318 384 5211418
254 318 5218713
111 243 5590620
233 242 5649198
149 82 5651675
107 237 5661509
308 359 5666660
263 308 5667925
100 200 6023605
190 199 6094472
156 54 6096255
100 250 6102130
327 382 6102259
298 327 6107758
141 232 6498972
222 231 6552468
160 52 6556826
140 230 6564066
348 369 6570212
258 348 6577001
121 246 6917101
236 245 6973694
189 60 6976224
119 230 6980258
311 386 6987631
271 311 6994440
107 225 7370899
215 224 7435652
100 68 7441419
99 225 7443558
342 389 7448550
285 342 7451238
111 214 7831501
204 213 7891093
179 72 7896577
108 218 7904222
306 391 7907993
280 306 7915309
113 217 8302298
207 216 8359989
178 85 8367114
112 250 8370210
314 357 8371531
285 314 8372945
