300 300
167 44
200 258
123 280
176 40
143 173
228 78
135 109
23 24
147 71
31 161
238 133
21 41
21 299
274 282
179 84
101 171
9 45
188 217
34 48
179 68
273 203
106 230
85 177
286 42
98 164
227 148
141 19
20 170
60 266
244 146
239 48
292 178
130 108
233 216
224 163
75 104
195 153
69 239
77 6
111 269
154 200
250 45
147 10
288 207
203 150
92 114
112 285
90 92
148 170
181 258
268 298
148 84
85 216
4 149
205 166
112 27
144 118
210 194
200 103
221 148
118 262
10 112
282 144
72 239
100 175
198 216
276 209
11 65
43 291
300 36
171 186
297 186
284 30
123 229
244 221
83 70
64 254
31 67
129 65
277 101
246 238
192 292
230 47
103 113
216 219
99 8
41 217
164 200
74 194
251 24
263 10
27 167
119 156
66 34
108 79
169 68
61 251
278 123
211 89
96 213
77 80
152 69
88 36
247 267
1 300
4 178
240 238
36 48
145 165
3 103
76 138
176 218
147 279
220 277
175 162
219 34
183 193
219 296
119 110
38 273
43 20
265 26
64 66
22 274
259 124
46 229
94 292
287 174
18 94
194 222
9 259
163 58
276 286
9 155
148 29
19 17
290 195
135 2
127 278
290 147
133 14
172 100
123 274
22 144
247 143
53 291
242 223
148 183
120 165
105 251
21 273
276 47
91 9
53 173
289 281
7 129
87 294
140 267
130 111
55 183
90 79
128 14
203 227
91 123
265 103
71 89
23 84
248 159
14 85
39 135
149 276
137 255
132 90
151 252
186 221
228 197
91 298
195 157
90 63
299 276
145 19
116 267
42 255
176 133
210 87
226 252
141 218
169 80
97 106
52 3
226 276
144 141
213 31
7 82
171 82
244 285
186 134
191 55
102 72
255 197
89 289
188 20
67 120
254 74
267 224
35 138
295 277
264 215
74 222
163 19
88 161
159 78
26 83
60 184
295 115
49 263
209 68
283 167
236 185
240 88
139 57
104 70
205 280
278 72
208 188
39 295
148 231
202 99
197 36
200 285
152 284
210 255
115 179
175 22
192 210
67 258
272 268
172 183
204 164
109 246
272 85
160 69
262 117
300 40
13 105
230 24
174 1
23 217
175 180
143 75
78 211
40 132
41 186
166 89
144 97
202 154
242 76
289 35
179 230
166 109
277 111
250 228
97 153
199 205
41 239
239 87
216 299
254 210
273 190
291 101
12 45
199 28
181 34
138 84
151 111
46 294
108 182
269 161
93 110
110 28
284 233
299 247
120 207
270 240
249 22
261 29
233 122
103 181
271 2
131 72
197 119
179 171
283 85
173 115
6 269
93 172
297 210
68 145
83 90
107 186
