49998.999999994 49999.000000000
82560.580135072 131366.771387000
-2.222252968 2.682296000
2.000000024 3.000000000
-44127.032785924 145504.399662000
-4.836993987 1.069689000
3.041768026 3.627684000
115664.484350499 10919.170763000
-2.999999933 4.000000000
1.375523031 2.039684000
22497.516977073 149293.117184000
-3.999999971 2.000000000
2.000000012 1.000000000
159374.365775557 119113.708940000
1.000000065 5.000000000
-4.999999975 3.000000000
84637.807230074 164531.403174000
-1.247929997 0.397603000
2.000000031 2.000000000
139207.905497450 109247.458860000
-0.999999990 1.000000000
2.000000067 5.000000000
-105943.905732553 125303.088899000
-0.999999932 4.000000000
-4.999999975 3.000000000
75100.898574557 101882.664991000
-0.175092966 4.109720000
4.201283067 4.502524000
-64321.350364924 185258.946533000
-0.529663980 1.925421000
-2.237652955 3.124669000
125216.195512529 82218.224159000
2.000000067 4.000000000
-3.999999934 4.000000000
-141037.200284723 50963.786754000
0.000000014 1.000000000
-3.358980973 2.934704000
82597.530216576 92058.069729607
0.047583199 4.864273966
-3.501172481 4.292835642
49787.800569065 169424.318177000
-4.459423931 4.977990000
-1.083097975 3.368685000
14150.316934194 157705.614555142
2.000000067 4.000000000
-0.142857149 4.344830383
57622.533399282 128853.775175577
1.497070067 4.230053000
0.999999995 2.236067980
-43330.850378423 148950.395456928
-1.964007626 2.903444557
-0.612242830 4.404398636
-26305.526100925 133832.781593000
-0.860162894 4.591357000
0.562499993 5.562500003
-61720.224479924 152841.812600000
0.000579591 4.469190090
-0.949075323 2.031506906
10088.157197860 154608.923574766
-1.500000005 4.716990569
0.000000069 5.000000000
94381.123755273 54999.454020000
0.459479453 3.906941189
3.499999997 3.041381266
15588.935083731 184918.145787418
-1.395573976 3.617615000
1.220955039 4.084847000
-13437.650307136 139668.429345933
-1.686141983 2.117305000
0.835703038 4.344946000
-30633.160741518 130082.283757282
-1.056115955 3.299390000
-1.617570962 4.848446000
63264.313284557 127289.919944000
-2.750000006 1.250000003
-4.004406931 4.060805000
59820.216410074 184017.327120000
0.896367047 3.808887000
0.555311762 3.864209581
74679.386158558 119640.408563000
0.183807064 4.981917977
0.099999997 2.900000003
-38147.758044119 166463.412602753
0.357142853 4.794235487
-1.181818188 6.262178224
-143044.240563443 113881.943551000
1.083333330 6.351399673
2.285714279 6.585388901
75210.378970074 176033.196668000
-2.027823502 5.132385411
0.104069688 5.203856453
-12352.214895229 156454.626929697
0.619373831 4.953467428
-1.140983124 3.113483847
20696.320528169 150730.600452390
1.583333327 4.673358301
-3.837794981 6.118127549
-1628.834120926 177309.221345000
-3.333333341 4.013864860
-0.861842380 5.271136227
-22546.933027764 143251.192881872
-3.177646903 4.636279230
-0.999999932 5.000000000
-13338.562746988 133719.373132676
1.875969126 3.677442341
-2.375000001 6.032464256
92329.415886558 94687.703938000
0.000000065 5.000000000
-0.500000003 5.315072909
81671.925291076 130999.881152629
0.699999995 4.205948171
-2.312500006 5.676500358
39359.685000751 148903.699361678
-1.500000005 5.408326918
0.271544023 3.531430000
-10290.033542019 156769.992019857
-1.750000004 3.750000004
2.333333329 4.333333335
-7982.209279994 165937.277122816
1.316303047 6.344034323
-0.538062924 6.325668151
41562.148546118 189820.314742000
-0.863636366 5.948296515
-0.699487359 5.082651634
25365.967128076 177933.385811000
-2.301037962 4.078057000
0.599999993 5.015974482
-43340.538694939 175043.762737000
0.999999996 8.000000000
-0.000000008 8.062257752
-49429.970164924 179771.831653000
0.409090903 7.554895521
4.372815066 5.007950000
29735.803166197 173943.823891713
1.000000056 7.000000000
-0.625000005 9.637978267
62939.284716075 136450.513374000
-1.653846158 6.653846158
-0.497307161 7.383631540
11316.065025363 171321.361515343
0.615384612 6.690539116
2.749999994 7.004462863
-97076.832904923 175241.824403000
-2.500000004 6.020797293
2.999999997 7.280109890
54422.469976229 126496.396374523
1.785714284 7.224179921
-3.999999946 7.000000000
-59150.486637925 172319.307996000
0.003341469 7.618766928
-0.909090915 7.161074764
12350.608419484 149410.917516757
-1.500000005 8.200609738
-2.054633212 8.246086618
-37455.792560925 145497.309058000
2.099999998 7.000714251
-5.363636367 8.423206829
-39607.165762007 169682.425135309
-0.250000001 6.250000001
-0.115384618 7.721962073
6679.204706716 163295.154816538
-2.999999943 7.000000000
-0.509045943 6.713855000
59259.529815955 172864.021082727
-5.479124948 7.431691000
0.446651300 6.851855677
7390.242203843 105762.728201216
3.257131099 6.920604000
2.748886169 8.676959447
2902.964308506 148640.994341894
3.070563403 5.047187054
0.536373267 8.390725199
-15637.174327104 154152.661096652
0.249999997 4.250000003
4.874251051 5.769389000
6587.810381934 177128.476296876
1.399999995 8.772684882
-3.590909094 6.666339526
-6315.923356773 122898.796891165
1.259240035 4.320259000
-2.620623358 7.497656233
-25762.278496938 161805.421769000
2.248248883 8.715080672
1.428571427 8.144110181
-22934.829438191 150596.928022142
-0.787069863 8.877251000
0.792711912 11.243346689
-7038.550146882 165581.174394877
-3.500000003 11.101801657
5.000000142 10.000000000
53738.733353075 172596.626143000
0.621184796 11.437963586
-2.394736846 11.783039837
8832.116142906 168440.176139362
1.269597571 6.840942226
0.115382617 11.937547677
-65198.510140093 186626.666796000
-3.875000003 10.075496269
-1.738080274 10.732205216
35975.219513764 145995.611277452
-3.533148274 7.045651400
-0.533180850 9.376082448
-41170.744897337 163773.963843946
-2.616355705 11.924008115
0.147058820 11.312064481
43665.983633596 132792.703408864
-0.538461541 10.981695368
-3.333333335 12.018504253
-40603.922359371 181851.880131220
1.001635824 11.883875956
-1.857142863 10.738068845
-12586.514762729 161889.531565126
-3.500000008 6.500000003
2.088767320 10.058448767
73595.866858316 104814.804709167
7.000000141 10.000000000
3.158609275 10.548582934
24597.916683120 186983.156886000
-4.222477165 9.842375672
-1.120518980 9.993087185
2172.634765224 136084.757459691
1.419449751 10.781992108
-1.923076926 8.539847429
18738.918477312 172880.960519295
-0.550000001 10.010119881
-1.100467245 8.720988616
12621.818588572 169545.070734139
0.825947158 7.991174822
-0.491526313 8.464415997
30057.756969576 149772.400309674
-2.750000003 8.003905299
1.810352081 8.235986000
19153.350536603 176506.843171148
-0.210526318 10.992442634
0.460826482 7.414465124
-62013.436647752 168980.727896170
-0.316775290 8.377399394
-3.875000005 6.206095799
34651.996235541 156889.425045833
-0.556753249 8.206350785
0.249999996 9.410765113
-26727.874322488 164254.334739588
0.650241743 11.233318110
2.999999993 13.601470513
-18747.796410381 157722.061169592
-0.457117133 10.007368684
-0.000000003 12.529964089
-3671.651570430 149517.537932465
2.124999997 13.528326765
-1.532003861 9.303957417
20016.702491350 196133.308276610
-1.979782867 14.043511594
2.197677329 12.208294778
16945.063743633 153848.922645737
0.034767816 9.664348176
2.473980250 12.652938898
9979.611222470 165770.761802463
0.156218038 14.435876718
1.668632240 15.565706515
-21406.408769187 180477.058795363
-4.666666671 11.822765237
0.458333333 11.271353193
1064.846903199 159679.787739544
0.535714281 10.583065508
0.999999994 12.369316878
-23943.786448073 167750.649325525
-0.447368426 13.158552619
1.005529798 10.695925154
27768.802575688 151476.902016662
1.264235845 12.878032559
1.550366464 13.412775863
30969.662502286 165826.534031125
-2.000000006 13.000000006
0.499999995 13.313526959
30089.880183095 194590.746290633
-3.181818187 13.332679052
-1.791155224 12.350383777
31958.979201905 186267.879292000
1.348369193 11.742315697
1.773777695 15.341731008
25063.908600381 150646.924408940
-0.900848294 11.130046630
-1.656250007 11.488827796
6348.358803366 121582.859250640
5.192307686 11.352670881
1.574999998 11.618116243
15426.644490119 177298.244802094
0.529800111 11.735835000
-6.269230772 11.615448296
-33743.538294483 178505.295573063
3.474564883 13.538049057
1.022727268 13.436739604
13856.511475467 172407.348227479
-5.785714288 9.081546665
-2.071545598 10.615835400
-5799.806192280 151713.959003868
-0.029411769 11.677063256
1.093611319 8.856191300
22238.106392039 195173.722193611
0.269230767 10.520830284
-0.330882152 14.679774023
37091.731500293 183263.639134203
5.234351401 11.354456238
1.000000137 11.000000000
10803.205458775 167455.931878303
-1.120909918 14.130832699
1.142857140 12.142857143
-59922.279077062 184241.159152217
-3.666666672 15.835964698
-3.492557257 15.174922820
-50097.711588837 174494.847766875
0.818668699 13.566783534
-2.353784315 12.906595230
33715.151151213 156894.181673606
-1.181818184 14.271279604
0.000000114 13.000000000
-37873.804314634 139590.781996552
2.551352044 15.473617028
-3.731685080 14.454929437
-18357.504961607 151766.238268542
0.411764703 14.081448693
1.871696453 10.056145157
26816.288807075 173895.862289000
5.333333326 11.948965555
-1.968750003 13.012051208
-35095.234336626 150713.767008919
4.880952379 12.880952382
-5.823726556 13.231310246
-8074.202518769 169324.520964713
-9.000000003 13.038404813
0.936712247 15.345515935
14742.677223914 157269.964356449
1.676470583 11.498796392
4.749999995 16.250000002
-23103.517070907 133744.236443202
0.739130433 15.042787118
-3.574495778 13.517019356
-788.580163397 150011.739986796
1.824914648 17.016875284
3.312499998 14.189702473
-4697.337452019 165192.567731734
-0.956964410 13.556806159
-1.880000003 17.107144709
-18524.053570425 153905.039128682
1.562499996 16.345990527
0.305555554 14.040972894
-17514.042899966 154682.874179249
-4.764705886 15.142346499
-4.071428576 14.382706456
29411.100944323 146434.144914414
0.497123180 15.153035834
-3.522727276 15.930261890
8948.860412103 178550.381653448
0.624999995 12.515615250
2.854325413 12.674406835
-12408.982522925 183266.610225000
-5.562500002 13.226541735
1.895758873 12.119982065
-26077.430700567 151222.234217474
-1.750000004 12.905909501
-2.000000005 13.601470510
4988.333531735 163277.596611090
2.691599538 15.336707059
-2.080926656 16.732581729
-11971.235522813 150675.506345573
-0.121403771 16.672425844
8.000000112 13.000000000
-9352.290629206 168062.887053700
-0.500000003 16.224980742
-2.961538466 12.067181276
-19419.564939779 166585.021746275
-2.386363640 13.915792358
1.224849877 15.335200510
13887.439677072 179729.326795000
2.999999996 15.811388303
6.044500368 14.093424138
-45778.028626641 154875.275391649
-5.152883902 13.724442604
4.999999998 10.198039028
367.482818758 154086.937109935
1.272727269 15.123185638
-0.500000006 16.101242193
11935.011906424 161280.238501057
-1.319389630 17.610311923
-4.000000005 18.601075242
41471.119688449 187117.333557495
0.799999996 16.298466189
-1.500000005 18.607794069
28424.663736708 159175.987772177
8.008837561 16.375707353
-8.000000005 15.264337525
37500.590244076 169300.906920000
-14.999999889 15.000000000
-3.153846156 19.329745299
-54749.534682157 156572.984762582
-11.743765464 14.650978609
-7.230769236 18.245531191
225.457555289 184534.206987534
-0.478444905 16.728452085
0.539017617 16.062820623
93564.576342540 146505.447072005
-0.800000004 17.321662741
-1.410714288 19.756303891
-29922.707357633 172853.449786523
0.096153841 17.974597874
0.999999994 19.104973179
-41565.431164944 155000.873888128
-2.340677923 17.135333157
1.499999996 15.206906328
-13228.924206407 151145.587169050
-6.312500007 17.750990296
1.000000111 15.000000000
49345.411227674 186203.072543492
-2.263528784 18.267036920
0.499999995 17.414074771
31698.385410954 160394.437701915
-1.137931041 17.590702609
2.878295861 19.083826823
17686.096191657 153060.976972877
-0.129032262 19.310298216
-2.571428574 16.571428574
-489.305885138 152828.145447508
-0.788461545 17.674583517
3.317270567 16.454985623
-40462.362051081 175781.490715704
2.812914145 12.717680167
1.446454072 16.030443742
3622.997691812 143384.815655218
2.434906986 14.782900913
-6.715780358 9.370162969
12068.401264468 144872.849233040
0.630434779 17.177008529
-1.050000007 18.401154861
12479.449082228 158023.193986839
-2.761904764 15.888286308
-1.181818186 17.099610940
2001.734105310 192082.104341563
-2.000000001 14.035668849
1.374999994 18.381801466
18275.980171301 182217.588850694
-1.000000006 18.601075241
-1.730142986 14.373625592
1729.949911005 186298.140527824
-1.770689356 18.599309770
2.142857137 17.595221990
-49109.349403375 150072.072250191
-10.180527801 15.229881000
4.886502976 15.032036217
61827.297314935 151067.242740603
-1.462962966 15.372880208
1.640864826 15.653446675
-43952.963308660 163580.284207681
-4.098841814 14.500653254
1.999999996 17.804493817
43855.647520685 166046.217018443
-3.111111118 17.140306989
-6.263157900 17.358928829
-38822.174803402 154324.597060193
2.992922231 21.042821200
-3.227272729 22.664686554
1477.730722601 160429.089058710
1.826950876 19.673280451
5.635748265 19.082100049
35295.244867794 173486.793584636
-7.794193156 17.751131229
0.357714884 20.829252511
3477.635735427 132598.358476412
2.400265149 17.286463380
3.314585119 18.227006925
-18592.901280965 152891.939501251
0.397521588 21.393076102
-4.733333337 20.025095370
-19683.250920222 182276.203566952
0.249999994 19.275956529
1.869565210 19.751049842
19997.001439023 107048.911690187
10.057692305 19.292372486
0.027777775 17.712227242
-8745.614541035 197645.995476604
0.081184921 22.452525466
-1.924863779 16.349226988
-38624.472328881 192501.329598000
1.086122015 19.596328967
4.716629167 18.577009952
-50749.326131669 114414.271434497
-1.914285718 24.140219639
2.592639863 19.135407317
4346.311560275 153171.274928296
2.499999998 19.448650340
-2.178571433 17.969113241
-21951.375279570 182561.283699448
3.189198307 19.694254961
-0.645833338 18.049711933
33778.833183954 173321.786807959
-2.909090911 22.731817729
4.615384613 15.377113556
-42942.931306943 186470.875306541
-3.267490946 19.409029934
1.149999998 19.116027308
54898.671551075 184787.527913000
-2.361222401 22.489956079
0.791572274 18.489680588
57804.861310192 170619.252847211
-1.125000006 17.132297717
-2.100000003 22.556817154
3408.578984836 163766.515433996
-0.106060609 19.329182848
5.801991068 16.643375220
10454.016949371 163291.870740644
0.538647111 14.523025000
-2.196969702 21.797470182
-42920.515264879 187110.540693000
-3.796730777 17.218981988
-0.500000003 19.006577811
12038.444071946 163406.769132378
-5.195652180 18.630130387
-1.375000004 13.243512565
-43078.096915925 169382.134372000
-5.342636652 17.331963341
-3.148984153 20.654327177
-16058.922267198 155648.922537045
-5.682556737 18.700074578
0.153846149 19.908072761
-21657.456148272 183602.157444611
-5.214285720 20.984080462
6.480769227 18.588674816
44437.095246071 164201.424682000
-7.096774196 20.196047462
7.999999994 18.027756378
-45507.343548087 162985.347805027
6.075423553 16.752774177
0.609374998 20.313852120
-44787.881447583 172809.938545909
-0.014596453 21.183183899
1.539999992 17.653656848
-35099.901925212 168259.959409891
0.505933856 20.676172943
-4.250000003 20.348525748
-36395.232200449 171355.259639745
-5.318181821 20.416378535
-0.569208860 18.425581100
49288.836068135 170410.838161798
