49999.000000000000 49999.000000000000
82560.577743000000 131366.771387000000
-2.222253000000 2.682296000000
2.000000000000 3.000000000000
-44127.035178000000 145504.399662000000
-4.836994000000 1.069689000000
3.041768000000 3.627684000000
115664.484201000000 10919.170763000000
-3.000000000000 4.000000000000
1.375523000000 2.039684000000
22497.514585000000 149293.117184000000
-4.000000000000 2.000000000000
2.000000000000 1.000000000000
159374.364799000000 119113.708940000000
1.000000000000 5.000000000000
-5.000000000000 3.000000000000
84637.804838000000 164531.403174000000
-1.247930000000 0.397603000000
2.000000000000 2.000000000000
139207.903806000000 109247.458860000000
-1.000000000000 1.000000000000
2.000000000000 5.000000000000
-105943.907424000000 125303.088899000000
-1.000000000000 4.000000000000
-5.000000000000 3.000000000000
75100.897598000000 101882.664991000000
-0.175093000000 4.109720000000
4.201283000000 4.502524000000
-64321.352757000000 185258.946533000000
-0.529664000000 1.925421000000
-2.237653000000 3.124669000000
125216.194822000000 82218.224159000000
2.000000000000 4.000000000000
-4.000000000000 4.000000000000
-141037.200773000000 50963.786754000000
0.000000000000 1.000000000000
-3.358981000000 2.934704000000
82597.530216581024 92058.069729606285
0.047583205154 4.864273964111
-3.501172479548 4.292835640424
49787.799188000000 169424.318177000000
-4.459424000000 4.977990000000
-1.083098000000 3.368685000000
14150.316934195641 157705.614555140781
2.000000000000 4.000000000000
-0.142857142858 4.344830378788
57622.533399287173 128853.775175572520
1.497070000000 4.230053000000
0.999999999999 2.236067977501
-43330.850378420058 148950.395456925572
-1.964007622958 2.903444554379
-0.612242826063 4.404398632981
-26305.528493000000 133832.781593000000
-0.860163000000 4.591357000000
0.562499999999 5.562500000001
-61720.226872000000 152841.812600000000
0.000579596268 4.469190085334
-0.949075320076 2.031506903602
10088.157197866971 154608.923574764684
-1.500000000000 4.716990566030
0.000000000000 5.000000000000
94381.123267000000 54999.454020000000
0.459479454637 3.906941187176
3.500000000000 3.041381265150
15588.935083732128 184918.145787416951
-1.395574000000 3.617615000000
1.220955000000 4.084847000000
-13437.650307132596 139668.429345930842
-1.686142000000 2.117305000000
0.835703000000 4.344946000000
-30633.160741512520 130082.283757278949
-1.056116000000 3.299390000000
-1.617571000000 4.848446000000
63264.312308000000 127289.919944000000
-2.750000000000 1.250000000000
-4.004407000000 4.060805000000
59820.214018000000 184017.327120000000
0.896367000000 3.808887000000
0.555311766031 3.864209577704
74679.385182000000 119640.408563000000
0.183807067833 4.981917974269
0.100000000000 2.900000000001
-38147.758044117624 166463.412602752704
0.357142857143 4.794235484158
-1.181818181818 6.262178217927
-143044.241540000000 113881.943551000000
1.083333333334 6.351399670764
2.285714285714 6.585388898066
75210.376578000000 176033.196668000000
-2.027823499678 5.132385409965
0.104069690246 5.203856451183
-12352.214895226358 156454.626929694787
0.619373832489 4.953467427026
-1.140983117455 3.113483840944
20696.320528171732 150730.600452388583
1.583333333333 4.673358297605
-3.837794976169 6.118127545470
-1628.836513000000 177309.221345000000
-3.333333333334 4.013864859598
-0.861842377434 5.271136225098
-22546.933027758460 143251.192881869904
-3.177646901481 4.636279228842
-1.000000000000 5.000000000000
-13338.562746985332 133719.373132674561
1.875969130914 3.677442337035
-2.374999999998 6.032464256007
92329.414910000000 94687.703938000000
0.000000000000 5.000000000000
-0.500000000000 5.315072906369
81671.925291079005 130999.881152628232
0.699999999998 4.205948168965
-2.312499999999 5.676500352331
39359.685000757746 148903.699361674912
-1.500000000000 5.408326913197
0.271544000000 3.531430000000
-10290.033542017540 156769.992019854815
-1.750000000000 3.750000000000
2.333333333331 4.333333333336
-7982.209279989872 165937.277122814703
1.316303053067 6.344034320329
-0.538062921436 6.325668149346
41562.146593000000 189820.314742000000
-0.863636363636 5.948296512867
-0.699487354398 5.082651631354
25365.964736000000 177933.385811000000
-2.301038000000 4.078057000000
0.599999999997 5.015974481594
-43340.540076000000 175043.762737000000
1.000000000000 8.000000000000
-0.000000000001 8.062257748300
-49429.972557000000 179771.831653000000
0.409090909091 7.554895517545
4.372815000000 5.007950000000
29735.803166199583 173943.823891711986
1.000000000000 7.000000000000
-0.625000000000 9.637978263101
62939.282324000000 136450.513374000000
-1.653846153846 6.653846153848
-0.497307157997 7.383631538891
11316.065025364774 171321.361515342828
0.615384615385 6.690539112024
2.750000000000 7.004462863061
-97076.835297000000 175241.824403000000
-2.500000000000 6.020797289399
2.999999999999 7.280109889281
54422.469976230146 126496.396374522469
1.785714285716 7.224179919563
-4.000000000000 7.000000000000
-59150.489030000000 172319.307996000000
0.003341475627 7.618766923280
-0.909090909091 7.161074761203
12350.608419489054 149410.917516751822
-1.500000000000 8.200609733431
-2.054633204993 8.246086612720
-37455.794953000000 145497.309058000000
2.100000000000 7.000714249275
-5.363636363635 8.423206825382
-39607.165762000182 169682.425135305418
-0.249999999998 6.250000000002
-0.115384615384 7.721962070932
6679.204706719719 163295.154816536321
-3.000000000000 7.000000000000
-0.509046000000 6.713855000000
59259.529815959719 172864.021082726939
-5.479125000000 7.431691000000
0.446651304458 6.851855671976
7390.242203851142 105762.728201213464
3.257131000000 6.920604000000
2.748886177173 8.676959442108
2902.964308509279 148640.994341890968
3.070563404485 5.047187052384
0.536373271472 8.390725196678
-15637.174327099181 154152.661096648748
0.250000000000 4.250000000000
4.874251000000 5.769389000000
6587.810381940846 177128.476296872790
1.399999999999 8.772684879787
-3.590909090909 6.666339523656
-6315.923356770460 122898.796891163238
1.259240000000 4.320259000000
-2.620623354563 7.497656229979
-25762.279878000000 161805.421769000000
2.248248888666 8.715080666855
1.428571428572 8.144110179283
-22934.829438185288 150596.928022136497
-0.787070000000 8.877251000000
0.792711919783 11.243346684661
-7038.550146877523 165581.174394876227
-3.500000000000 11.101801655589
5.000000000000 10.000000000000
53738.730961000000 172596.626143000000
0.621184797714 11.437963584206
-2.394736842105 11.783039832780
8832.116142910512 168440.176139357410
1.269597574705 6.840942225302
0.115382622616 11.937547672435
-65198.513523000000 186626.666796000000
-3.875000000000 10.075496265694
-1.738080268928 10.732205211565
35975.219513768213 145995.611277449773
-3.533148270248 7.045651397633
-0.533180846758 9.376082444924
-41170.744897334701 163773.963843944176
-2.616355701160 11.924008112244
0.147058823529 11.312064478610
43665.983633598856 132792.703408860303
-0.538461538462 10.981695367116
-3.333333333333 12.018504251548
-40603.922359367540 181851.880131218864
1.001635829737 11.883875952467
-1.857142857143 10.738068841697
-12586.514762724238 161889.531565121361
-3.500000000001 6.500000000001
2.088767322431 10.058448765506
73595.866858322681 104814.804709166318
7.000000000000 10.000000000000
3.158609280468 10.548582930714
24597.914730000000 186983.156886000000
-4.222477161145 9.842375669346
-1.120518974328 9.993087179143
2172.634765225890 136084.757459689442
1.419449754695 10.781992106346
-1.923076923077 8.539847427375
18738.918477317578 172880.960519292711
-0.549999999999 10.010119879402
-1.100467242446 8.720988614365
12621.818588580527 169545.070734137954
0.825947163581 7.991174817362
-0.491526309475 8.464415993619
30057.756969578841 149772.400309670837
-2.750000000000 8.003905296793
1.810352000000 8.235986000000
19153.350536609107 176506.843171147956
-0.210526315790 10.992442631822
0.460826486245 7.414465119474
-62013.436647748270 168980.727896166151
-0.316775288796 8.377399392450
-3.875000000000 6.206095793654
34651.996235547820 156889.425045831052
-0.556753241597 8.206350780965
0.250000000000 9.410765112360
-26727.874322482950 164254.334739582690
0.650241744247 11.233318108806
3.000000000000 13.601470508736
-18747.796410379289 157722.061169591019
-0.457117129740 10.007368680370
0.000000000001 12.529964086144
-3671.651570426160 149517.537932463135
2.125000000000 13.528326762760
-1.532003859029 9.303957414522
20016.702491353580 196133.308276609188
-1.979782864214 14.043511591912
2.197677331387 12.208294776801
16945.063743636731 153848.922645733426
0.034767818997 9.664348173274
2.473980255962 12.652938894118
9979.611222472511 165770.761802462078
0.156218041454 14.435876715956
1.668632242352 15.565706513030
-21406.408769182482 180477.058795359585
-4.666666666665 11.822765233981
0.458333333335 11.271353191955
1064.846903203746 159679.787739540289
0.535714285714 10.583065506280
1.000000000000 12.369316876854
-23943.786448068014 167750.649325522896
-0.447368421052 13.158552615134
1.005529800215 10.695925152243
27768.802575692632 151476.902016657849
1.264235846603 12.878032557872
1.550366468125 13.412775860631
30969.662502290933 165826.534031123808
-1.999999999999 13.000000000002
0.500000000000 13.313526955695
30089.880183101175 194590.746290633270
-3.181818181818 13.332679047310
-1.791155220432 12.350383774081
31958.975819000000 186267.879292000000
1.348369196944 11.742315693995
1.773777699309 15.341731005234
25063.908600384223 150646.924408938892
-0.900848291792 11.130046627582
-1.656250000001 11.488827793232
6348.358803368554 121582.859250638084
5.192307692308 11.352670879343
1.575000000000 11.618116241458
15426.644490122418 177298.244802091904
0.529800000000 11.735835000000
-6.269230769231 11.615448293254
-33743.538294479133 178505.295573062074
3.474564888208 13.538049054187
1.022727272727 13.436739599860
13856.511475474897 172407.348227474450
-5.785714285713 9.081546663203
-2.071545596177 10.615835397732
-5799.806192277276 151713.959003866317
-0.029411764706 11.677063253592
1.093611325120 8.856191297996
22238.106392042618 195173.722193609477
0.269230769232 10.520830281994
-0.330882149794 14.679774021447
37091.731500296088 183263.639134202948
5.234351405826 11.354456236695
1.000000000000 11.000000000000
10803.205458778349 167455.931878300100
-1.120909911690 14.130832694105
1.142857142856 12.142857142858
-59922.279077057250 184241.159152212920
-3.666666666666 15.835964693630
-3.492557251821 15.174922814856
-50097.711588834989 174494.847766873457
0.818668701834 13.566783533184
-2.353784309439 12.906595225096
33715.151151218390 156894.181673600693
-1.181818181818 14.271279602323
0.000000000000 13.000000000000
-37873.804314627812 139590.781996546313
2.551352047164 15.473617025806
-3.731685077344 14.454929434802
-18357.504961601235 151766.238268541118
0.411764705883 14.081448690808
1.871696457089 10.056145153713
26816.286415000000 173895.862289000000
5.333333333332 11.948965552626
-1.968750000000 13.012051205037
-35095.234336622491 150713.767008915810
4.880952380951 12.880952380956
-5.823726554438 13.231310245378
-8074.202518766960 169324.520964710983
-8.999999999997 13.038404810406
0.936712254137 15.345515929727
14742.677223919237 157269.964356447696
1.676470588236 11.498796386541
4.750000000000 16.250000000002
-23103.517070904639 133744.236443200669
0.739130434782 15.042787116571
-3.574495774394 13.517019352067
-788.580163394537 150011.739986794718
1.824914651242 17.016875281219
3.312500000001 14.189702472216
-4697.337452012547 165192.567731727590
-0.956964403726 13.556806152909
-1.880000000000 17.107144706233
-18524.053570417886 153905.039128677115
1.562500000000 16.345990525203
0.305555555556 14.040972891972
-17514.042899962826 154682.874179246409
-4.764705882353 15.142346497142
-4.071428571428 14.382706452474
29411.100944325043 146434.144914411678
0.497123186043 15.153035830167
-3.522727272727 15.930261887417
8948.860412108130 178550.381653445935
0.625000000000 12.515615246564
2.854325420151 12.674406832554
-12408.984915000000 183266.610225000000
-5.562499999999 13.226541734332
1.895758874866 12.119982063203
-26077.430700562698 151222.234217471158
-1.750000000000 12.905909499142
-2.000000000000 13.601470508736
4988.333531737080 163277.596611089090
2.691599542433 15.336707056217
-2.080926652457 16.732581725759
-11971.235522809600 150675.506345569382
-0.121403767948 16.672425842309
8.000000000000 13.000000000000
-9352.290629203364 168062.887053699217
-0.500000000000 16.224980739590
-2.961538461539 12.067181274238
-19419.564939776023 166585.021746272774
-2.386363636364 13.915792354716
1.224849880200 15.335200507120
13887.437285000000 179729.326795000000
3.000000000000 15.811388300843
6.044500372259 14.093424137245
-45778.028626637236 154875.275391646785
-5.152883899930 13.724442602396
5.000000000000 10.198039027186
367.482818763393 154086.937109931801
1.272727272727 15.123185636686
-0.500000000000 16.101242188106
11935.011906430997 161280.238501055633
-1.319389624075 17.610311919689
-4.000000000000 18.601075237739
41471.119688451803 187117.333557494572
0.800000000000 16.298466185506
-1.500000000000 18.607794065931
28424.663736708181 159175.987772176898
8.008837565568 16.375707351662
-8.000000000000 15.264337522475
37500.587852000000 169300.906920000000
-15.000000000000 15.000000000000
-3.153846153846 19.329745297196
-54749.534682153083 156572.984762578603
-11.743765459369 14.650978605195
-7.230769230768 18.245531186680
225.457555292524 184534.206987533088
-0.478444900790 16.728452081194
0.539017619809 16.062820620896
93564.576342543015 146505.447072003530
-0.800000000000 17.321662737741
-1.410714285714 19.756303889328
-29922.707357627359 172853.449786521914
0.096153846153 17.974597871417
1.000000000000 19.104973174544
-41565.431164942059 155000.873888126461
-2.340677917287 17.135333151642
1.500000000000 15.206906325746
-13228.924206403129 151145.587169046423
-6.312499999999 17.750990289278
1.000000000000 15.000000000000
49345.411227683850 186203.072543491084
-2.263528778427 18.267036914801
0.500000000000 17.414074767270
31698.385410957413 160394.437701915298
-1.137931034483 17.590702603186
2.878295862811 19.083826821983
17686.096191664726 153060.976972874640
-0.129032258065 19.310298212758
-2.571428571428 16.571428571430
-489.305885134814 152828.145447505112
-0.788461538462 17.674583513251
3.317270573145 16.454985620513
-40462.362051077057 175781.490715703850
2.812914147642 12.717680165169
1.446454075888 16.030443738555
3622.997691815699 143384.815655214183
2.434906990763 14.782900909171
-6.715780353470 9.370162968552
12068.401264470958 144872.849233039055
0.630434782607 17.177008526756
-1.050000000000 18.401154855065
12479.449082230513 158023.193986837267
-2.761904761903 15.888286305433
-1.181818181818 17.099610937531
2001.734105318448 192082.104341562370
-1.999999999997 14.035668847619
1.374999999999 18.381801462319
18275.980171303787 182217.588850693456
-1.000000000000 18.601075237739
-1.730142980819 14.373625591455
1729.949911008260 186298.140527820870
-1.770689352591 18.599309766523
2.142857142857 17.595221985948
-49109.349403372732 150072.072250188356
-10.180528000000 15.229881000000
4.886502981723 15.032036213513
61827.297314938977 151067.242740601403
-1.462962962963 15.372880205617
1.640864829752 15.653446672409
-43952.963308655907 163580.284207678303
-4.098841810454 14.500653250896
2.000000000000 17.804493814765
43855.647520688993 166046.217018441770
-3.111111111110 17.140306982575
-6.263157894737 17.358928825602
-38822.174803397426 154324.597060191904
2.992922236880 21.042821196084
-3.227272727273 22.664686552630
1477.730722606109 160429.089058709574
1.826950880757 19.673280448425
5.635748267429 19.082100047890
35295.244867797417 173486.793584634074
-7.794193152759 17.751131227546
0.357714890392 20.829252506792
3477.635735432962 132598.358476406863
2.400265151973 17.286463378985
3.314585125522 18.227006921819
-18592.901280960755 152891.939501248997
0.397521591344 21.393076099071
-4.733333333333 20.025095366676
-19683.250920215809 182276.203566949297
0.250000000000 19.275956526202
1.869565217391 19.751049839294
19997.001439024878 107048.911690184556
10.057692307692 19.292372484863
0.027777777777 17.712227240728
-8745.614541030968 197645.995476603908
0.081184925847 22.452525463203
-1.924863775175 16.349226984093
-38624.474282000000 192501.329598000000
1.086122019261 19.596328964483
4.716629171064 18.577009951169
-50749.326131666179 114414.271434494795
-1.914285714286 24.140219636153
2.592639865970 19.135407315918
4346.311560278735 153171.274928294368
2.500000000000 19.448650338779
-2.178571428571 17.969113239454
-21951.375279563620 182561.283699446444
3.189198310633 19.694254958676
-0.645833333333 18.049711928295
33778.833183960686 173321.786807957952
-2.909090909091 22.731817727365
4.615384615383 15.377113555600
-42942.931306940860 186470.875306540419
-3.267490942265 19.409029930830
1.149999999999 19.116027306951
54898.669159000000 184787.527913000000
-2.361222398672 22.489956077395
0.791572278127 18.489680585970
57804.861310194967 170619.252847209917
-1.125000000001 17.132297715136
-2.100000000000 22.556817151366
3408.578984841627 163766.515433993408
-0.106060606061 19.329182845073
5.801991075317 16.643375214778
10454.016949372023 163291.870740642889
0.538647000000 14.523025000000
-2.196969696969 21.797470177811
-42920.517218000000 187110.540693000000
-3.796730773125 17.218981984856
-0.500000000000 19.006577808750
12038.444071950634 163406.769132374858
-5.195652173912 18.630130381563
-1.375000000001 13.243512562762
-43078.099308000000 169382.134372000000
-5.342636648451 17.331963338740
-3.148984149496 20.654327174976
-16058.922267194345 155648.922537041664
-5.682556733591 18.700074575597
0.153846153846 19.908072758226
-21657.456148269277 183602.157444607855
-5.214285714285 20.984080457651
6.480769230768 18.588674814548
44437.092854000000 164201.424682000000
-7.096774193548 20.196047459503
7.999999999998 18.027756377320
-45507.343548082016 162985.347805024504
6.075423561387 16.752774176099
0.609375000000 20.313852118461
-44787.881447577492 172809.938545904011
-0.014596450957 21.183183896808
1.539999999998 17.653656844974
-35099.901925209740 168259.959409890357
0.505933861170 20.676172939794
-4.250000000000 20.348525745126
-36395.232200445166 171355.259639741968
-5.318181818181 20.416378532853
-0.569208853929 18.425581094644
49288.836067511976 170410.838161798010
