500 5000 1 300
1 2 1
2 3 1
3 4 1
4 5 1
5 6 1
6 7 1
7 8 1
8 9 1
9 10 1
10 11 1
11 12 1
12 13 1
13 14 1
14 15 1
15 16 1
16 17 1
17 18 1
18 19 1
19 20 1
20 21 1
21 22 1
22 23 1
23 24 1
24 25 1
25 26 1
26 27 1
27 28 1
28 29 1
29 30 1
30 31 1
31 32 1
32 33 1
33 34 1
34 35 1
35 36 1
36 37 1
37 38 1
38 39 1
39 40 1
40 41 1
41 42 1
42 43 1
43 44 1
44 45 1
45 46 1
46 47 1
47 48 1
48 49 1
49 50 1
50 51 1
51 52 1
52 53 1
53 54 1
54 55 1
55 56 1
56 57 1
57 58 1
58 59 1
59 60 1
60 61 1
61 62 1
62 63 1
63 64 1
64 65 1
65 66 1
66 67 1
67 68 1
68 69 1
69 70 1
70 71 1
71 72 1
72 73 1
73 74 1
74 75 1
75 76 1
76 77 1
77 78 1
78 79 1
79 80 1
80 81 1
81 82 1
82 83 1
83 84 1
84 85 1
85 86 1
86 87 1
87 88 1
88 89 1
89 90 1
90 91 1
91 92 1
92 93 1
93 94 1
94 95 1
95 96 1
96 97 1
97 98 1
98 99 1
99 100 1
100 101 1
101 102 1
102 103 1
103 104 1
104 105 1
105 106 1
106 107 1
107 108 1
108 109 1
109 110 1
110 111 1
111 112 1
112 113 1
113 114 1
114 115 1
115 116 1
116 117 1
117 118 1
118 119 1
119 120 1
120 121 1
121 122 1
122 123 1
123 124 1
124 125 1
125 126 1
126 127 1
127 128 1
128 129 1
129 130 1
130 131 1
131 132 1
132 133 1
133 134 1
134 135 1
135 136 1
136 137 1
137 138 1
138 139 1
139 140 1
140 141 1
141 142 1
142 143 1
143 144 1
144 145 1
145 146 1
146 147 1
147 148 1
148 149 1
149 150 1
150 151 1
151 152 1
152 153 1
153 154 1
154 155 1
155 156 1
156 157 1
157 158 1
158 159 1
159 160 1
160 161 1
161 162 1
162 163 1
163 164 1
164 165 1
165 166 1
166 167 1
167 168 1
168 169 1
169 170 1
170 171 1
171 172 1
172 173 1
173 174 1
174 175 1
175 176 1
176 177 1
177 178 1
178 179 1
179 180 1
180 181 1
181 182 1
182 183 1
183 184 1
184 185 1
185 186 1
186 187 1
187 188 1
188 189 1
189 190 1
190 191 1
191 192 1
192 193 1
193 194 1
194 195 1
195 196 1
196 197 1
197 198 1
198 199 1
199 200 1
200 201 1
201 202 1
202 203 1
203 204 1
204 205 1
205 206 1
206 207 1
207 208 1
208 209 1
209 210 1
210 211 1
211 212 1
212 213 1
213 214 1
214 215 1
215 216 1
216 217 1
217 218 1
218 219 1
219 220 1
220 221 1
221 222 1
222 223 1
223 224 1
224 225 1
225 226 1
226 227 1
227 228 1
228 229 1
229 230 1
230 231 1
231 232 1
232 233 1
233 234 1
234 235 1
235 236 1
236 237 1
237 238 1
238 239 1
239 240 1
240 241 1
241 242 1
242 243 1
243 244 1
244 245 1
245 246 1
246 247 1
247 248 1
248 249 1
249 250 1
250 251 1
251 252 1
252 253 1
253 254 1
254 255 1
255 256 1
256 257 1
257 258 1
258 259 1
259 260 1
260 261 1
261 262 1
262 263 1
263 264 1
264 265 1
265 266 1
266 267 1
267 268 1
268 269 1
269 270 1
270 271 1
271 272 1
272 273 1
273 274 1
274 275 1
275 276 1
276 277 1
277 278 1
278 279 1
279 280 1
280 281 1
281 282 1
282 283 1
283 284 1
284 285 1
285 286 1
286 287 1
287 288 1
288 289 1
289 290 1
290 291 1
291 292 1
292 293 1
293 294 1
294 295 1
295 296 1
296 297 1
297 298 1
298 299 1
299 300 1
3 1 2
4 1 3
4 2 2
5 1 4
5 2 3
5 3 2
6 1 5
6 2 4
6 3 3
6 4 2
7 1 6
7 2 5
7 3 4
7 4 3
7 5 2
8 1 7
8 2 6
8 3 5
8 4 4
8 5 3
8 6 2
9 1 8
9 2 7
9 3 6
9 4 5
9 5 4
9 6 3
9 7 2
10 1 9
10 2 8
10 3 7
10 4 6
10 5 5
10 6 4
10 7 3
10 8 2
11 1 10
11 2 9
11 3 8
11 4 7
11 5 6
11 6 5
11 7 4
11 8 3
11 9 2
12 2 10
12 3 9
12 4 8
12 5 7
12 6 6
12 7 5
12 8 4
12 9 3
12 10 2
13 3 10
13 4 9
13 5 8
13 6 7
13 7 6
13 8 5
13 9 4
13 10 3
13 11 2
14 4 10
14 5 9
14 6 8
14 7 7
14 8 6
14 9 5
14 10 4
14 11 3
14 12 2
15 5 10
15 6 9
15 7 8
15 8 7
15 9 6
15 10 5
15 11 4
15 12 3
15 13 2
16 6 10
16 7 9
16 8 8
16 9 7
16 10 6
16 11 5
16 12 4
16 13 3
16 14 2
17 7 10
17 8 9
17 9 8
17 10 7
17 11 6
17 12 5
17 13 4
17 14 3
17 15 2
18 8 10
18 9 9
18 10 8
18 11 7
18 12 6
18 13 5
18 14 4
18 15 3
18 16 2
19 9 10
19 10 9
19 11 8
19 12 7
19 13 6
19 14 5
19 15 4
19 16 3
19 17 2
20 10 10
20 11 9
20 12 8
20 13 7
20 14 6
20 15 5
20 16 4
20 17 3
20 18 2
21 11 10
21 12 9
21 13 8
21 14 7
21 15 6
21 16 5
21 17 4
21 18 3
21 19 2
22 12 10
22 13 9
22 14 8
22 15 7
22 16 6
22 17 5
22 18 4
22 19 3
22 20 2
23 13 10
23 14 9
23 15 8
23 16 7
23 17 6
23 18 5
23 19 4
23 20 3
23 21 2
24 14 10
24 15 9
24 16 8
24 17 7
24 18 6
24 19 5
24 20 4
24 21 3
24 22 2
25 15 10
25 16 9
25 17 8
25 18 7
25 19 6
25 20 5
25 21 4
25 22 3
25 23 2
26 16 10
26 17 9
26 18 8
26 19 7
26 20 6
26 21 5
26 22 4
26 23 3
26 24 2
27 17 10
27 18 9
27 19 8
27 20 7
27 21 6
27 22 5
27 23 4
27 24 3
27 25 2
28 18 10
28 19 9
28 20 8
28 21 7
28 22 6
28 23 5
28 24 4
28 25 3
28 26 2
29 19 10
29 20 9
29 21 8
29 22 7
29 23 6
29 24 5
29 25 4
29 26 3
29 27 2
30 20 10
30 21 9
30 22 8
30 23 7
30 24 6
30 25 5
30 26 4
30 27 3
30 28 2
31 21 10
31 22 9
31 23 8
31 24 7
31 25 6
31 26 5
31 27 4
31 28 3
31 29 2
32 22 10
32 23 9
32 24 8
32 25 7
32 26 6
32 27 5
32 28 4
32 29 3
32 30 2
33 23 10
33 24 9
33 25 8
33 26 7
33 27 6
33 28 5
33 29 4
33 30 3
33 31 2
34 24 10
34 25 9
34 26 8
34 27 7
34 28 6
34 29 5
34 30 4
34 31 3
34 32 2
35 25 10
35 26 9
35 27 8
35 28 7
35 29 6
35 30 5
35 31 4
35 32 3
35 33 2
36 26 10
36 27 9
36 28 8
36 29 7
36 30 6
36 31 5
36 32 4
36 33 3
36 34 2
37 27 10
37 28 9
37 29 8
37 30 7
37 31 6
37 32 5
37 33 4
37 34 3
37 35 2
38 28 10
38 29 9
38 30 8
38 31 7
38 32 6
38 33 5
38 34 4
38 35 3
38 36 2
39 29 10
39 30 9
39 31 8
39 32 7
39 33 6
39 34 5
39 35 4
39 36 3
39 37 2
40 30 10
40 31 9
40 32 8
40 33 7
40 34 6
40 35 5
40 36 4
40 37 3
40 38 2
41 31 10
41 32 9
41 33 8
41 34 7
41 35 6
41 36 5
41 37 4
41 38 3
41 39 2
42 32 10
42 33 9
42 34 8
42 35 7
42 36 6
42 37 5
42 38 4
42 39 3
42 40 2
43 33 10
43 34 9
43 35 8
43 36 7
43 37 6
43 38 5
43 39 4
43 40 3
43 41 2
44 34 10
44 35 9
44 36 8
44 37 7
44 38 6
44 39 5
44 40 4
44 41 3
44 42 2
45 35 10
45 36 9
45 37 8
45 38 7
45 39 6
45 40 5
45 41 4
45 42 3
45 43 2
46 36 10
46 37 9
46 38 8
46 39 7
46 40 6
46 41 5
46 42 4
46 43 3
46 44 2
47 37 10
47 38 9
47 39 8
47 40 7
47 41 6
47 42 5
47 43 4
47 44 3
47 45 2
48 38 10
48 39 9
48 40 8
48 41 7
48 42 6
48 43 5
48 44 4
48 45 3
48 46 2
49 39 10
49 40 9
49 41 8
49 42 7
49 43 6
49 44 5
49 45 4
49 46 3
49 47 2
50 40 10
50 41 9
50 42 8
50 43 7
50 44 6
50 45 5
50 46 4
50 47 3
50 48 2
51 41 10
51 42 9
51 43 8
51 44 7
51 45 6
51 46 5
51 47 4
51 48 3
51 49 2
52 42 10
52 43 9
52 44 8
52 45 7
52 46 6
52 47 5
52 48 4
52 49 3
52 50 2
53 43 10
53 44 9
53 45 8
53 46 7
53 47 6
53 48 5
53 49 4
53 50 3
53 51 2
54 44 10
54 45 9
54 46 8
54 47 7
54 48 6
54 49 5
54 50 4
54 51 3
54 52 2
55 45 10
55 46 9
55 47 8
55 48 7
55 49 6
55 50 5
55 51 4
55 52 3
55 53 2
56 46 10
56 47 9
56 48 8
56 49 7
56 50 6
56 51 5
56 52 4
56 53 3
56 54 2
57 47 10
57 48 9
57 49 8
57 50 7
57 51 6
57 52 5
57 53 4
57 54 3
57 55 2
58 48 10
58 49 9
58 50 8
58 51 7
58 52 6
58 53 5
58 54 4
58 55 3
58 56 2
59 49 10
59 50 9
59 51 8
59 52 7
59 53 6
59 54 5
59 55 4
59 56 3
59 57 2
60 50 10
60 51 9
60 52 8
60 53 7
60 54 6
60 55 5
60 56 4
60 57 3
60 58 2
61 51 10
61 52 9
61 53 8
61 54 7
61 55 6
61 56 5
61 57 4
61 58 3
61 59 2
62 52 10
62 53 9
62 54 8
62 55 7
62 56 6
62 57 5
62 58 4
62 59 3
62 60 2
63 53 10
63 54 9
63 55 8
63 56 7
63 57 6
63 58 5
63 59 4
63 60 3
63 61 2
64 54 10
64 55 9
64 56 8
64 57 7
64 58 6
64 59 5
64 60 4
64 61 3
64 62 2
65 55 10
65 56 9
65 57 8
65 58 7
65 59 6
65 60 5
65 61 4
65 62 3
65 63 2
66 56 10
66 57 9
66 58 8
66 59 7
66 60 6
66 61 5
66 62 4
66 63 3
66 64 2
67 57 10
67 58 9
67 59 8
67 60 7
67 61 6
67 62 5
67 63 4
67 64 3
67 65 2
68 58 10
68 59 9
68 60 8
68 61 7
68 62 6
68 63 5
68 64 4
68 65 3
68 66 2
69 59 10
69 60 9
69 61 8
69 62 7
69 63 6
69 64 5
69 65 4
69 66 3
69 67 2
70 60 10
70 61 9
70 62 8
70 63 7
70 64 6
70 65 5
70 66 4
70 67 3
70 68 2
71 61 10
71 62 9
71 63 8
71 64 7
71 65 6
71 66 5
71 67 4
71 68 3
71 69 2
72 62 10
72 63 9
72 64 8
72 65 7
72 66 6
72 67 5
72 68 4
72 69 3
72 70 2
73 63 10
73 64 9
73 65 8
73 66 7
73 67 6
73 68 5
73 69 4
73 70 3
73 71 2
74 64 10
74 65 9
74 66 8
74 67 7
74 68 6
74 69 5
74 70 4
74 71 3
74 72 2
75 65 10
75 66 9
75 67 8
75 68 7
75 69 6
75 70 5
75 71 4
75 72 3
75 73 2
76 66 10
76 67 9
76 68 8
76 69 7
76 70 6
76 71 5
76 72 4
76 73 3
76 74 2
77 67 10
77 68 9
77 69 8
77 70 7
77 71 6
77 72 5
77 73 4
77 74 3
77 75 2
78 68 10
78 69 9
78 70 8
78 71 7
78 72 6
78 73 5
78 74 4
78 75 3
78 76 2
79 69 10
79 70 9
79 71 8
79 72 7
79 73 6
79 74 5
79 75 4
79 76 3
79 77 2
80 70 10
80 71 9
80 72 8
80 73 7
80 74 6
80 75 5
80 76 4
80 77 3
80 78 2
81 71 10
81 72 9
81 73 8
81 74 7
81 75 6
81 76 5
81 77 4
81 78 3
81 79 2
82 72 10
82 73 9
82 74 8
82 75 7
82 76 6
82 77 5
82 78 4
82 79 3
82 80 2
83 73 10
83 74 9
83 75 8
83 76 7
83 77 6
83 78 5
83 79 4
83 80 3
83 81 2
84 74 10
84 75 9
84 76 8
84 77 7
84 78 6
84 79 5
84 80 4
84 81 3
84 82 2
85 75 10
85 76 9
85 77 8
85 78 7
85 79 6
85 80 5
85 81 4
85 82 3
85 83 2
86 76 10
86 77 9
86 78 8
86 79 7
86 80 6
86 81 5
86 82 4
86 83 3
86 84 2
87 77 10
87 78 9
87 79 8
87 80 7
87 81 6
87 82 5
87 83 4
87 84 3
87 85 2
88 78 10
88 79 9
88 80 8
88 81 7
88 82 6
88 83 5
88 84 4
88 85 3
88 86 2
89 79 10
89 80 9
89 81 8
89 82 7
89 83 6
89 84 5
89 85 4
89 86 3
89 87 2
90 80 10
90 81 9
90 82 8
90 83 7
90 84 6
90 85 5
90 86 4
90 87 3
90 88 2
91 81 10
91 82 9
91 83 8
91 84 7
91 85 6
91 86 5
91 87 4
91 88 3
91 89 2
92 82 10
92 83 9
92 84 8
92 85 7
92 86 6
92 87 5
92 88 4
92 89 3
92 90 2
93 83 10
93 84 9
93 85 8
93 86 7
93 87 6
93 88 5
93 89 4
93 90 3
93 91 2
94 84 10
94 85 9
94 86 8
94 87 7
94 88 6
94 89 5
94 90 4
94 91 3
94 92 2
95 85 10
95 86 9
95 87 8
95 88 7
95 89 6
95 90 5
95 91 4
95 92 3
95 93 2
96 86 10
96 87 9
96 88 8
96 89 7
96 90 6
96 91 5
96 92 4
96 93 3
96 94 2
97 87 10
97 88 9
97 89 8
97 90 7
97 91 6
97 92 5
97 93 4
97 94 3
97 95 2
98 88 10
98 89 9
98 90 8
98 91 7
98 92 6
98 93 5
98 94 4
98 95 3
98 96 2
99 89 10
99 90 9
99 91 8
99 92 7
99 93 6
99 94 5
99 95 4
99 96 3
99 97 2
100 90 10
100 91 9
100 92 8
100 93 7
100 94 6
100 95 5
100 96 4
100 97 3
100 98 2
101 91 10
101 92 9
101 93 8
101 94 7
101 95 6
101 96 5
101 97 4
101 98 3
101 99 2
102 92 10
102 93 9
102 94 8
102 95 7
102 96 6
102 97 5
102 98 4
102 99 3
102 100 2
103 93 10
103 94 9
103 95 8
103 96 7
103 97 6
103 98 5
103 99 4
103 100 3
103 101 2
104 94 10
104 95 9
104 96 8
104 97 7
104 98 6
104 99 5
104 100 4
104 101 3
104 102 2
105 95 10
105 96 9
105 97 8
105 98 7
105 99 6
105 100 5
105 101 4
105 102 3
105 103 2
106 96 10
106 97 9
106 98 8
106 99 7
106 100 6
106 101 5
106 102 4
106 103 3
106 104 2
107 97 10
107 98 9
107 99 8
107 100 7
107 101 6
107 102 5
107 103 4
107 104 3
107 105 2
108 98 10
108 99 9
108 100 8
108 101 7
108 102 6
108 103 5
108 104 4
108 105 3
108 106 2
109 99 10
109 100 9
109 101 8
109 102 7
109 103 6
109 104 5
109 105 4
109 106 3
109 107 2
110 100 10
110 101 9
110 102 8
110 103 7
110 104 6
110 105 5
110 106 4
110 107 3
110 108 2
111 101 10
111 102 9
111 103 8
111 104 7
111 105 6
111 106 5
111 107 4
111 108 3
111 109 2
112 102 10
112 103 9
112 104 8
112 105 7
112 106 6
112 107 5
112 108 4
112 109 3
112 110 2
113 103 10
113 104 9
113 105 8
113 106 7
113 107 6
113 108 5
113 109 4
113 110 3
113 111 2
114 104 10
114 105 9
114 106 8
114 107 7
114 108 6
114 109 5
114 110 4
114 111 3
114 112 2
115 105 10
115 106 9
115 107 8
115 108 7
115 109 6
115 110 5
115 111 4
115 112 3
115 113 2
116 106 10
116 107 9
116 108 8
116 109 7
116 110 6
116 111 5
116 112 4
116 113 3
116 114 2
117 107 10
117 108 9
117 109 8
117 110 7
117 111 6
117 112 5
117 113 4
117 114 3
117 115 2
118 108 10
118 109 9
118 110 8
118 111 7
118 112 6
118 113 5
118 114 4
118 115 3
118 116 2
119 109 10
119 110 9
119 111 8
119 112 7
119 113 6
119 114 5
119 115 4
119 116 3
119 117 2
120 110 10
120 111 9
120 112 8
120 113 7
120 114 6
120 115 5
120 116 4
120 117 3
120 118 2
121 111 10
121 112 9
121 113 8
121 114 7
121 115 6
121 116 5
121 117 4
121 118 3
121 119 2
122 112 10
122 113 9
122 114 8
122 115 7
122 116 6
122 117 5
122 118 4
122 119 3
122 120 2
123 113 10
123 114 9
123 115 8
123 116 7
123 117 6
123 118 5
123 119 4
123 120 3
123 121 2
124 114 10
124 115 9
124 116 8
124 117 7
124 118 6
124 119 5
124 120 4
124 121 3
124 122 2
125 115 10
125 116 9
125 117 8
125 118 7
125 119 6
125 120 5
125 121 4
125 122 3
125 123 2
126 116 10
126 117 9
126 118 8
126 119 7
126 120 6
126 121 5
126 122 4
126 123 3
126 124 2
127 117 10
127 118 9
127 119 8
127 120 7
127 121 6
127 122 5
127 123 4
127 124 3
127 125 2
128 118 10
128 119 9
128 120 8
128 121 7
128 122 6
128 123 5
128 124 4
128 125 3
128 126 2
129 119 10
129 120 9
129 121 8
129 122 7
129 123 6
129 124 5
129 125 4
129 126 3
129 127 2
130 120 10
130 121 9
130 122 8
130 123 7
130 124 6
130 125 5
130 126 4
130 127 3
130 128 2
131 121 10
131 122 9
131 123 8
131 124 7
131 125 6
131 126 5
131 127 4
131 128 3
131 129 2
132 122 10
132 123 9
132 124 8
132 125 7
132 126 6
132 127 5
132 128 4
132 129 3
132 130 2
133 123 10
133 124 9
133 125 8
133 126 7
133 127 6
133 128 5
133 129 4
133 130 3
133 131 2
134 124 10
134 125 9
134 126 8
134 127 7
134 128 6
134 129 5
134 130 4
134 131 3
134 132 2
135 125 10
135 126 9
135 127 8
135 128 7
135 129 6
135 130 5
135 131 4
135 132 3
135 133 2
136 126 10
136 127 9
136 128 8
136 129 7
136 130 6
136 131 5
136 132 4
136 133 3
136 134 2
137 127 10
137 128 9
137 129 8
137 130 7
137 131 6
137 132 5
137 133 4
137 134 3
137 135 2
138 128 10
138 129 9
138 130 8
138 131 7
138 132 6
138 133 5
138 134 4
138 135 3
138 136 2
139 129 10
139 130 9
139 131 8
139 132 7
139 133 6
139 134 5
139 135 4
139 136 3
139 137 2
140 130 10
140 131 9
140 132 8
140 133 7
140 134 6
140 135 5
140 136 4
140 137 3
140 138 2
141 131 10
141 132 9
141 133 8
141 134 7
141 135 6
141 136 5
141 137 4
141 138 3
141 139 2
142 132 10
142 133 9
142 134 8
142 135 7
142 136 6
142 137 5
142 138 4
142 139 3
142 140 2
143 133 10
143 134 9
143 135 8
143 136 7
143 137 6
143 138 5
143 139 4
143 140 3
143 141 2
144 134 10
144 135 9
144 136 8
144 137 7
144 138 6
144 139 5
144 140 4
144 141 3
144 142 2
145 135 10
145 136 9
145 137 8
145 138 7
145 139 6
145 140 5
145 141 4
145 142 3
145 143 2
146 136 10
146 137 9
146 138 8
146 139 7
146 140 6
146 141 5
146 142 4
146 143 3
146 144 2
147 137 10
147 138 9
147 139 8
147 140 7
147 141 6
147 142 5
147 143 4
147 144 3
147 145 2
148 138 10
148 139 9
148 140 8
148 141 7
148 142 6
148 143 5
148 144 4
148 145 3
148 146 2
149 139 10
149 140 9
149 141 8
149 142 7
149 143 6
149 144 5
149 145 4
149 146 3
149 147 2
150 140 10
150 141 9
150 142 8
150 143 7
150 144 6
150 145 5
150 146 4
150 147 3
150 148 2
151 141 10
151 142 9
151 143 8
151 144 7
151 145 6
151 146 5
151 147 4
151 148 3
151 149 2
152 142 10
152 143 9
152 144 8
152 145 7
152 146 6
152 147 5
152 148 4
152 149 3
152 150 2
153 143 10
153 144 9
153 145 8
153 146 7
153 147 6
153 148 5
153 149 4
153 150 3
153 151 2
154 144 10
154 145 9
154 146 8
154 147 7
154 148 6
154 149 5
154 150 4
154 151 3
154 152 2
155 145 10
155 146 9
155 147 8
155 148 7
155 149 6
155 150 5
155 151 4
155 152 3
155 153 2
156 146 10
156 147 9
156 148 8
156 149 7
156 150 6
156 151 5
156 152 4
156 153 3
156 154 2
157 147 10
157 148 9
157 149 8
157 150 7
157 151 6
157 152 5
157 153 4
157 154 3
157 155 2
158 148 10
158 149 9
158 150 8
158 151 7
158 152 6
158 153 5
158 154 4
158 155 3
158 156 2
159 149 10
159 150 9
159 151 8
159 152 7
159 153 6
159 154 5
159 155 4
159 156 3
159 157 2
160 150 10
160 151 9
160 152 8
160 153 7
160 154 6
160 155 5
160 156 4
160 157 3
160 158 2
161 151 10
161 152 9
161 153 8
161 154 7
161 155 6
161 156 5
161 157 4
161 158 3
161 159 2
162 152 10
162 153 9
162 154 8
162 155 7
162 156 6
162 157 5
162 158 4
162 159 3
162 160 2
163 153 10
163 154 9
163 155 8
163 156 7
163 157 6
163 158 5
163 159 4
163 160 3
163 161 2
164 154 10
164 155 9
164 156 8
164 157 7
164 158 6
164 159 5
164 160 4
164 161 3
164 162 2
165 155 10
165 156 9
165 157 8
165 158 7
165 159 6
165 160 5
165 161 4
165 162 3
165 163 2
166 156 10
166 157 9
166 158 8
166 159 7
166 160 6
166 161 5
166 162 4
166 163 3
166 164 2
167 157 10
167 158 9
167 159 8
167 160 7
167 161 6
167 162 5
167 163 4
167 164 3
167 165 2
168 158 10
168 159 9
168 160 8
168 161 7
168 162 6
168 163 5
168 164 4
168 165 3
168 166 2
169 159 10
169 160 9
169 161 8
169 162 7
169 163 6
169 164 5
169 165 4
169 166 3
169 167 2
170 160 10
170 161 9
170 162 8
170 163 7
170 164 6
170 165 5
170 166 4
170 167 3
170 168 2
171 161 10
171 162 9
171 163 8
171 164 7
171 165 6
171 166 5
171 167 4
171 168 3
171 169 2
172 162 10
172 163 9
172 164 8
172 165 7
172 166 6
172 167 5
172 168 4
172 169 3
172 170 2
173 163 10
173 164 9
173 165 8
173 166 7
173 167 6
173 168 5
173 169 4
173 170 3
173 171 2
174 164 10
174 165 9
174 166 8
174 167 7
174 168 6
174 169 5
174 170 4
174 171 3
174 172 2
175 165 10
175 166 9
175 167 8
175 168 7
175 169 6
175 170 5
175 171 4
175 172 3
175 173 2
176 166 10
176 167 9
176 168 8
176 169 7
176 170 6
176 171 5
176 172 4
176 173 3
176 174 2
177 167 10
177 168 9
177 169 8
177 170 7
177 171 6
177 172 5
177 173 4
177 174 3
177 175 2
178 168 10
178 169 9
178 170 8
178 171 7
178 172 6
178 173 5
178 174 4
178 175 3
178 176 2
179 169 10
179 170 9
179 171 8
179 172 7
179 173 6
179 174 5
179 175 4
179 176 3
179 177 2
180 170 10
180 171 9
180 172 8
180 173 7
180 174 6
180 175 5
180 176 4
180 177 3
180 178 2
181 171 10
181 172 9
181 173 8
181 174 7
181 175 6
181 176 5
181 177 4
181 178 3
181 179 2
182 172 10
182 173 9
182 174 8
182 175 7
182 176 6
182 177 5
182 178 4
182 179 3
182 180 2
183 173 10
183 174 9
183 175 8
183 176 7
183 177 6
183 178 5
183 179 4
183 180 3
183 181 2
184 174 10
184 175 9
184 176 8
184 177 7
184 178 6
184 179 5
184 180 4
184 181 3
184 182 2
185 175 10
185 176 9
185 177 8
185 178 7
185 179 6
185 180 5
185 181 4
185 182 3
185 183 2
186 176 10
186 177 9
186 178 8
186 179 7
186 180 6
186 181 5
186 182 4
186 183 3
186 184 2
187 177 10
187 178 9
187 179 8
187 180 7
187 181 6
187 182 5
187 183 4
187 184 3
187 185 2
188 178 10
188 179 9
188 180 8
188 181 7
188 182 6
188 183 5
188 184 4
188 185 3
188 186 2
189 179 10
189 180 9
189 181 8
189 182 7
189 183 6
189 184 5
189 185 4
189 186 3
189 187 2
190 180 10
190 181 9
190 182 8
190 183 7
190 184 6
190 185 5
190 186 4
190 187 3
190 188 2
191 181 10
191 182 9
191 183 8
191 184 7
191 185 6
191 186 5
191 187 4
191 188 3
191 189 2
192 182 10
192 183 9
192 184 8
192 185 7
192 186 6
192 187 5
192 188 4
192 189 3
192 190 2
193 183 10
193 184 9
193 185 8
193 186 7
193 187 6
193 188 5
193 189 4
193 190 3
193 191 2
194 184 10
194 185 9
194 186 8
194 187 7
194 188 6
194 189 5
194 190 4
194 191 3
194 192 2
195 185 10
195 186 9
195 187 8
195 188 7
195 189 6
195 190 5
195 191 4
195 192 3
195 193 2
196 186 10
196 187 9
196 188 8
196 189 7
196 190 6
196 191 5
196 192 4
196 193 3
196 194 2
197 187 10
197 188 9
197 189 8
197 190 7
197 191 6
197 192 5
197 193 4
197 194 3
197 195 2
198 188 10
198 189 9
198 190 8
198 191 7
198 192 6
198 193 5
198 194 4
198 195 3
198 196 2
199 189 10
199 190 9
199 191 8
199 192 7
199 193 6
199 194 5
199 195 4
199 196 3
199 197 2
200 190 10
200 191 9
200 192 8
200 193 7
200 194 6
200 195 5
200 196 4
200 197 3
200 198 2
201 191 10
201 192 9
201 193 8
201 194 7
201 195 6
201 196 5
201 197 4
201 198 3
201 199 2
202 192 10
202 193 9
202 194 8
202 195 7
202 196 6
202 197 5
202 198 4
202 199 3
202 200 2
203 193 10
203 194 9
203 195 8
203 196 7
203 197 6
203 198 5
203 199 4
203 200 3
203 201 2
204 194 10
204 195 9
204 196 8
204 197 7
204 198 6
204 199 5
204 200 4
204 201 3
204 202 2
205 195 10
205 196 9
205 197 8
205 198 7
205 199 6
205 200 5
205 201 4
205 202 3
205 203 2
206 196 10
206 197 9
206 198 8
206 199 7
206 200 6
206 201 5
206 202 4
206 203 3
206 204 2
207 197 10
207 198 9
207 199 8
207 200 7
207 201 6
207 202 5
207 203 4
207 204 3
207 205 2
208 198 10
208 199 9
208 200 8
208 201 7
208 202 6
208 203 5
208 204 4
208 205 3
208 206 2
209 199 10
209 200 9
209 201 8
209 202 7
209 203 6
209 204 5
209 205 4
209 206 3
209 207 2
210 200 10
210 201 9
210 202 8
210 203 7
210 204 6
210 205 5
210 206 4
210 207 3
210 208 2
211 201 10
211 202 9
211 203 8
211 204 7
211 205 6
211 206 5
211 207 4
211 208 3
211 209 2
212 202 10
212 203 9
212 204 8
212 205 7
212 206 6
212 207 5
212 208 4
212 209 3
212 210 2
213 203 10
213 204 9
213 205 8
213 206 7
213 207 6
213 208 5
213 209 4
213 210 3
213 211 2
214 204 10
214 205 9
214 206 8
214 207 7
214 208 6
214 209 5
214 210 4
214 211 3
214 212 2
215 205 10
215 206 9
215 207 8
215 208 7
215 209 6
215 210 5
215 211 4
215 212 3
215 213 2
216 206 10
216 207 9
216 208 8
216 209 7
216 210 6
216 211 5
216 212 4
216 213 3
216 214 2
217 207 10
217 208 9
217 209 8
217 210 7
217 211 6
217 212 5
217 213 4
217 214 3
217 215 2
218 208 10
218 209 9
218 210 8
218 211 7
218 212 6
218 213 5
218 214 4
218 215 3
218 216 2
219 209 10
219 210 9
219 211 8
219 212 7
219 213 6
219 214 5
219 215 4
219 216 3
219 217 2
220 210 10
220 211 9
220 212 8
220 213 7
220 214 6
220 215 5
220 216 4
220 217 3
220 218 2
221 211 10
221 212 9
221 213 8
221 214 7
221 215 6
221 216 5
221 217 4
221 218 3
221 219 2
222 212 10
222 213 9
222 214 8
222 215 7
222 216 6
222 217 5
222 218 4
222 219 3
222 220 2
223 213 10
223 214 9
223 215 8
223 216 7
223 217 6
223 218 5
223 219 4
223 220 3
223 221 2
224 214 10
224 215 9
224 216 8
224 217 7
224 218 6
224 219 5
224 220 4
224 221 3
224 222 2
225 215 10
225 216 9
225 217 8
225 218 7
225 219 6
225 220 5
225 221 4
225 222 3
225 223 2
226 216 10
226 217 9
226 218 8
226 219 7
226 220 6
226 221 5
226 222 4
226 223 3
226 224 2
227 217 10
227 218 9
227 219 8
227 220 7
227 221 6
227 222 5
227 223 4
227 224 3
227 225 2
228 218 10
228 219 9
228 220 8
228 221 7
228 222 6
228 223 5
228 224 4
228 225 3
228 226 2
229 219 10
229 220 9
229 221 8
229 222 7
229 223 6
229 224 5
229 225 4
229 226 3
229 227 2
230 220 10
230 221 9
230 222 8
230 223 7
230 224 6
230 225 5
230 226 4
230 227 3
230 228 2
231 221 10
231 222 9
231 223 8
231 224 7
231 225 6
231 226 5
231 227 4
231 228 3
231 229 2
232 222 10
232 223 9
232 224 8
232 225 7
232 226 6
232 227 5
232 228 4
232 229 3
232 230 2
233 223 10
233 224 9
233 225 8
233 226 7
233 227 6
233 228 5
233 229 4
233 230 3
233 231 2
234 224 10
234 225 9
234 226 8
234 227 7
234 228 6
234 229 5
234 230 4
234 231 3
234 232 2
235 225 10
235 226 9
235 227 8
235 228 7
235 229 6
235 230 5
235 231 4
235 232 3
235 233 2
236 226 10
236 227 9
236 228 8
236 229 7
236 230 6
236 231 5
236 232 4
236 233 3
236 234 2
237 227 10
237 228 9
237 229 8
237 230 7
237 231 6
237 232 5
237 233 4
237 234 3
237 235 2
238 228 10
238 229 9
238 230 8
238 231 7
238 232 6
238 233 5
238 234 4
238 235 3
238 236 2
239 229 10
239 230 9
239 231 8
239 232 7
239 233 6
239 234 5
239 235 4
239 236 3
239 237 2
240 230 10
240 231 9
240 232 8
240 233 7
240 234 6
240 235 5
240 236 4
240 237 3
240 238 2
241 231 10
241 232 9
241 233 8
241 234 7
241 235 6
241 236 5
241 237 4
241 238 3
241 239 2
242 232 10
242 233 9
242 234 8
242 235 7
242 236 6
242 237 5
242 238 4
242 239 3
242 240 2
243 233 10
243 234 9
243 235 8
243 236 7
243 237 6
243 238 5
243 239 4
243 240 3
243 241 2
244 234 10
244 235 9
244 236 8
244 237 7
244 238 6
244 239 5
244 240 4
244 241 3
244 242 2
245 235 10
245 236 9
245 237 8
245 238 7
245 239 6
245 240 5
245 241 4
245 242 3
245 243 2
246 236 10
246 237 9
246 238 8
246 239 7
246 240 6
246 241 5
246 242 4
246 243 3
246 244 2
247 237 10
247 238 9
247 239 8
247 240 7
247 241 6
247 242 5
247 243 4
247 244 3
247 245 2
248 238 10
248 239 9
248 240 8
248 241 7
248 242 6
248 243 5
248 244 4
248 245 3
248 246 2
249 239 10
249 240 9
249 241 8
249 242 7
249 243 6
249 244 5
249 245 4
249 246 3
249 247 2
250 240 10
250 241 9
250 242 8
250 243 7
250 244 6
250 245 5
250 246 4
250 247 3
250 248 2
251 241 10
251 242 9
251 243 8
251 244 7
251 245 6
251 246 5
251 247 4
251 248 3
251 249 2
252 242 10
252 243 9
252 244 8
252 245 7
252 246 6
252 247 5
252 248 4
252 249 3
252 250 2
253 243 10
253 244 9
253 245 8
253 246 7
253 247 6
253 248 5
253 249 4
253 250 3
253 251 2
254 244 10
254 245 9
254 246 8
254 247 7
254 248 6
254 249 5
254 250 4
254 251 3
254 252 2
255 245 10
255 246 9
255 247 8
255 248 7
255 249 6
255 250 5
255 251 4
255 252 3
255 253 2
256 246 10
256 247 9
256 248 8
256 249 7
256 250 6
256 251 5
256 252 4
256 253 3
256 254 2
257 247 10
257 248 9
257 249 8
257 250 7
257 251 6
257 252 5
257 253 4
257 254 3
257 255 2
258 248 10
258 249 9
258 250 8
258 251 7
258 252 6
258 253 5
258 254 4
258 255 3
258 256 2
259 249 10
259 250 9
259 251 8
259 252 7
259 253 6
259 254 5
259 255 4
259 256 3
259 257 2
260 250 10
260 251 9
260 252 8
260 253 7
260 254 6
260 255 5
260 256 4
260 257 3
260 258 2
261 251 10
261 252 9
261 253 8
261 254 7
261 255 6
261 256 5
261 257 4
261 258 3
261 259 2
262 252 10
262 253 9
262 254 8
262 255 7
262 256 6
262 257 5
262 258 4
262 259 3
262 260 2
263 253 10
263 254 9
263 255 8
263 256 7
263 257 6
263 258 5
263 259 4
263 260 3
263 261 2
264 254 10
264 255 9
264 256 8
264 257 7
264 258 6
264 259 5
264 260 4
264 261 3
264 262 2
265 255 10
265 256 9
265 257 8
265 258 7
265 259 6
265 260 5
265 261 4
265 262 3
265 263 2
266 256 10
266 257 9
266 258 8
266 259 7
266 260 6
266 261 5
266 262 4
266 263 3
266 264 2
267 257 10
267 258 9
267 259 8
267 260 7
267 261 6
267 262 5
267 263 4
267 264 3
267 265 2
268 258 10
268 259 9
268 260 8
268 261 7
268 262 6
268 263 5
268 264 4
268 265 3
268 266 2
269 259 10
269 260 9
269 261 8
269 262 7
269 263 6
269 264 5
269 265 4
269 266 3
269 267 2
270 260 10
270 261 9
270 262 8
270 263 7
270 264 6
270 265 5
270 266 4
270 267 3
270 268 2
271 261 10
271 262 9
271 263 8
271 264 7
271 265 6
271 266 5
271 267 4
271 268 3
271 269 2
272 262 10
272 263 9
272 264 8
272 265 7
272 266 6
272 267 5
272 268 4
272 269 3
272 270 2
273 263 10
273 264 9
273 265 8
273 266 7
273 267 6
273 268 5
273 269 4
273 270 3
273 271 2
274 264 10
274 265 9
274 266 8
274 267 7
274 268 6
274 269 5
274 270 4
274 271 3
274 272 2
275 265 10
275 266 9
275 267 8
275 268 7
275 269 6
275 270 5
275 271 4
275 272 3
275 273 2
276 266 10
276 267 9
276 268 8
276 269 7
276 270 6
276 271 5
276 272 4
276 273 3
276 274 2
277 267 10
277 268 9
277 269 8
277 270 7
277 271 6
277 272 5
277 273 4
277 274 3
277 275 2
278 268 10
278 269 9
278 270 8
278 271 7
278 272 6
278 273 5
278 274 4
278 275 3
278 276 2
279 269 10
279 270 9
279 271 8
279 272 7
279 273 6
279 274 5
279 275 4
279 276 3
279 277 2
280 270 10
280 271 9
280 272 8
280 273 7
280 274 6
280 275 5
280 276 4
280 277 3
280 278 2
281 271 10
281 272 9
281 273 8
281 274 7
281 275 6
281 276 5
281 277 4
281 278 3
281 279 2
282 272 10
282 273 9
282 274 8
282 275 7
282 276 6
282 277 5
282 278 4
282 279 3
282 280 2
283 273 10
283 274 9
283 275 8
283 276 7
283 277 6
283 278 5
283 279 4
283 280 3
283 281 2
284 274 10
284 275 9
284 276 8
284 277 7
284 278 6
284 279 5
284 280 4
284 281 3
284 282 2
285 275 10
285 276 9
285 277 8
285 278 7
285 279 6
285 280 5
285 281 4
285 282 3
285 283 2
286 276 10
286 277 9
286 278 8
286 279 7
286 280 6
286 281 5
286 282 4
286 283 3
286 284 2
287 277 10
287 278 9
287 279 8
287 280 7
287 281 6
287 282 5
287 283 4
287 284 3
287 285 2
288 278 10
288 279 9
288 280 8
288 281 7
288 282 6
288 283 5
288 284 4
288 285 3
288 286 2
289 279 10
289 280 9
289 281 8
289 282 7
289 283 6
289 284 5
289 285 4
289 286 3
289 287 2
290 280 10
290 281 9
290 282 8
290 283 7
290 284 6
290 285 5
290 286 4
290 287 3
290 288 2
291 281 10
291 282 9
291 283 8
291 284 7
291 285 6
291 286 5
291 287 4
291 288 3
291 289 2
292 282 10
292 283 9
292 284 8
292 285 7
292 286 6
292 287 5
292 288 4
292 289 3
292 290 2
293 283 10
293 284 9
293 285 8
293 286 7
293 287 6
293 288 5
293 289 4
293 290 3
293 291 2
294 284 10
294 285 9
294 286 8
294 287 7
294 288 6
294 289 5
294 290 4
294 291 3
294 292 2
295 285 10
295 286 9
295 287 8
295 288 7
295 289 6
295 290 5
295 291 4
295 292 3
295 293 2
296 286 10
296 287 9
296 288 8
296 289 7
296 290 6
296 291 5
296 292 4
296 293 3
296 294 2
297 287 10
297 288 9
297 289 8
297 290 7
297 291 6
297 292 5
297 293 4
297 294 3
297 295 2
298 288 10
298 289 9
298 290 8
298 291 7
298 292 6
298 293 5
298 294 4
298 295 3
298 296 2
299 289 10
299 290 9
299 291 8
299 292 7
299 293 6
299 294 5
299 295 4
299 296 3
299 297 2
1 12 11
1 13 12
1 14 13
1 15 14
1 16 15
1 17 16
1 18 17
1 19 18
1 20 19
1 21 20
1 22 21
1 23 22
1 24 23
1 25 24
1 26 25
1 27 26
1 28 27
1 29 28
1 30 29
1 31 30
1 32 31
1 33 32
1 34 33
1 35 34
1 36 35
1 37 36
1 38 37
1 39 38
1 40 39
1 41 40
1 42 41
1 43 42
1 44 43
1 45 44
1 46 45
1 47 46
1 48 47
1 49 48
1 50 49
1 51 50
1 52 51
1 53 52
1 54 53
1 55 54
1 56 55
1 57 56
1 58 57
1 59 58
1 60 59
1 61 60
1 62 61
1 63 62
1 64 63
1 65 64
1 66 65
1 67 66
1 68 67
1 69 68
1 70 69
1 71 70
1 72 71
1 73 72
1 74 73
1 75 74
1 76 75
1 77 76
1 78 77
1 79 78
1 80 79
1 81 80
1 82 81
1 83 82
1 84 83
1 85 84
1 86 85
1 87 86
1 88 87
1 89 88
1 90 89
1 91 90
1 92 91
1 93 92
1 94 93
1 95 94
1 96 95
1 97 96
1 98 97
1 99 98
300 298 2
300 297 3
300 296 4
300 295 5
300 294 6
300 293 7
300 292 8
300 291 9
300 290 10
300 289 11
300 288 12
300 287 13
300 286 14
300 285 15
300 284 16
300 283 17
300 282 18
300 281 19
300 280 20
300 279 21
300 278 22
300 277 23
300 276 24
300 275 25
300 274 26
300 273 27
300 272 28
300 271 29
300 270 30
300 269 31
300 268 32
300 267 33
300 266 34
300 265 35
300 264 36
300 263 37
300 262 38
300 261 39
300 260 40
300 259 41
300 258 42
300 257 43
300 256 44
300 255 45
300 254 46
300 253 47
300 252 48
300 251 49
300 250 50
300 249 51
300 248 52
300 247 53
300 246 54
300 245 55
300 244 56
300 243 57
300 242 58
300 241 59
300 240 60
300 239 61
300 238 62
300 237 63
300 236 64
300 235 65
300 234 66
300 233 67
300 232 68
300 231 69
300 230 70
300 229 71
300 228 72
300 227 73
300 226 74
300 225 75
300 224 76
300 223 77
300 222 78
300 221 79
300 220 80
300 219 81
300 218 82
300 217 83
300 216 84
300 215 85
300 214 86
300 213 87
300 212 88
300 211 89
300 210 90
300 209 91
300 208 92
300 207 93
300 206 94
300 205 95
300 204 96
300 203 97
300 202 98
300 201 99
245 71 100096
31 472 100076
487 416 100021
89 357 100057
421 80 100055
95 308 100003
363 120 100018
496 101 100066
42 117 100032
160 4 100032
397 248 100054
494 278 100025
22 117 100040
450 452 100077
29 307 100071
189 111 100085
160 381 100081
261 247 100074
229 131 100033
232 63 100030
331 417 100075
109 94 100048
77 187 100042
281 136 100093
110 16 100052
182 204 100014
319 364 100094
100 476 100092
127 204 100022
460 288 100037
42 118 100053
469 78 100099
417 6 100085
59 139 100020
5 248 100035
257 281 100091
471 100 100054
417 51 100081
109 177 100036
283 137 100023
494 26 100098
423 125 100066
429 410 100025
67 330 100029
166 265 100037
447 108 100059
46 462 100075
96 143 100035
273 232 100017
438 142 100099
463 140 100074
87 259 100002
348 84 100020
177 265 100037
293 54 100083
401 313 100080
214 488 100076
209 475 100000
440 392 100012
46 329 100053
498 143 100045
372 81 100003
26 428 100038
98 456 100054
335 101 100007
72 99 100065
411 127 100073
385 279 100064
276 43 100010
457 97 100007
99 494 100030
32 149 100055
459 239 100052
415 93 100086
15 352 100056
367 423 100007
284 333 100033
410 69 100064
474 196 100006
84 152 100054
43 103 100099
373 134 100047
228 444 100085
32 210 100029
319 76 100080
327 442 100054
434 78 100038
20 487 100006
384 460 100002
142 396 100005
349 438 100007
48 163 100092
137 185 100073
346 215 100043
422 447 100069
215 102 100003
292 292 100022
278 51 100057
238 153 100098
485 110 100098
422 318 100046
436 10 100045
178 498 100029
451 344 100095
246 265 100042
15 479 100095
218 123 100086
292 400 100036
249 489 100040
200 473 100002
498 247 100019
196 182 100080
141 211 100030
271 13 100073
318 258 100089
460 273 100019
407 342 100041
294 486 100093
82 234 100081
375 285 100006
153 348 100077
186 280 100018
397 210 100040
409 483 100057
167 224 100069
291 444 100075
484 285 100020
469 230 100054
55 312 100028
339 218 100004
121 222 100003
451 407 100082
421 303 100092
161 212 100026
70 230 100050
439 372 100045
67 207 100081
487 176 100011
341 82 100022
421 272 100091
277 245 100012
480 195 100018
463 115 100073
155 275 100036
33 196 100017
135 487 100088
180 53 100094
362 391 100021
273 84 100054
347 356 100026
271 2 100011
465 272 100073
79 197 100079
205 333 100064
252 50 100098
238 490 100078
492 385 100009
264 320 100064
462 175 100090
451 307 100060
452 271 100076
75 196 100006
272 128 100010
104 92 100061
6 42 100051
347 172 100044
483 163 100028
293 278 100047
357 239 100074
299 189 100032
11 492 100002
187 67 100050
293 338 100077
455 441 100020
368 298 100061
19 145 100033
164 127 100047
44 271 100025
244 479 100015
118 277 100004
2 287 100095
305 325 100061
7 117 100098
484 71 100091
256 439 100088
69 309 100032
54 324 100011
202 368 100081
479 463 100060
494 80 100088
50 81 100075
98 237 100099
359 95 100068
310 78 100090
53 185 100080
93 254 100089
426 307 100064
89 360 100031
170 338 100093
82 184 100024
271 233 100057
246 330 100045
397 41 100040
17 202 100069
208 254 100054
188 346 100059
329 123 100017
294 211 100077
477 381 100014
123 462 100097
199 84 100082
356 329 100011
454 78 100051
294 446 100052
415 153 100057
221 193 100003
280 21 100077
498 166 100088
75 143 100020
341 117 100033
291 315 100017
473 23 100045
336 476 100074
240 121 100072
492 35 100076
202 256 100068
405 387 100041
82 384 100058
322 310 100000
442 3 100068
376 293 100083
393 117 100005
90 452 100080
217 191 100000
289 35 100086
365 236 100041
486 492 100028
479 425 100063
137 247 100073
290 40 100027
58 415 100019
141 159 100087
98 249 100038
178 465 100081
230 105 100015
317 321 100002
10 306 100093
238 284 100017
54 421 100015
179 210 100055
306 119 100021
77 260 100080
464 357 100028
302 387 100044
35 468 100000
450 136 100020
304 146 100078
297 235 100061
67 288 100033
82 466 100094
489 123 100013
311 199 100024
291 162 100032
371 316 100070
415 350 100038
415 152 100073
87 455 100070
65 104 100005
327 22 100092
212 455 100010
159 444 100032
372 254 100031
48 396 100044
432 266 100059
203 32 100061
293 446 100012
18 32 100018
389 97 100073
494 275 100094
238 338 100049
448 496 100092
133 219 100097
16 266 100044
60 198 100061
272 252 100092
333 396 100089
397 413 100072
267 153 100020
241 146 100094
485 36 100034
480 280 100066
199 129 100081
316 373 100093
365 234 100064
116 478 100096
363 167 100044
276 240 100010
280 112 100050
426 407 100037
13 243 100024
47 222 100004
66 420 100032
99 88 100057
192 452 100042
408 420 100020
104 282 100038
400 409 100029
342 413 100065
100 302 100077
342 227 100075
63 431 100040
335 115 100039
422 24 100082
373 167 100090
292 139 100045
426 277 100045
334 7 100007
22 348 100019
487 447 100021
464 140 100047
340 202 100029
132 388 100043
168 106 100033
186 448 100076
324 393 100001
436 458 100096
457 157 100016
296 455 100089
259 94 100088
450 148 100017
82 35 100012
104 196 100031
209 81 100016
8 109 100091
401 63 100043
342 498 100000
239 306 100009
207 101 100063
48 212 100009
136 161 100056
253 242 100042
365 346 100089
349 406 100069
165 414 100030
493 100 100058
342 352 100096
147 113 100054
100 329 100053
163 138 100088
323 446 100040
417 288 100057
114 178 100057
371 499 100021
30 301 100072
481 160 100013
185 108 100012
297 115 100063
125 168 100025
262 357 100047
207 149 100015
347 158 100028
376 15 100099
226 389 100034
7 418 100035
279 399 100046
245 83 100053
357 231 100019
420 356 100087
497 469 100095
396 28 100043
212 374 100053
140 101 100067
291 326 100007
78 332 100025
313 463 100075
411 207 100009
116 415 100091
436 334 100046
275 182 100067
470 77 100094
165 288 100019
18 280 100019
238 422 100096
345 499 100080
222 163 100042
349 73 100000
410 189 100014
202 476 100099
348 250 100080
315 219 100008
161 383 100096
380 401 100027
51 490 100048
48 186 100047
80 408 100009
74 108 100034
274 18 100022
240 219 100097
391 418 100046
223 85 100016
131 245 100098
327 477 100050
6 27 100091
255 426 100077
354 5 100084
263 78 100091
97 203 100060
471 442 100078
320 332 100096
66 406 100032
234 37 100076
433 215 100004
235 221 100031
27 327 100008
4 180 100013
240 294 100042
83 243 100045
444 213 100038
374 33 100022
222 450 100027
154 184 100015
183 468 100030
187 54 100002
329 379 100034
8 44 100073
153 138 100008
395 83 100051
108 174 100076
492 96 100098
293 423 100003
328 139 100085
147 421 100072
201 423 100093
280 251 100023
215 110 100066
240 262 100004
348 157 100038
251 116 100011
28 459 100006
26 103 100081
29 283 100071
67 429 100043
291 129 100065
84 261 100067
108 327 100076
26 66 100089
230 414 100097
369 164 100064
32 43 100022
291 68 100077
472 449 100059
495 15 100087
438 305 100068
155 240 100028
122 347 100054
50 373 100019
91 454 100084
289 174 100000
453 206 100042
428 348 100062
5 171 100062
364 165 100076
3 454 100032
271 460 100023
299 433 100022
153 482 100094
425 424 100099
109 212 100025
183 404 100043
30 418 100047
200 380 100062
216 356 100064
169 340 100035
480 63 100085
412 485 100090
15 168 100082
475 380 100007
136 396 100089
391 339 100018
308 138 100069
187 300 100084
394 316 100004
85 103 100083
147 189 100094
484 279 100090
466 145 100057
48 119 100036
484 496 100095
322 266 100054
311 87 100040
462 271 100085
278 327 100069
380 362 100016
420 308 100051
50 498 100016
194 356 100016
165 92 100022
270 76 100070
118 249 100087
272 60 100074
465 21 100096
50 150 100075
220 382 100036
388 301 100044
39 203 100041
7 396 100096
375 412 100040
350 182 100067
172 151 100015
259 274 100026
285 238 100099
434 288 100048
409 359 100081
97 246 100034
241 136 100036
383 494 100031
231 369 100043
171 70 100076
38 241 100078
6 351 100051
32 488 100089
283 421 100028
339 465 100076
84 399 100069
71 35 100051
416 419 100081
136 214 100004
205 42 100041
445 20 100046
148 271 100030
135 112 100012
407 92 100047
87 430 100012
215 365 100062
84 287 100049
187 203 100067
21 338 100032
25 43 100073
418 339 100044
317 338 100014
247 472 100078
311 378 100069
59 316 100099
123 31 100015
85 466 100002
434 153 100004
53 173 100041
237 49 100035
110 466 100026
354 282 100063
221 380 100035
165 120 100000
481 471 100074
363 187 100058
328 189 100044
332 245 100048
4 286 100085
404 74 100046
370 200 100052
3 163 100024
383 450 100074
425 115 100093
25 447 100064
99 309 100002
109 488 100042
405 320 100086
106 175 100023
43 79 100096
89 300 100095
193 302 100010
17 184 100059
391 108 100025
237 484 100071
53 434 100031
55 43 100019
449 299 100090
235 404 100064
158 298 100094
7 387 100045
54 79 100047
264 448 100082
276 338 100042
401 426 100025
325 478 100059
56 384 100053
275 332 100003
17 66 100059
434 76 100056
428 82 100094
426 487 100073
225 103 100072
207 378 100009
149 130 100035
427 454 100064
286 362 100048
391 136 100079
294 153 100097
453 438 100072
262 365 100005
456 142 100043
229 366 100045
153 73 100074
105 250 100098
410 266 100083
271 314 100025
259 46 100019
263 343 100023
200 67 100084
416 372 100040
58 15 100020
423 113 100073
347 87 100087
272 191 100088
270 453 100053
406 223 100019
431 333 100064
407 226 100045
473 462 100061
196 302 100070
62 75 100044
174 148 100091
261 487 100062
303 75 100083
255 280 100088
478 299 100071
162 363 100072
257 121 100097
402 445 100011
315 492 100012
285 54 100038
30 79 100085
473 191 100023
187 494 100097
170 248 100077
411 77 100027
82 239 100042
354 347 100014
204 248 100059
15 415 100002
479 199 100055
18 228 100086
177 79 100037
170 28 100059
270 405 100069
346 285 100050
436 27 100055
282 241 100058
382 252 100024
296 255 100003
494 162 100072
74 148 100026
477 177 100056
385 474 100014
141 495 100012
425 245 100047
303 200 100081
44 211 100062
147 235 100009
401 90 100054
63 462 100079
62 241 100056
238 97 100022
436 481 100047
402 122 100041
214 398 100085
314 201 100036
195 96 100046
309 242 100033
70 495 100022
324 409 100084
4 470 100024
12 60 100020
234 495 100053
281 396 100074
322 462 100023
459 275 100023
295 321 100070
194 481 100012
327 50 100006
49 373 100014
85 228 100035
361 239 100094
382 472 100088
87 104 100036
413 277 100097
136 235 100023
412 382 100043
282 427 100023
394 253 100072
352 153 100096
218 238 100024
406 450 100014
300 183 100086
41 269 100041
29 181 100018
126 169 100004
349 80 100085
244 361 100063
119 107 100067
43 310 100020
339 380 100009
215 285 100058
330 436 100041
268 328 100061
309 356 100042
479 333 100010
384 33 100041
21 276 100001
85 246 100059
252 288 100069
424 479 100048
185 45 100084
44 374 100019
437 493 100047
98 154 100054
292 132 100087
154 15 100019
95 388 100047
397 324 100092
8 75 100032
77 351 100062
377 35 100006
313 430 100032
333 218 100024
32 168 100077
86 459 100061
325 113 100027
245 207 100014
292 455 100037
436 463 100064
368 391 100014
401 289 100031
331 321 100015
400 197 100098
67 375 100084
26 388 100008
490 415 100004
48 330 100047
3 67 100083
317 83 100002
59 97 100084
178 350 100072
462 32 100092
77 431 100088
76 498 100014
12 375 100001
272 216 100016
277 263 100097
276 265 100015
359 433 100098
14 492 100046
298 21 100095
222 482 100026
114 411 100057
54 338 100006
221 201 100080
274 472 100095
242 100 100009
39 376 100026
107 86 100058
405 99 100001
151 248 100022
247 469 100055
373 434 100017
282 340 100054
188 60 100054
320 333 100078
167 75 100077
277 465 100004
3 71 100090
13 327 100040
15 478 100088
389 76 100008
96 300 100042
214 82 100081
20 269 100092
175 441 100076
5 107 100002
82 235 100067
387 237 100089
129 102 100016
469 116 100093
409 356 100068
318 451 100067
12 164 100000
45 184 100021
137 210 100061
413 214 100019
468 147 100054
135 385 100042
224 13 100095
492 482 100010
385 242 100065
205 59 100068
325 70 100031
25 466 100066
198 102 100027
459 367 100092
31 334 100091
337 320 100075
231 395 100040
227 387 100073
337 271 100014
155 328 100073
275 4 100094
206 380 100060
25 78 100013
404 388 100031
349 418 100016
440 106 100035
415 337 100030
255 63 100016
439 195 100056
118 20 100030
121 414 100088
353 126 100064
430 292 100067
169 323 100015
87 40 100054
44 427 100021
380 357 100027
294 25 100007
45 316 100053
301 285 100072
184 258 100085
272 110 100063
236 39 100054
455 59 100028
171 497 100067
177 41 100094
98 420 100002
478 214 100079
137 110 100046
490 262 100030
362 445 100087
499 216 100096
262 303 100086
168 258 100045
397 428 100041
16 456 100081
62 406 100053
465 383 100018
96 371 100027
42 360 100088
272 221 100085
260 71 100052
208 185 100055
47 352 100012
492 485 100067
299 67 100028
204 272 100044
438 190 100091
308 69 100032
19 357 100004
239 294 100015
162 447 100074
346 402 100020
49 466 100011
1 309 100048
468 107 100066
348 163 100037
45 100 100078
336 260 100046
169 278 100054
125 369 100048
192 30 100094
466 227 100095
287 275 100012
50 275 100072
298 94 100078
464 442 100092
253 486 100044
231 321 100003
277 489 100032
32 465 100000
80 156 100081
74 122 100007
321 260 100082
385 309 100008
257 459 100002
87 422 100043
80 27 100080
376 257 100052
79 34 100041
263 417 100057
464 348 100013
45 273 100086
353 445 100045
287 329 100005
495 437 100063
297 23 100037
392 454 100063
324 329 100019
77 259 100004
170 22 100020
227 485 100067
292 381 100039
478 85 100035
423 371 100063
29 218 100099
444 366 100022
281 258 100027
144 433 100056
116 9 100066
120 178 100087
393 257 100023
12 48 100004
52 26 100040
387 300 100011
403 180 100080
2 124 100045
476 404 100002
256 400 100087
364 15 100095
230 134 100025
118 378 100081
341 390 100028
106 190 100030
406 453 100032
85 433 100086
208 278 100013
464 233 100068
15 462 100013
440 431 100091
473 123 100080
54 272 100072
159 461 100002
416 413 100035
1 345 100073
60 122 100086
375 206 100007
89 325 100090
317 192 100003
31 483 100033
474 456 100008
454 9 100079
78 19 100091
380 435 100003
467 287 100099
340 198 100072
179 73 100078
238 13 100002
28 330 100045
132 212 100028
17 37 100083
25 490 100043
156 67 100061
247 298 100047
250 265 100033
301 456 100083
474 486 100007
352 223 100019
406 103 100000
152 234 100011
380 102 100099
415 127 100088
310 134 100006
371 381 100056
71 482 100072
56 283 100027
239 256 100065
346 459 100039
466 216 100041
266 219 100074
130 98 100028
29 364 100006
270 173 100039
428 396 100019
384 466 100001
456 373 100035
336 112 100090
201 309 100000
492 126 100015
34 244 100086
160 373 100035
388 253 100099
94 374 100023
434 302 100018
5 37 100035
58 345 100008
393 180 100071
335 232 100079
87 223 100005
55 256 100048
241 268 100072
376 155 100076
375 101 100050
399 34 100003
169 390 100039
405 448 100083
365 340 100014
246 315 100012
321 320 100066
428 420 100006
195 392 100082
350 469 100008
450 271 100058
335 374 100027
224 365 100083
171 349 100047
363 363 100034
389 461 100048
353 281 100020
20 208 100039
278 403 100083
60 104 100003
421 405 100073
179 239 100098
458 314 100062
493 485 100010
392 199 100025
226 439 100037
227 291 100017
399 162 100076
490 440 100030
473 351 100033
138 53 100053
228 351 100062
42 14 100055
378 376 100098
76 453 100076
366 490 100002
8 159 100000
170 36 100089
461 166 100014
163 252 100041
286 241 100094
439 469 100096
401 10 100009
208 387 100085
407 314 100089
280 37 100037
438 289 100058
473 30 100018
491 244 100033
94 438 100018
334 184 100008
302 280 100008
163 390 100016
401 227 100074
214 16 100008
244 147 100096
282 85 100084
340 409 100013
211 399 100009
244 492 100046
414 178 100081
22 479 100060
382 494 100001
450 394 100079
424 108 100095
284 203 100041
180 484 100077
364 176 100086
430 238 100036
239 333 100028
337 98 100057
488 30 100099
481 332 100049
375 211 100024
334 458 100008
36 352 100039
372 329 100055
399 67 100084
488 204 100074
320 184 100062
269 341 100079
387 328 100008
238 309 100091
3 116 100019
312 476 100006
163 15 100029
344 270 100079
410 306 100066
113 80 100037
296 42 100005
136 473 100043
316 434 100033
476 77 100071
10 79 100086
81 243 100013
187 405 100028
369 100 100049
448 10 100055
367 122 100086
456 270 100028
462 257 100052
57 72 100037
390 47 100014
114 408 100092
100 340 100086
414 379 100043
94 247 100042
452 298 100011
426 485 100067
47 65 100080
303 469 100036
227 307 100078
273 221 100091
33 65 100042
372 152 100007
250 495 100000
348 437 100095
394 241 100044
305 18 100028
24 64 100044
56 366 100013
145 92 100019
123 217 100091
214 249 100055
108 472 100006
416 222 100052
168 69 100041
463 314 100081
408 471 100050
188 494 100013
385 50 100030
198 46 100022
91 360 100032
191 467 100039
162 226 100006
235 330 100074
156 371 100036
469 4 100095
439 154 100083
285 367 100067
186 298 100016
231 172 100036
250 114 100047
334 304 100013
25 317 100090
132 404 100020
406 59 100090
494 379 100094
342 170 100099
377 454 100066
444 491 100015
412 221 100086
48 322 100051
247 155 100054
60 179 100022
303 310 100025
23 67 100083
465 413 100062
59 254 100031
159 130 100036
477 425 100026
92 188 100098
230 87 100019
481 333 100025
387 244 100003
109 46 100065
235 68 100083
270 385 100047
184 295 100000
267 305 100081
303 281 100057
181 224 100096
279 305 100082
50 285 100014
475 23 100058
79 484 100003
196 218 100023
379 339 100007
327 23 100053
379 141 100058
413 296 100038
222 476 100014
219 107 100018
301 156 100055
216 483 100077
226 413 100060
281 108 100029
256 338 100020
115 16 100094
269 395 100034
227 159 100029
317 232 100005
131 450 100063
250 103 100018
357 318 100000
134 395 100064
247 175 100071
428 431 100009
448 45 100024
342 313 100070
229 391 100080
58 208 100012
215 190 100061
478 291 100063
249 147 100032
1 133 100078
166 379 100053
289 158 100035
250 106 100031
375 299 100044
97 27 100086
478 437 100093
442 151 100035
3 481 100025
19 229 100072
203 81 100004
282 98 100034
387 387 100043
274 136 100000
205 362 100099
449 459 100077
288 288 100013
481 229 100016
216 83 100096
94 453 100076
266 156 100008
422 289 100006
308 27 100092
351 300 100079
204 4 100041
3 305 100051
32 92 100038
146 424 100018
262 492 100000
210 85 100005
386 202 100012
494 475 100000
200 134 100078
144 336 100029
224 39 100032
17 41 100088
268 425 100079
158 70 100055
276 183 100098
328 392 100082
185 277 100035
197 122 100061
349 174 100094
27 317 100029
356 392 100068
41 408 100060
485 461 100083
406 316 100010
88 14 100090
479 148 100074
107 335 100023
229 496 100071
402 290 100098
70 271 100005
314 291 100045
73 352 100074
100 188 100034
135 94 100001
298 181 100066
140 12 100065
166 118 100099
389 198 100094
461 451 100035
59 21 100057
216 186 100048
62 258 100099
288 209 100038
474 344 100031
475 493 100012
341 132 100023
206 297 100092
257 186 100090
303 498 100040
490 408 100012
447 123 100049
195 184 100007
146 323 100015
285 296 100010
16 270 100002
280 462 100085
55 19 100034
420 390 100028
269 282 100017
176 47 100064
298 496 100010
334 55 100008
156 323 100044
304 285 100011
425 240 100091
387 325 100097
257 59 100096
384 330 100037
312 98 100071
230 125 100017
446 423 100064
208 108 100071
468 115 100093
12 418 100077
424 195 100068
467 81 100093
416 189 100003
313 72 100033
302 236 100082
73 465 100007
242 262 100081
259 321 100040
330 289 100006
75 152 100024
104 75 100070
373 393 100050
318 309 100090
321 121 100062
154 274 100097
289 199 100013
48 440 100026
229 50 100098
369 379 100086
475 305 100090
351 409 100064
421 281 100057
423 98 100065
114 270 100037
228 276 100062
225 64 100060
390 111 100052
316 191 100001
414 411 100032
153 237 100036
43 440 100044
359 212 100076
68 487 100025
233 100 100095
222 179 100022
485 255 100085
297 144 100047
49 311 100037
351 76 100099
383 80 100035
71 474 100074
316 333 100038
44 400 100024
222 485 100075
317 58 100053
391 394 100007
176 191 100002
275 239 100012
64 89 100039
263 323 100019
198 394 100092
425 61 100076
215 104 100028
139 177 100012
14 493 100021
67 383 100015
226 410 100005
380 184 100095
492 99 100036
383 361 100058
2 411 100003
447 187 100063
223 401 100019
251 39 100095
115 404 100040
37 322 100074
204 47 100036
61 426 100071
156 269 100070
192 151 100082
403 5 100092
6 451 100078
331 493 100075
369 140 100041
272 132 100029
93 359 100032
491 347 100092
268 18 100048
388 140 100039
391 123 100041
395 367 100099
197 298 100072
73 128 100064
348 349 100055
442 472 100087
71 417 100045
404 407 100091
148 175 100060
196 414 100052
288 304 100074
281 198 100092
132 246 100089
4 319 100069
220 18 100069
76 459 100040
63 382 100056
260 137 100063
303 284 100089
215 332 100002
267 119 100006
293 251 100055
186 383 100053
227 386 100071
248 106 100040
117 33 100051
458 95 100032
69 229 100007
204 270 100021
35 373 100040
5 131 100032
256 438 100017
138 343 100096
375 66 100043
332 307 100060
364 358 100017
310 142 100082
15 62 100063
374 265 100032
448 300 100056
487 272 100010
277 90 100099
119 338 100026
185 481 100057
343 93 100073
52 162 100034
45 297 100001
106 160 100026
222 292 100073
373 149 100012
29 487 100084
439 115 100025
339 234 100062
317 270 100094
274 464 100039
299 15 100000
134 59 100096
187 16 100055
113 237 100099
487 110 100047
351 490 100033
135 428 100048
212 118 100033
274 434 100054
21 60 100017
360 358 100083
212 343 100041
361 29 100056
168 494 100044
267 480 100005
14 182 100094
100 317 100022
300 28 100091
85 154 100025
139 26 100036
8 237 100045
391 448 100040
184 160 100020
140 328 100013
36 94 100092
42 460 100074
36 411 100042
310 62 100021
202 146 100026
379 284 100051
115 143 100039
412 33 100039
52 216 100098
73 207 100077
86 242 100023
431 135 100082
457 171 100044
299 332 100005
372 33 100050
451 263 100085
54 229 100027
394 141 100011
33 192 100026
183 116 100084
161 202 100025
84 132 100060
318 440 100082
462 90 100013
19 461 100098
221 411 100012
58 465 100041
37 210 100033
48 242 100076
126 276 100092
410 436 100045
435 371 100028
447 188 100067
481 1 100056
347 19 100068
180 109 100047
496 202 100083
57 435 100030
150 64 100055
425 456 100064
361 253 100051
231 181 100049
271 48 100030
271 4 100028
142 272 100024
232 303 100032
380 150 100086
63 206 100072
146 355 100035
353 132 100042
470 492 100094
21 74 100074
222 196 100073
404 467 100076
432 108 100000
56 191 100054
141 70 100056
427 485 100013
351 482 100068
487 334 100099
443 476 100074
249 64 100075
152 382 100003
84 341 100055
139 31 100062
131 453 100018
409 289 100031
252 98 100054
203 378 100009
497 205 100035
217 407 100083
280 234 100035
13 189 100018
353 45 100008
235 159 100039
187 477 100099
475 260 100058
96 364 100055
51 66 100085
160 415 100089
295 131 100047
179 262 100080
214 274 100069
184 478 100065
292 212 100023
383 399 100051
383 225 100010
493 321 100025
349 223 100043
286 382 100057
75 28 100039
123 58 100000
255 123 100025
76 306 100002
441 450 100013
316 184 100063
167 66 100040
130 59 100012
455 259 100034
198 44 100067
207 470 100094
346 444 100052
98 199 100026
385 125 100018
334 191 100033
17 154 100000
435 46 100081
345 258 100035
455 192 100085
498 359 100043
319 54 100041
263 158 100038
313 236 100061
290 120 100085
208 453 100075
442 322 100081
194 108 100026
75 452 100084
262 406 100027
499 255 100086
443 73 100091
84 187 100000
174 351 100035
35 141 100055
373 348 100059
400 289 100080
433 482 100087
160 408 100090
496 22 100095
202 261 100013
275 52 100048
313 204 100022
164 240 100056
304 247 100080
151 206 100080
292 339 100012
125 78 100023
33 269 100070
54 216 100045
425 418 100057
239 44 100061
487 356 100064
261 19 100055
70 322 100001
250 473 100007
182 264 100097
47 240 100074
422 272 100094
293 177 100010
390 102 100079
247 192 100022
8 178 100077
325 439 100096
380 360 100069
182 109 100041
41 291 100056
238 189 100096
364 110 100019
97 221 100094
50 100 100041
241 22 100000
270 299 100024
60 447 100004
419 417 100037
380 210 100077
22 119 100066
210 267 100029
319 186 100039
425 134 100059
419 35 100058
160 275 100031
113 397 100082
389 456 100028
193 227 100044
382 106 100054
259 127 100072
225 336 100090
407 6 100075
346 430 100061
6 349 100095
116 360 100022
248 324 100018
30 213 100025
110 257 100051
255 139 100056
461 249 100082
285 326 100069
375 232 100075
2 429 100056
263 434 100056
411 402 100068
333 1 100091
151 382 100055
276 491 100064
480 245 100054
436 57 100002
371 193 100027
492 67 100010
267 421 100039
325 284 100092
78 252 100076
78 396 100026
459 103 100054
450 67 100085
46 21 100020
455 76 100042
147 455 100034
214 66 100052
134 457 100079
168 133 100063
113 211 100066
389 288 100061
168 247 100016
74 48 100082
459 93 100055
131 47 100030
26 46 100084
60 259 100001
64 244 100057
244 263 100090
207 375 100000
240 87 100082
338 355 100055
385 337 100065
330 44 100095
228 474 100072
273 211 100031
383 12 100047
478 270 100090
241 12 100048
467 112 100072
82 203 100010
364 41 100016
71 425 100053
236 106 100048
384 334 100022
56 458 100032
140 341 100043
287 318 100064
29 410 100075
329 377 100038
253 458 100041
264 174 100081
480 244 100057
385 332 100015
186 67 100000
460 122 100057
92 113 100049
87 251 100019
204 279 100028
479 107 100056
70 360 100066
11 475 100039
344 306 100034
453 43 100065
168 228 100031
68 187 100005
278 130 100017
327 68 100068
46 271 100098
175 102 100057
383 171 100016
49 33 100042
388 228 100099
323 180 100041
440 200 100020
124 267 100058
429 44 100087
198 223 100055
218 268 100077
17 294 100030
274 177 100000
242 225 100084
36 465 100011
492 129 100077
191 349 100052
309 108 100080
205 347 100030
427 154 100047
194 232 100015
488 262 100088
16 315 100081
240 399 100016
56 211 100003
194 54 100031
124 244 100079
176 404 100038
9 108 100085
439 138 100079
22 254 100066
284 494 100081
450 476 100072
348 344 100080
410 347 100073
463 478 100048
206 310 100076
110 248 100084
69 385 100074
103 324 100063
182 345 100016
100 480 100062
33 429 100037
57 129 100032
137 38 100079
411 1 100008
11 58 100069
287 19 100069
423 88 100053
449 42 100028
113 223 100025
381 322 100056
143 206 100037
380 262 100065
165 399 100054
296 161 100054
404 171 100064
26 310 100082
395 232 100021
500 181 100062
429 293 100084
406 173 100057
362 168 100014
99 399 100076
464 63 100074
71 358 100086
177 114 100056
341 139 100065
376 385 100049
497 384 100029
174 396 100068
198 306 100030
365 420 100028
264 148 100044
178 274 100014
36 60 100090
1 369 100083
139 486 100058
375 335 100006
258 216 100017
274 241 100013
342 439 100070
124 155 100089
5 270 100089
349 448 100062
115 483 100022
57 483 100042
340 473 100027
350 199 100014
357 308 100081
374 81 100022
139 275 100012
209 398 100066
51 402 100036
40 102 100035
154 68 100017
328 477 100051
370 316 100075
250 18 100073
464 226 100032
97 451 100013
119 90 100087
283 150 100036
250 52 100038
338 443 100091
225 97 100059
94 424 100035
445 146 100002
472 395 100071
197 210 100096
229 306 100099
194 277 100040
433 59 100089
70 160 100093
460 349 100035
303 73 100083
214 166 100059
101 462 100056
151 227 100032
212 376 100013
369 475 100006
145 15 100091
56 56 100060
37 74 100039
372 288 100057
483 388 100070
239 43 100007
241 122 100039
452 497 100052
173 323 100011
169 337 100002
224 244 100014
143 245 100085
410 133 100010
101 356 100097
310 339 100037
481 429 100031
140 170 100052
131 473 100048
184 145 100022
47 314 100010
449 389 100054
15 31 100050
500 440 100082
262 41 100089
312 350 100079
249 182 100008
80 321 100077
385 452 100001
185 487 100046
308 385 100011
118 185 100099
172 199 100030
174 50 100021
456 311 100013
298 122 100063
477 222 100096
70 214 100037
222 211 100013
29 95 100024
499 131 100023
170 329 100005
344 230 100079
151 40 100092
300 14 100007
277 235 100056
361 240 100025
427 277 100097
242 351 100007
155 231 100053
331 229 100083
454 399 100063
