100 200000
48782 1
60555 7
60694 22
60773 712
60777 616
60819 21
61132 3
244007 104
244024 2400
100448 54
103709 63
100644 72
103142 81
100918 90
103005 99
101048 108
102823 117
101212 126
102776 135
101306 144
102623 153
101364 162
102550 171
101405 180
102506 189
101454 198
102439 207
101475 216
102376 225
101512 234
102350 243
101540 252
102313 261
101566 270
102299 279
101596 288
102284 297
101630 306
102265 315
101643 324
102246 333
101657 342
102228 351
101669 360
102217 369
101684 378
102205 387
101699 396
102196 405
101705 414
102186 423
101721 432
102182 441
101732 450
102175 459
101741 468
102161 477
101749 486
102157 495
101755 504
102148 513
101763 522
102144 531
101771 540
102137 549
101777 558
102134 567
101785 576
102130 585
101790 594
102123 603
101795 612
102118 621
101798 630
102111 639
101800 648
102106 657
101804 666
102102 675
101809 684
102100 693
101813 702
102096 711
101816 720
102091 729
101818 738
102087 747
101821 756
102084 765
101825 774
102082 783
101828 792
102078 801
101831 810
102076 819
101837 864
102067 873
101840 882
102065 891
101842 900
