100
3 3
10 1 20 2 25 3
10 2 30 3 20 1
3 5
10 1 6 2 10 1
5 1 3 2 10 1 3 2 5 1
3 5
10 1 6 2 10 1
5 1 6 2 10 1 6 2 5 1
1 1
5000000 10
5000000 100
3 5
10000000000000000 1 6000000000000000 2 10000000000000000 1
5000000000000000 1 3000000000000000 2 10000000000000000 1 3000000000000000 2 5000000000000000 1
3 5
10000000000000000 1 6000000000000000 2 10000000000000000 1
5000000000000000 1 6000000000000000 2 10000000000000000 1 6000000000000000 2 5000000000000000 1
3 93
1467919878096096 72 1473841347547116 59 1474285180463247 94
64501192315407 72 54757990760652 59 40467250871347 59 38536867571384 57 46266543241763 57 50748991389163 59 27212450669021 59 52923480544261 72 42702413948634 72 65499272621738 72 82650840748062 72 28545787103048 72 43841384440571 94 46914806697174 72 89674563589510 59 63326380125774 59 40597148938020 72 41643443434879 12 78809933172738 72 16443729655644 59 20852016040614 59 41836577701567 72 49496751537749 72 16075444926441 59 65079581315287 59 63475007604268 59 32074667070181 59 65372551182469 57 47792205199977 72 79391529410895 72 50998645177421 57 48818737548741 72 51736744005332 72 47323103315163 72 17328780630795 57 42556102903650 59 8612709481834 94 43347567025454 72 45876057732938 94 1 72 50505228297188 72 45441215022582 57 39096014921313 59 66398913659323 72 60129844317512 72 23663684165150 72 55950364884863 59 27379315094207 72 55327313381624 12 60940119484024 57 35324013750983 59 69889726315569 72 69199032938744 57 1 94 67388957289930 72 64184001285876 72 27549955614113 72 54989051410180 57 70214752525227 72 51950804593428 59 54793750761118 72 43589099589992 72 42662556899528 72 60831204611871 59 27576826315649 72 64656836592226 59 37066448958411 72 63710716226587 59 94727266024019 94 23121661247586 94 70143765459405 72 36829609841180 57 75468134612747 57 37427354713997 72 69224146385039 72 44819459788996 57 28816931095925 72 36141410579315 59 51458908969567 72 71650116637487 59 43239289658277 59 53635091364671 57 50173054352315 57 59548232865918 72 69769162684755 12 44633074815528 72 48027917910020 59 75638961079703 72 16400535500933 59 32370106870071 59 1 12 42721843527145 72 37539215158912 72
3 87
3806207457970621 64 3709103812410237 68 3721111243894007 26
113820300769318 64 124616194429890 39 85120041753871 46 107934866925381 12 162630151220546 7 170336027887446 52 71351784802852 57 76096820041206 37 92550722636383 15 57644454816380 89 84809689190654 40 183194931452849 81 143849033821894 87 97168058263295 83 21043173487024 45 107250619798935 11 65305494913198 58 182679591206282 73 94846720601786 19 158954941850411 22 61528006706138 68 63176045758048 80 157989977322110 26 96826111691833 3 117618459094853 47 129441499050582 14 148224430730224 4 118492884033778 57 96666892890010 47 216559118469594 3 52758101896864 52 75880910642265 11 125778776273275 14 116427941754035 64 236751829312402 37 93489880314825 22 136743566941124 40 202152255630912 89 93502029622161 7 73896279558172 81 115400504676266 12 146047568274691 46 130397687878632 80 61882265250805 26 177005822550951 73 188511019413309 39 204101047075213 83 135647830383671 68 108594939206771 87 143662680938868 4 75609547977376 45 100582401435682 58 137036647792620 19 141158086723691 15 100499862606662 58 103733715442983 52 102281170357873 39 141607659085573 57 104798469343512 73 175283187574894 89 131828601300393 81 134820967748977 26 106525629668719 37 67395289784393 22 92615446002749 64 56782708030239 68 93306016945150 83 119497590642472 7 133964665498739 80 142777937586580 14 135547939051572 15 111001827639432 3 151756070286132 45 156616394835243 40 148896542089620 4 135128847206111 47 141589011574498 11 100845647686369 12 118107536779760 87 139845596291908 19 113227032804016 46 178203785944085 89 120321206737897 46 93390667064554 12 122340923273895 39 88825026900565 47 193209202784773 68
3 62
2265086164982247 22 2214256527374039 50 2172364553957182 22
121014219946515 50 112612518065991 22 162893728409481 50 80532598646688 22 107526795043438 50 141258779795851 22 123470994797536 50 102813845149293 22 83335047882154 50 86886921170683 50 113987039810961 22 137201096562402 50 105276427960069 50 105971261444129 22 111172980955753 50 140441414105112 22 129996220805673 22 123165073406193 22 101375478706749 22 152028235830509 50 121914978029246 22 72718555230863 22 106480027125916 22 63927102570625 22 105020405185418 50 134231742364030 50 86905707110882 50 105811960538006 50 105718364289831 22 135227680766376 22 114199198073700 22 105675330224951 50 138839249164049 22 72552797756936 22 154609907477084 50 99374477639560 50 112080166173651 22 110735883619855 22 119663579695112 50 79864391913503 22 114686088716327 22 93889212812569 50 126245451913877 22 116855647740846 22 100156913567561 50 118039337279724 22 116077654426957 22 105147620471095 22 116786691831709 22 88548389864088 22 72265103558337 50 106049452174863 22 108867871871789 22 78857859508853 22 88165934549732 22 128528889508164 22 81702896220702 50 78784366817984 22 108746258003066 50 113899849323568 22 104450896022173 22 152395060729930 22
3 93
439386685123028 45 418585810700970 15 326145242339787 47
99341381092969 15 34863975559674 15 1 67 1 47 40868487449867 15 1 15 1 7 1 15 1 7 1 15 45324776380733 67 19375758089853 15 1 7 1 15 13952361669487 15 1 7 20899807215718 15 1 15 61824150861804 67 17268168264640 47 65051645622175 7 45225028702853 15 48221537351617 15 58938204620469 15 8139798654814 7 50259180798261 7 60341017153612 15 25387416381950 15 1 45 35837831004736 15 591754855549 67 4361505327858 47 41848552293167 15 1 15 6889733851732 15 1 15 44970155338044 15 1 15 140989731735392 7 2143127300820 15 67625743108006 15 28871911351451 7 1 47 1 15 89232437412047 7 3979645344543 15 119494151068958 47 79074532388764 47 1 47 27696147364829 15 1 47 1 15 10910862115607 47 1 7 73184476158780 15 1 7 68266081361453 7 4742592959953 47 69531248539314 15 9150381154417 15 70949663715806 7 1 47 6880520710157 45 41699516539861 47 38883842857549 7 1597933732879 15 145695928596590 15 86009672532199 15 19739589895501 67 10003146178671 7 1 15 60733079976714 15 4061990182038 67 1 7 1 67 37826046529783 15 32828428453179 67 73716303220332 7 1 15 1 67 1 45 109190961374795 45 1 47 55355537725887 45 40757419966343 67 30644876573672 67 41837878455558 45 49030556533628 7 1 47 52586240279626 7 55110854019192 7 4450914493039 45 24074656937813 15
3 70
3680991767716835 44 3739515160873116 77 3857057720779465 65
151118033477204 49 186413679695236 62 14027700863261 61 146196848981011 40 433923963028343 82 171972125327425 44 240231592057288 38 63214291104705 3 69922729415698 99 145488214552662 54 115731327738177 63 132654541133194 73 245838685117920 57 32209348348955 97 358757610331174 31 214617996958514 17 80093867881160 5 131571134235804 21 150021867583522 4 256580486808100 85 178071509653987 74 297693154513519 71 125907429950636 2 241299760474374 1 1 29 276384859806333 98 124987984144974 10 190343331724626 86 110386409821352 6 59626925518693 58 204089293929195 11 76933742516768 77 113448271790946 92 237462084083127 25 240171366266674 32 166562897279483 72 197830787305972 65 1 100 132030628722348 30 101483995689149 23 39058724474531 27 259407423897720 69 63897049742264 49 294676023366449 21 213039517912732 40 109527091319113 23 81647009739836 82 153505229833888 63 280598173177618 57 20167479036972 10 79670077864833 27 353978318107443 6 180608731406062 62 150146952472069 71 354757583618917 4 271110499260135 74 289450854917814 65 131026043698430 58 266746283627955 73 361779960133134 97 1 17 212229964336190 77 138656085408602 98 302585137525633 100 282858871579448 85 31522070185171 3 164535207426321 61 190658471941633 32 190015118172109 5 401003717870308 30
3 100
2886861390104801 74 2859192759332712 77 2814910293953915 74
83228989168036 74 90374812300101 74 74028428492890 74 54067937151454 74 33077659384537 74 120479596767513 74 48277786994031 74 51067172889282 74 63362931605743 74 66598043902593 74 55493348920153 74 58156001148738 74 96079104796286 74 71823185824485 74 64294156611164 74 126972577062339 74 164747333149956 74 109264188874664 74 59345602684998 74 180593853741792 74 68955231241355 74 117942674886147 74 152169777392006 74 62253780424375 74 111973273912286 74 43560773380013 74 71386676910733 74 126164119633296 74 99835050108262 74 13034176606588 74 85284146740758 74 8174930884455 74 182958266096282 74 101767071774739 74 1 74 52520361263502 74 112979598618456 74 84823699954378 74 89035447886010 74 111229700693654 74 161563442995678 74 106493601213464 74 106259270120342 74 163818772097329 74 184708352614493 77 1 74 109123282792389 74 28773457277396 74 1 74 51878117657602 74 20460643198345 74 115469652980849 74 91563651632739 74 123565327911994 74 101145243952284 74 280227529221204 74 86873440871557 74 107203315913959 74 30502798945095 74 157479242110985 74 94784009813801 74 39131719567330 74 80288078289252 74 1 74 61417892659332 74 95359163601929 74 1 74 37290715318538 74 63422382976527 74 80961607291421 74 51695496560830 74 128342866789092 74 29050253700663 74 85327528375595 74 59476494553837 74 77240717760137 74 29141753116806 74 166156414346782 74 108992183079159 74 78967753367384 74 42041134785021 74 1 74 42891417913915 74 139280165805614 74 30271863747783 74 90196338930967 74 63068168321159 74 92454384691764 74 79307491135512 74 70570725978899 74 1 74 8771599653107 74 137026760530307 74 78669038422841 74 36774433892620 74 128872680203503 74 108842163813488 74 86762968824971 74 104291256760318 74 1 74
3 48
2811639437209888 98 2842721034465595 94 2634754646144056 3
167536286066483 98 189799519543020 98 171478851430615 98 252912422016409 58 280880569684608 9 263049343607688 98 165792351746149 3 160594179758845 3 194314264616193 94 153623898348820 98 5335581348146 58 146651721977779 98 207254084677016 98 157592371546701 98 124594417679951 58 172830577235933 3 140919527826210 98 230053480488788 3 129867043598762 94 253063491133403 94 99791311975623 3 204612906554060 94 66524097021108 9 267706920790216 98 142244415689106 94 194931610125078 9 204921426818149 98 331221907319554 98 168793850947668 98 211446806768359 98 225166714763081 98 128496414538592 3 229864864867277 3 284191032191341 98 103540641375835 94 131127473940466 98 105457525792131 94 64839619634514 3 150237136884424 3 75865250858333 98 136924600005447 58 344470291007999 98 103108805603026 98 158807213113385 94 129558221386329 3 125103581423342 3 113102471306152 94 139347979143632 9
3 63
5824622307969349 93 5737818174132172 27 5864284681470551 49
255551496438709 38 280496841934723 36 152097465891525 6 259432525487866 75 235515535118786 19 389989199561773 12 343760364788595 15 205852071159488 80 237013693774487 60 431004366055334 58 244299985029260 13 263439455902212 77 270419525740737 41 289944853642224 93 237373539895039 27 277674217063197 8 245122714861458 92 207937313041232 7 142658856391127 65 338896148395124 96 197581778556916 76 355930841023547 29 251850413705479 99 255855815006945 9 261653210449998 40 267978595359017 71 355045079450966 42 279614580624586 21 203390352969083 52 308511012207267 37 230210997919776 61 390415123907850 44 380450429385812 100 279902746937979 35 260132273892708 11 234208826403589 22 279612488748411 49 254960205703798 78 161306142545981 16 257540789556707 74 391665180881983 88 252604262659019 64 240036243715624 28 329624867913291 30 224772522738089 89 213688111895681 68 198954756205426 32 271374867300741 46 387721338356970 33 339534275521523 87 286483903781245 94 233633000926066 53 235244843439106 59 338863061463631 45 266076052904862 50 339825375834458 31 401317864298720 13 411697448693126 36 345575764584335 76 219269466292869 8 224660906251942 64 243245350068207 9 177770240798022 37
3 21
893181892086333 82 787377961494106 34 802639231692986 82
262705860896337 34 100423168794797 82 14267411704005 82 237027883586381 34 139259572665871 82 121504755211179 34 127828986013999 82 96299929818633 82 52304194432419 82 137504846388791 82 184585798329487 34 48984029743662 34 163994709183011 34 105710068262783 82 86194280312652 34 110367754956589 34 30715943606396 34 35764689668513 82 98123199093568 34 1 82 58725646302397 82
3 77
881329547531484 25 1022577052551624 29 963371509292929 31
99368466456691 31 74790028446223 76 70605954964693 25 83445802481640 76 43666429218640 76 1 31 86958306113519 76 1 25 61329299327661 25 140664331205963 31 1 31 68363832432402 31 1 25 78222334020625 31 31163628409038 76 1 31 111751799838144 29 74231306785155 76 81197065542315 25 94458185737180 25 65506655793132 76 408955009679 76 7246579141234 76 21317324319561 25 107248420693388 25 60056215358591 76 1 31 150909526886892 31 87161903583509 76 95787410598054 65 8586174005526 31 1 31 65388816183932 25 40979049724428 76 138337496814752 31 48328469916896 25 76333986821685 25 62245305620818 31 1 76 93055910368862 31 61819056223626 31 35320734961463 31 12136250341500 76 1 31 41343327942033 65 50808582760494 25 43590109357771 29 86566050746046 31 31060200006402 31 71774526902253 31 12615151564049 76 22559271055770 65 1 31 64653005318296 65 55415297589642 31 1 76 64709917156438 31 47578080668769 29 1 65 73734282416029 29 102671070524960 65 14608732408297 25 7871531980034 31 17367419077049 76 7826132365119 76 19413539753945 25 1 31 25218185177426 31 25069115283577 25 55943714842531 25 63074919083125 29 26467298886845 29 3490179550340 76 1 31 60976890369257 25 24085337435051 25 1 29
3 4
497334944531928 23 438158399125514 38 376461131856485 71
179536744720104 24 156528563782844 64 276135873575721 49 351376264271423 54
3 74
3552684689665249 53 3828529952047653 95 3568344517341617 53
79990057011622 53 1 53 215026242185299 53 250886644448349 95 191798846221130 95 179240529700369 53 78166905876524 53 103420026924390 95 102827561242333 95 91495986616963 95 129182986947437 53 89721442570495 95 178701020747874 95 135400096851657 53 106204877056029 95 189356650805508 95 185189502754076 95 324768285681860 95 204215253598817 53 109749803657062 53 114225871524513 53 99268714215551 53 228539030786263 53 18380810317697 53 179078557263215 53 300981000911715 53 110571297893811 53 47578371741198 95 101085601680017 53 168145497459227 95 167369671451671 53 223263117117238 95 134458857330068 53 73496125981030 53 184046168104053 53 125139567911095 53 160938182025983 53 90992694160324 53 90803567512521 53 109693674639873 95 94699798128068 53 192768064724256 53 136568035362266 53 40543951573107 53 8071516405500 53 85127502398937 53 82200837694114 53 1 53 222969397110400 95 164308460979331 53 78332580738399 53 77794756375077 53 179997602597350 53 179012646327721 53 160951013525461 53 88396248803350 53 93191586935025 53 197795346652946 53 127201935715673 53 59251937705731 95 190009518033948 53 11308213971002 53 10112962852664 53 196934461372032 53 250510877421990 95 158328880255189 95 94985198469469 53 276784058658143 53 147266258908235 53 97835363204227 95 136156431968095 95 184359804927551 53 3316217708996 53 50861290894520 53
3 43
3641713924214500 49 3658405166705906 49 3571510714998169 59
226558303124471 59 230903603116047 97 252025496320765 97 228520427031081 5 246399408909912 49 324214495834792 59 293273798857921 59 314403868503910 49 244914305217718 5 163836755157654 59 198030025625748 49 285390772059817 5 175765980473292 97 263592352993978 49 87018057628906 97 294231838637962 5 260803175610729 49 164677588447375 49 168572712947223 59 267096173677071 59 281777272397077 49 236921677973099 49 130010498005451 81 127156298473784 97 319811795109142 59 259256951611890 49 255773153624446 59 230701290712964 5 249594928991905 97 261164066927349 97 219346050080905 49 326638593347361 59 259855293564222 49 248160113956247 49 189199989691331 81 205903571273241 59 127165640514350 5 237615396925221 59 258387506070344 59 259258624176290 97 303810824387564 97 216034335834919 59 374719839810777 81
3 55
1964638089798072 71 2042310928086985 29 1984495517022541 99
129459673882484 40 141841511450978 81 125700290447970 100 80110710677752 17 113757130640437 63 141633120613776 89 142583513005932 76 168181860620726 20 94947944418743 51 142842286221265 78 102340238337542 26 55930860568906 39 171506530756349 77 76150113713728 3 165271810165735 18 212226653361320 52 48326598384697 11 80224612120141 62 126983208804891 99 142002828760812 19 166302037267887 24 89936984519905 38 110259271341728 56 92221576822722 10 87370866372572 29 118528545295235 47 72118090565015 16 51972274190564 74 160029174058871 30 185951359322707 97 49127436060234 14 216674024547131 69 97026807245666 27 112505204619429 43 33626182312097 37 64370674513497 80 95019384020861 2 127791339187000 15 110916283456943 98 87861636080276 83 46595676934982 45 115422328984204 82 89847366813547 54 88896246508874 66 105176417228348 42 120982412629552 31 88893785311922 36 54641729458709 90 174579871998625 9 137384925248259 8 142373519658796 84 126716725082188 13 137170251605759 46 82274544404975 85 122103053894466 48
3 86
4657477532327237 9 4744640549857318 59 4829531368661115 9
199591158195256 59 196991972247863 9 124980729710569 9 107665615376861 9 141835023120922 9 232716107004915 59 106143018820957 59 147992768688742 59 244015036154341 9 142283833018680 59 162168948103531 59 223548422562385 9 214695779485354 59 178335901103328 59 141035030785065 59 184493412402692 9 149931265775493 9 123513582795029 59 131661964304621 59 87377463429254 59 169607806684177 9 146060102346868 59 187667835447205 9 191039251083263 59 178921882017506 59 107927139742653 9 250500763250700 59 193789703088949 59 127363733273253 59 248693011347308 59 211315126779301 59 212522720990187 59 235674206941336 9 214535714784376 9 110951659489149 9 202067096679656 9 190779955167057 9 92291944861562 59 164590751343043 9 174874519341302 9 150170438672349 9 161196679228038 9 145138504201839 59 256013386633731 59 126191573845637 59 191362744835654 59 216401715782098 9 187499970078573 59 136102396475915 59 181874798111277 59 168016468132020 9 206830171395676 9 108192338558852 9 126961422309652 9 172015772248309 9 174709693463618 59 189688851088423 59 215553011304411 59 147450267998496 9 164289026853189 59 171647036128533 9 135378426417847 9 118699180249137 9 217959316341115 59 123440832943496 59 187492357111757 59 190728787962915 9 193186775837499 9 180300925311987 9 205757185761992 9 132361840397293 59 204833655684350 59 134251107833876 59 195788098990327 9 186298894036630 9 255416078892853 59 118000378073233 59 239037750074897 59 109499598189323 9 164242904247135 9 165877838426550 59 152913250298334 59 153624813560580 59 143326002877132 9 188979855599335 59 162033446191360 9
3 59
420130016445425 16 449432254340845 62 462968928261224 62
53737793066161 62 6376347974439 62 1 62 4962088252778 16 25642151572591 16 70734128499674 9 1 51 26899038382302 16 11301658371993 16 65910692018592 72 6984376803306 62 1 72 93748263009384 62 41083674940873 62 53599361237477 16 4543917391586 62 9931584850276 16 45568597205885 51 53092349555471 16 1 16 36967926893716 16 53519840724894 16 65355143665016 62 1 16 54531352136847 51 1 62 1 16 5314440367284 51 1 51 59711658917972 51 68853424226259 72 1 16 76370675610677 62 97731895537286 9 50064002521454 62 41057073444713 72 27170006227828 9 8885649547538 72 70117690268844 51 45497968226895 16 27155702072250 72 103923829466033 16 32822099793906 72 6528444052125 62 25135854617481 9 4346274722189 16 36767781475992 16 14899248154864 51 539578043633 16 1 62 12514073485765 72 123390203310931 62 1 16 1 16 68905922687887 62 101402757128345 16 2033877468857 16 16131533808859 16 75970153101426 51
3 41
3194820086022455 52 3294697195791358 67 3290217555641402 12
208457709407667 84 100696860239218 29 189341046700170 19 273029261546373 79 243838303293151 2 331091063249823 14 229847376312837 17 336908824184476 9 206799910668400 60 312761481228313 86 278676085789534 11 286796282826485 33 281278209245774 82 318124503278565 28 180867738008947 63 298754683790013 52 259404324660198 1 352860814970537 70 152193145938573 99 281572900490905 97 168155559132157 16 331112056305888 77 270076833601408 36 389348970319585 47 278300712194565 56 179303595850759 91 241050173875837 78 159522735166086 72 316104822045490 39 227658650369814 15 295254559463151 22 305435766328919 73 297973994405124 43 119788184563581 76 260729202448829 98 307920427648815 94 146917050892481 75 194885238023920 30 296209618582838 85 251739105935272 66 273693618042205 50
3 86
2307007973476564 62 2302343473415473 52 2302556147203717 62
79871832581973 52 78741743589420 62 77871216269520 62 79168028881513 62 83398529160014 62 79215717681485 62 81237798539911 62 82224270087942 62 81310183539543 62 80830186077286 62 79624085900950 62 79685974530691 62 79146206357612 52 82164092060647 62 81128037639410 62 81801319125170 62 81485442127569 62 79753780698112 62 81188190894104 62 83182503617557 62 80458807242979 62 83472780224931 62 78208803808296 62 80029829197682 62 80933705791000 62 80126368475547 62 78803991872029 62 82629305628639 62 81115081947985 62 80965678925945 52 80762836075786 62 79283313553064 62 75709511164842 62 82218728337248 62 76930993842189 62 76620764804388 62 80011272891238 62 82518719849224 62 81295509894526 62 81369302053156 62 81527521609927 62 79346889047559 62 76365942467373 62 82080292114522 62 79369527121538 62 80735383600443 52 82861751830656 62 79989748541222 52 78596741623434 62 79069923368375 62 78497869068179 62 81469397276582 62 78973877879068 62 79831212351844 62 78791288558056 62 78184351771652 62 82043168109276 62 79595055895465 62 80460266914226 62 80286264500237 62 80306045767934 62 80554510120970 52 80309672602697 62 78038466137212 62 81170025478484 62 78251456782922 62 76781131678462 52 79596300120167 62 79145276237769 62 80380133083608 52 78665461875778 62 82030289620931 62 81257735496946 62 77773118568820 62 82073353666316 62 81225785127276 62 78756311861359 62 78619391093477 52 78756455132195 52 80519185959924 62 83503759221191 62 81295771211103 62 83025669374051 62 81818488087940 62 79231177952861 52 79194025656586 62
3 73
2905822051614591 51 2931982475947011 51 2862671109470417 51
113180498015873 41 130792252630971 51 134560733391043 87 110792808204805 51 112028901813770 51 125782706233402 51 129211290523445 68 126174331314096 51 144510620980678 51 102112572395532 51 120623217125343 41 124736105374629 51 117882732887584 51 127047152936410 87 115637407310078 51 125301235040051 51 135972380576503 51 111689389565168 51 136237753967092 87 106254133965924 41 132919795276186 87 124184668801424 87 133271369169137 51 121792174049226 68 111060021283712 51 110144930603433 41 124541205536115 68 119339039267547 51 121226756431583 51 103416674240265 87 115266115002885 68 117171712563626 68 115115508194431 68 116603827632841 87 113789665308999 51 113640013771961 68 146962677252454 51 132074847979519 68 110618795474332 68 108222348255728 68 110505317495973 86 130572902156241 51 113886412859498 51 121764604363419 51 121385718026227 68 122227348708670 51 133405645766847 68 128031554880656 87 124002083192136 51 102175839531165 51 122666589576621 68 120127690764690 41 126053040835047 68 107643113617110 87 117879937744577 51 125257744568134 51 97258421438716 51 116785531277520 51 150992334850315 87 111927898214822 87 111175764189762 51 138180805749269 51 98386619627417 68 111994347597200 68 126560947828241 87 131664194926061 87 112449548602124 41 96121380121829 51 131424643904084 87 126047485652491 51 119722337322253 51 119352972212167 51 114841939199890 87
3 26
1362344423751038 95 1356661267830581 59 1440071971918102 62
227386118760336 100 97215806390586 99 151743387688535 14 221074036097018 77 160265595030459 19 201164555779596 4 243050316011744 46 29338644635370 98 137801714959876 91 333901871081120 28 277741900548790 95 143306783359929 58 143111365282258 31 317575556001731 72 232094077743302 60 355549266395128 75 35847554766743 33 227104449039099 25 183670159625790 38 232599248772943 47 138368088419104 43 203804760008399 24 151445678325628 76 136255463119892 53 184270827091767 40 225391005414560 69
3 76
6746424164016163 91 6749044521526128 15 6745165077787519 91
265067210592795 91 268281378799743 91 266462926265981 91 265977675915189 15 265845426974423 15 266044262275447 15 264190931412623 15 267035445909558 91 264968367624557 91 261993838793892 91 263021406404383 15 263695418140570 91 266737794340387 91 263211442077943 15 263775844884493 91 263897889451429 91 264609588286873 15 264314145219031 15 266195510439785 15 265495254795922 91 263547845437115 15 264296432214100 15 266239862455608 91 262442344554182 91 261630264175923 91 265208589553738 15 267178632843869 15 263905424906386 15 264336653327105 15 268792345542362 15 266332970757825 15 268927763272893 91 267663671592266 91 264239510536442 91 268802102940166 91 265736224004900 15 266348307434341 91 264705922023159 91 263200169897254 91 266252683152172 91 267493328413629 91 265691588707402 15 267308878025399 91 267309848157401 15 263901310060530 15 265541898025973 91 265526368837343 15 266608995993373 91 265032027965824 91 264645445625044 91 266224474227980 91 267506497460728 91 265242049963505 15 265844526603202 15 263720308141232 15 266729121084804 91 264678510233677 91 266203155261151 15 266068352076627 15 268481159514960 91 265189542918929 91 266880045417994 15 265436653964358 91 269716821161926 15 268269350592933 15 268623288531322 15 265470389021536 15 265376788078299 15 269187461004917 91 266821566631070 91 266540232872498 91 263933688008905 91 263363946834388 15 265417366371197 91 265859975491450 91 266206351330935 15
3 19
415650298671516 8 483568511746072 61 452736535901434 31
144302941741043 31 134964228123471 61 1 8 1 8 84282742438602 31 208728326030528 8 73408680645364 8 122631630344368 31 141301571467841 31 89025079260094 61 110848219428827 61 140450716465920 93 91516380474450 31 1 61 74965975675918 61 94537738339527 31 97284830638827 31 169592236524999 61 145958836934163 31
3 31
1027895718531287 97 1028268165414150 31 1027056421087366 40
99148673654778 40 98790575797613 65 100349992528144 51 100051028628719 55 98867283543281 31 99052944219480 84 99355320056392 75 99231427166342 9 99986780967031 79 100497206463528 7 100615482317100 37 99323379787945 21 98998364658972 97 100614466198138 35 99325580593370 31 99510688323187 97 99072077449430 65 99747573547976 55 98902931445121 9 100133959944729 51 99701619924981 35 99789788732557 21 99566019993504 7 100615270415777 75 99159509815042 37 99761470769226 40 98828310293314 84 99794940920588 79 100356423060267 9 99313209874921 97 98464448444159 40
3 51
3407534775972045 65 3380463938859675 78 3340478371519826 65
159139978950287 65 215154649107404 65 150546947514467 65 225093543620588 65 210782514286718 65 193298636274519 65 258289982960722 65 271958154054469 65 141415360828910 65 184411614487665 65 233436667819213 65 215576646498744 65 159856275570897 65 184482319066664 65 184341817495900 65 142622543014147 65 208532486870422 65 177542951586205 65 169794009664016 65 206435239595590 65 132784644647885 65 237239834880709 65 201855920317384 78 210888850227506 65 234313507522045 65 200898813915091 65 159940319306456 65 192462964707840 65 128395564517615 65 231054211234934 65 183206862366052 65 202331758173066 65 179411640908518 65 197400901067941 65 267606134913397 65 196104190647799 65 154448373639639 65 218414034476277 65 203393813616538 65 232990893200853 65 231103282569050 65 177750284973064 65 177314468503274 65 179532461057159 65 191026452262109 65 225544905088373 65 175695501080002 65 178981375610965 65 212009633136532 65 232339392360548 65 194870397643258 65
3 10
352790175467607 86 488518437101700 56 410597866232120 6
115581337432693 56 117759164685138 68 72018194541560 86 116158558737708 86 136361823908005 86 188297422112072 68 43127495474150 84 166048296312792 6 22484430751178 86 178234375404283 84
3 65
4317604939903201 87 4373392603650449 79 4355134882234319 16
217718189036341 30 211169457215796 40 182106920239831 90 169050114500799 94 173854794414819 12 193868981248985 100 214640856406428 74 186340624758542 5 189165661417488 25 218855529995326 67 223191278233960 27 231678006266392 11 212016988306747 70 161232815704274 20 198222957491251 91 199588694998931 89 182084476707933 53 243691577019560 81 183932380403230 72 246430286032610 49 203920315568336 19 154956827907803 58 230181496746622 98 218037169773850 80 195842477254297 75 211712379671066 64 279500012326778 24 191431592431748 87 162225213011364 34 195271726053492 1 159763064356685 45 268550060498517 63 217675527707434 84 220862619568474 9 222750843125648 41 156610137073013 57 252803793890622 8 203255147698807 4 194443499771620 62 213180767578777 55 193011307564421 65 240310360025421 28 202081349389758 36 211462410008273 46 245347501942755 47 142126081337155 16 185501802864995 7 175831941803213 83 159267087426725 69 202419646129611 66 206283202427251 54 193142706001687 22 229533273869364 38 198883921297154 86 161293608947445 52 210812001333293 76 216082869440227 78 190259766008901 29 263116958007865 79 182219493685338 23 199333485896169 2 264360624851276 43 231071313107775 95 206561365745968 32 139836104368749 14
3 49
1787510013580921 64 1718355558248547 9 1743628616894575 64
199489194609615 9 121743765507612 64 205726637163885 9 137771525800661 64 237599509940878 9 124074472663495 64 172477380747668 64 243950118070057 64 128417967394066 64 85571700856414 64 129675107368505 9 120561333733361 9 112408153684840 64 144523365378656 64 17343680614609 9 109078224769844 64 111055405960881 64 210350183139599 9 190827546887274 9 150835437888672 9 37111363423373 64 1 64 184807434244962 9 140043047911631 9 65891459521231 64 230426669002715 64 106467004675900 9 65924018419200 64 121311479539701 64 130500468856605 9 17529159566440 9 14313820823775 64 221802719068214 64 58620121471211 64 2543025095607 64 117825877673264 64 93943143735035 64 1 64 123378485045724 9 75317920332884 64 129021763137871 64 119207944745862 9 206489112792924 64 84385778905766 9 22767297023896 64 134235675097118 9 13459162956693 64 56218035525335 9 185412970001741 64
3 6
234957574389508 85 217066113695076 36 265198842602195 85
131917058791611 52 96171494812047 19 121906251061662 36 147834201993537 52 145999798352416 36 168755755404480 85
3 40
3814303730319748 8 3836649085510223 92 3901445797143746 51
388536660060175 99 235531189999859 37 425278442821550 100 194683193500948 4 352292412040289 43 197592734682655 21 241319171330815 70 266455611179012 77 306060722416779 57 184360873031625 52 165153967963097 68 253672409969416 81 179851170465563 95 406925627692964 20 272623148985920 40 316390078233435 35 292190087981264 27 289521630606188 17 176347950083324 94 335896642058067 49 191209812711529 5 331589262300321 8 306088169352341 69 260948765292419 76 275865862571818 2 350126326000358 60 323686922662079 19 278017713376482 85 243010438866017 84 298210968653383 91 312664912312226 51 293561890547288 74 296935625703303 31 367757210114547 87 252577282419513 65 272792160519250 86 347670333032858 83 227523251464710 64 228195977499485 55 275176951425943 79
3 14
1352955158563295 25 1280469919715846 38 1312676078022158 25
271928142811091 25 282088992196605 25 267073701364501 25 265795936174838 38 340085887413390 25 272420010245883 38 261643459346516 25 286861510008255 25 284865081643979 25 273485951934436 25 246996676368722 25 283586138545272 38 283139166825207 38 289206553334947 25
3 13
178265825719322 66 170899533343355 25 170236413824679 100
45794705418380 36 28175466036079 66 36743758366133 25 34822822317832 36 33444770183651 36 42579061493167 36 33544506274895 36 33450441649168 36 32777769143866 36 46975434534426 36 37420876829138 36 55999130544743 25 46895571263405 36
3 62
3780857129916882 58 3973607249633698 39 3870432966039989 57
272792090189292 37 164404579181919 96 1 60 188935091458191 44 179173479101229 15 264376391975243 24 206657101577121 51 235653651711095 16 239824076639326 57 161483242016474 4 216480276119945 63 1 78 149470342636286 100 231690989621955 92 118377532702434 67 278395858028710 33 261908493447098 39 148707248963090 31 273486178785528 48 103493597747927 34 116911344672151 9 273486361554436 58 174385422115457 21 133152425362725 3 267352992516316 81 190786803892162 5 61380362302844 79 321311013150702 30 142990275720757 83 143471656236294 98 250846407435104 87 135801270327656 53 98734545580451 3 263105453145022 24 138757531146894 58 172132922314097 5 263013093463018 63 122234917726041 48 171270383379191 39 253187241061139 79 308397052865448 16 241548768903190 44 230947051635918 81 1 51 153388236996096 34 32122919720837 78 154757942831039 53 314521639757861 33 175096636611032 31 83410936457501 87 351075965741244 15 192699553533682 30 157785880390897 37 124079053745342 96 219289894801962 21 257684610492083 67 122693828897255 60 81467114776876 92 50586332852867 83 282242000265946 57 215752359888477 98 192332484765285 4
3 38
3412792333288079 4 3449067418444495 87 3463704265936507 4
278439808820173 4 286587675253278 4 277729601570043 4 220767218139278 87 235354393615548 87 254509238936869 87 231707482712643 4 267759960256886 4 239012624473044 4 281479899789778 87 254227100321392 4 272804447417735 4 320932057934939 4 281826563116120 87 259773023474462 4 261362611567113 87 265738549069909 87 270362633897449 87 274837733472332 87 261970809356911 4 286450015866753 4 267972474795442 87 257476113943755 4 253016158581135 87 296442934521498 4 254225048607346 87 293310208355528 4 270719437358908 87 287400692951617 4 271496069314541 87 305657773245515 4 272134121056070 87 277528730606256 87 265802894791961 87 275768126432243 87 277580692583092 4 252392650824232 87 270306005786161 87
3 26
2348197456036144 96 2314887085670934 96 2434470039107672 16
270352373163421 93 295762517752425 16 369433624294498 96 300773672617625 9 271506911258891 16 271320146440473 16 393533736548202 16 193548750561340 93 287956072426699 96 307711788502997 96 272018710155991 16 264326657645107 93 59906476601273 9 331680860824412 16 376929189593758 9 211327282407870 9 309335413418101 96 338313085089673 96 411838542532007 93 325848454757062 16 347999122173295 96 287745599818399 93 294870309817558 9 274255832031111 96 291135159453860 9 276348564109796 9
3 79
7633077239614917 18 7440282621104684 70 7401092884052957 66
257652385327491 68 187916565927472 56 303402903218848 10 352176118320548 50 215999364659604 15 180141318182476 72 338278285605996 26 274777514064632 58 333021833449599 23 220898754591230 8 179360683519468 66 401751147705651 70 276550520512569 1 410494033600780 33 294722649595100 88 139351384538479 49 387136900924191 30 316156469066083 51 309498023020892 75 137681304215239 9 489929680900354 13 268700353238175 89 293372194646584 79 399990301228299 18 158954777557382 28 217473271895515 20 342835009007567 39 412833889392087 63 222267916170165 19 172299856300500 98 258486657074909 32 376227290611038 99 334055743793277 84 336844263538786 55 427816160739749 76 338656695849482 90 286993653776778 74 270013996848410 54 286422650745746 4 262753941943162 37 260349344511033 7 324918604988424 36 351624861508934 22 234093511771356 43 356157009458823 79 349562889961540 75 452544979999666 19 138174611952423 88 189058255168583 9 251557454797230 10 100051153504430 74 320885135403443 54 368297654893606 28 182377511364177 39 272653046775440 37 267282197925553 76 281832598639986 68 352540676091557 26 166170066492127 66 326174891575887 22 341740312563582 7 126403169411144 30 321229403247734 43 416581965820773 49 234477903167531 51 309388021297714 18 264043967647979 13 248570677317126 56 253262948481077 55 200659250173229 50 342366719445946 33 253974607836014 89 222592385353978 99 119141061993985 32 164763979666875 23 300218042098932 58 366343961905682 70 248325238483093 20 287416594277455 63
3 58
260768954321462 71 314387692706859 7 297883166000301 71
1 7 1 71 1 71 47142914485064 71 1 7 16542333022795 71 10488611234369 71 1688880518070 7 58172149312308 71 1 7 5933275348524 71 47622931766900 71 11666945393622 71 35356402750853 71 13319909668763 71 1521411146223 7 28560315758645 7 1 7 13054555886887 7 30371739194124 7 32792949613478 7 1 71 4892419813421 7 60684416288842 71 20934650395357 71 1 71 7181248531563 7 66364934285749 71 47825817567931 7 34157719259271 71 49521054264229 71 1 71 420952326704 71 1 7 88675159260230 7 6071226820654 71 56943410466556 7 9535643308089 71 32722587866926 7 44409886698813 71 1 7 22892606579552 71 16463190394029 71 1 71 702144189195 71 592737392055 7 101406852900594 71 12114151214646 71 1 71 94874427780821 71 44349014293564 71 17495439433221 71 51110433014750 71 19023745909014 71 1721097801752 7 50169302199746 71 16611584804862 71 14544131726348 71
3 24
1443582808196017 7 1461457190271396 49 1444408753089916 76
164278527546665 24 151296346935399 24 163493331986353 49 143075925670735 7 215502790217626 24 191910283888654 90 175818466320373 7 186639938412368 49 195970699703742 49 180984140317433 49 190368588538257 7 184805625198144 49 192845914295147 7 155311006402665 49 192773195896282 24 183217129361379 24 160502452038893 7 172076454522741 49 156905196330497 76 167224599415155 49 170864986281411 7 153642379650625 49 165194886135613 7 177728687562741 49
3 85
8317519670609535 7 8342709992578707 51 8292291100522152 96
289933651626575 84 257975825210713 7 311577067742948 98 268432164504043 96 335612380329127 51 303054686527754 100 300972300185538 93 257755657254906 96 246377677897720 100 261804412685979 7 334487147960364 84 321441887675002 98 297463130602495 51 259954997898197 93 320867597109153 98 320155279028246 100 302872760438730 93 289727823604341 84 290644067718696 7 245522198763691 96 315843863618844 51 342438381901668 93 249139664590320 51 313212260942116 7 259353371850047 100 278403850184491 84 296458342634519 98 317136074574688 96 294856063446594 7 290909346939866 96 257877472441463 93 266841424124915 84 306535371695724 100 272347710136099 51 280735946101820 98 334386552359888 98 350521471193371 51 326055363264125 84 276527399810340 96 278272914578216 100 243326536165196 93 341178300046102 7 333986188274658 96 265874053939790 98 240016593421685 93 276413999293258 100 275775479344333 51 311427146299539 7 272869360908068 84 300721767347498 51 328534863748935 93 263204371787748 98 301036948630576 96 160394946221663 100 270520572426225 7 344623705713404 84 295863851704981 98 341893581015182 96 325191516408081 7 250860358222578 100 285278602414220 51 308708195993744 93 302787587518884 84 283714172118867 100 300727936712217 7 277173308831531 51 344050796866737 98 255550845292627 93 254492890015188 84 209985903388186 96 291772161007354 96 269943809379253 93 262422724605669 98 301464883961166 7 292529315222626 84 279135848809906 100 325807322822833 51 273153575276517 98 296451777667002 96 272666515203742 51 310515674975800 7 269883642093424 93 319191540459800 100 296367057576912 84 286797263304200 98
3 15
77246765155497 86 81751444772820 94 84165180815901 86
12154915175673 94 24835724275520 86 17897674337447 86 9871834135183 94 21125653047415 94 11872365508053 94 19942589410960 94 8849626263461 86 1842933531228 86 11896996943647 94 25133062872303 86 751862030283 94 17822696524317 94 7403469749063 86 9830379424741 86
3 97
889686014807590 52 1088810721238661 52 957326006787071 52
83181062639567 10 6141397177176 10 37164076949279 52 1 64 100613514730662 10 1 10 1 52 1 35 1 52 32617662185343 10 32470517601529 76 108425021508993 52 29006959757470 52 30204673727165 10 29593664577389 10 73658401826278 64 32208387742732 35 55133817910058 10 1 10 40133933438839 35 116896022278864 10 1 52 31627018496219 10 8366686705209 76 179621840954951 52 1 52 16913473985285 52 46019339090161 35 41836981123548 76 1 10 119806726731167 35 22948430150295 35 18338458144183 10 8576507921088 52 1 35 77261588060701 52 14450911838686 52 1 35 1 35 55087496280326 35 125539384019555 10 116809832198719 10 44119907907172 76 1 64 33995213624767 35 16150524799601 35 1 64 17241445473861 64 134078463640284 10 13822087568917 52 74065027419772 52 1 10 1 10 1 10 37117424366183 52 54234202543878 52 1 52 101277028241892 35 1 52 50809088164561 10 4774195135740 10 1 10 84554837925138 10 7177577676565 52 45136577996360 35 69080649399294 35 84414814296967 10 78892721364758 52 11149313326282 76 144843615037371 76 48144866758442 10 82931090345449 35 65966510686189 35 11556076450197 10 48595887588503 76 1 10 1639033104770 76 1 35 87142776420232 52 45997728206052 10 88650275580358 10 40747863767517 52 141543717196500 52 1 52 1 10 37616826254176 10 104375177165497 10 1 35 33572206933529 76 1 10 12762049625051 35 56540914148963 35 61126173327821 10 1 35 8671259501593 52 1 10 1 35
3 51
4552659078607925 55 4543643465486162 32 4578076368406040 2
263743723802270 92 281761729647230 39 290826000655480 87 255816394088660 97 268613725887211 64 277234362275385 75 247591197944869 61 281934293261478 4 248238686119956 46 272718086566804 8 284975042560710 13 265667238132296 95 256324677385050 83 262376424222463 65 284029697251510 90 258440886474278 93 262050834081700 9 279013401816230 100 272249587294158 51 271271626775560 19 273836740279683 58 268687113336147 11 242060110426983 17 260276039205513 27 253115145854694 52 271446189585025 96 272708347480921 38 272047196323501 29 284370154060131 55 289983767958547 26 264065824866802 50 270001855410302 18 270557892276828 77 271598506020821 10 277615304644671 49 264545794443643 40 257497704600321 68 265999611274398 72 280332212982612 62 261928881495126 79 263370907434794 23 277937630747698 81 274192473715951 45 261761230355914 3 271721275384559 25 275994682182957 53 293922717504686 2 266320712384721 14 266420462767789 84 272043191860545 74 271954426120824 1
3 70
751383316478075 13 754579958095959 36 741521486105807 13
13091528989785 13 22392028588788 13 23411094648790 36 14009227625017 36 29301774461550 36 15002520896774 13 36425516731173 13 30244763043772 36 22971127182573 36 37056505851526 13 1 36 19583445225745 13 24016294322006 13 22657517705698 13 46264562620135 36 44889658183675 36 35020504367164 36 42316351016612 13 37272167041546 36 27746063021488 13 32621231176491 36 25729739716914 13 29383908229653 36 47727344172132 36 31695121939960 36 20615007619963 13 5417687653909 13 30352689328031 13 29160897657792 13 37466229252147 13 22793960562597 13 25523873805246 13 33537122252837 36 45062963598389 13 22932836737945 36 31481402604690 13 29884424355011 13 42554802254028 13 39081925664951 13 41589001262789 36 19512519831500 36 22971039159535 36 33184424519708 13 25108737058471 36 9386326570273 13 7134315057091 13 36244911155808 13 32625680551158 13 67684618729279 36 29358424671651 13 10142899093064 36 49599747176016 36 34521887375594 36 26942272640979 13 8405120719096 13 47162147085133 36 28122206677033 36 29549907979115 13 18975873088008 36 38913270486643 13 50648335643076 13 34758359950495 36 17087545738096 13 26547061004621 13 30977000663347 36 42862121738546 13 41665802989618 36 54795893076488 13 38994426312342 36 33803530807907 36
3 95
6835082368382440 85 6819901057648054 57 6876796117795541 51
117000069796970 20 156279857277881 57 346896894957112 20 236778774471294 51 286443261491697 51 202939216446230 85 235426095666317 85 231168348547100 83 220520988302080 57 218529524883762 51 187639775411703 20 286908834583758 20 288385973774589 51 280174732546275 51 299500016963039 57 236927672937776 51 156124463404313 57 323752698635718 85 104383605324830 51 150425930065073 51 119612451399309 20 189975551664930 51 156822483813486 83 290993767988949 51 173767233623079 85 324270346146626 57 88832965024953 57 309247719030651 57 291229861371558 85 265286814332890 20 323993125589914 57 143333889864337 51 195809876793285 85 105132300789091 51 256125883064509 83 363724420879040 51 157147714232013 85 200796406311753 85 211998547526753 51 138314359347694 51 175751814776293 57 138052850980383 51 195287761048379 20 165368634299225 51 238435304002015 51 287078746390772 51 449814379163676 83 247158523859683 51 203100114838719 85 340315614031759 51 227957785202181 51 208702652229285 85 197967830393476 57 224753293953819 51 188097626181247 85 149339748873941 51 191579353813857 51 106484778719330 57 229829917654795 51 352016533661710 20 212810087614606 51 219393841174537 85 316661070493342 51 204630192924917 57 73226809224489 51 337868330020187 51 319512327512502 51 185188359210207 51 342323140610608 51 209695084119381 51 207488561640599 57 155007886252285 51 202240145454714 85 245647317223880 83 267004448164042 85 331817737197283 57 276000729322359 83 251137207795731 57 167439445760310 85 161521887975359 85 172011527189410 51 230191057700980 85 191158161936467 85 339140626382912 57 236233854023397 20 122000846183059 51 328724813808542 20 154912317772185 85 208735343786429 20 286036945295816 51 340719528035665 85 241801981747474 51 209893510648898 85 152651679024485 51 225875494360816 85
3 8
566355413087870 80 435748390244955 20 417675626623466 19
57128107298780 48 189596456461135 94 82719977408615 8 104606763058211 91 259556727511803 20 113443770717054 76 14092275057579 74 188656735726118 40
3 73
7156451693372771 40 7185376708236342 57 7296804058444073 40
169271526380569 40 320240242653126 57 323798011641350 57 186454333866115 40 284611872568358 40 103159265862096 57 230832106814667 57 317447285427360 57 363354233531510 57 66628901578085 57 190909128652552 40 372647730048212 57 173698499058285 57 323056278560842 40 345347068507892 57 428857537317017 40 341895474409868 57 334374041038856 57 196889726888317 40 346602044325196 57 215174132217819 40 107467413117107 57 335084854618378 40 275647064508232 57 308117261286832 57 499707161147320 57 332478795460213 57 448828050090033 40 169387177283694 57 398115905283690 57 306339271707103 57 354388246475216 57 238142028455357 57 239247066183358 57 259016886117960 57 361817012616171 57 240015459351074 57 280915207482938 40 275013255544330 57 634561192778563 57 217967131768646 57 480708775448637 57 348781259649328 57 330113529693573 57 341141299558125 40 463802003350626 57 254821263829422 57 297693460525897 57 329599113230468 57 249160996878582 57 272037026600491 40 353913486743822 57 315697254696293 40 369817025416510 57 246648125353458 57 242837632075645 40 277351963270919 57 224998504428468 57 235108917121998 40 311740318177862 40 412723203917895 57 212024116525417 40 513209571844292 57 298540074062088 57 170099467264896 57 419098593043657 57 379003006755591 57 438791541538424 57 515076118132179 57 214861285334777 40 124657251266691 40 353753704182345 57 320445017250020 57
3 73
4304271618813524 17 4341237621226406 13 4367402632243403 22
208888588109236 17 171062583924423 13 226278490213480 22 306707985953367 91 148271557859055 22 254834587298091 13 140530726566373 17 279531822582431 17 215375551284192 22 192885323635365 17 223241931406683 13 213174274091198 17 163511116041492 91 252489929774021 17 182559356877879 17 201052478161770 22 110277477439354 71 218634715633792 91 198779941313580 91 204418956325510 13 169904195806769 17 203118012226067 91 140080974654814 17 203704908618522 91 143192197343491 91 133410323454832 91 167282930274253 17 236730296083040 13 156454919314103 91 211623448086326 13 145597435930078 91 150908214755530 91 171373661354010 91 223856937699945 91 205827495183221 91 215282770713610 91 104759580307475 91 253109319046295 13 86983891801525 91 125844017212970 13 193614339293388 91 163705901565634 17 146629613713148 13 157811769591530 91 123390113076657 91 176619880814755 17 117476064521932 17 154454732663619 13 208854683570859 17 88349365609406 17 143488574838191 22 294218933717579 91 230777536845538 71 197337843582522 13 185318552103276 22 220857209852614 13 339721104816137 17 139394636025077 13 269732464891794 91 269648802223013 22 180407645871874 91 61208227788094 91 148475851306736 91 146041016385636 22 221655564978031 22 273419118532809 22 134833584965411 91 179998397762121 91 133975534493356 17 204346903038600 22 221200130650583 17 138651099961321 13 157740514078678 91
3 79
7465803512931457 89 7527004906730004 50 7500895038148753 42
157388066231136 82 213235507450117 27 389991007585072 84 387036669547913 78 404516059893486 90 305802570296050 32 323728357078655 74 294786754572473 81 138339345640382 63 330156456648426 11 269069816505071 20 395973360787140 60 359494569961913 79 215163501201857 85 392169514649811 75 251323781135838 43 195102647193123 80 344931278489735 42 409969666395261 37 200839041172720 22 439200879581146 2 292998334820403 28 384129166447272 58 256267669517546 97 250378909793018 53 391101907459964 64 395303902970440 62 217657102848040 21 384394352583679 95 265353465266108 59 225411412776056 57 312728815452455 91 384292425320853 89 377060340954856 24 308945511297958 55 395261216563136 30 165765289234349 52 286616335849166 73 232754443930048 77 409230742147679 56 237384555862134 1 441397892134214 4 276973496202561 13 377609836647125 33 287244043437401 46 411124683875647 25 177198629555454 3 195900484783428 41 289600950983636 40 361933309620720 87 225033498514819 19 460785985506746 94 375300212273357 69 377803943679929 47 256238208810972 14 305263037333782 45 214373485323620 86 271755188938923 54 280498042400581 23 269611475193331 50 306123325974633 29 349455628450730 54 292247830457399 27 386741993553449 20 311750614031927 28 241235942434119 22 296653828432150 85 294099831077467 97 176493835663871 56 236370517908271 46 274988862722655 58 202818283430819 50 196151315787769 24 139584833652706 80 282361406762960 60 399951961766045 63 236830267442074 11 162314683084185 41 463438437583603 59
3 58
3355276676248171 85 3346979361160666 98 3369904037976990 85
244326576006902 85 99643075222286 98 194254297749891 98 164564004078402 85 171093261163959 98 169960580094831 85 107513065470544 85 168868741740250 85 186479826021086 85 126035771948905 98 174347519855285 85 202443593572100 85 166738913993547 98 224375984545582 85 203345784127175 85 180696247025059 85 215313996143501 98 227452401233698 85 201229838349324 98 171931860812718 85 149424801643033 98 138458357310340 98 170887990294672 85 197212669587447 98 200312888370941 85 169079750585243 98 156201762596839 85 184612109136165 85 132748495070367 85 172742159926270 85 199443955230717 98 190201942701563 85 175522123732740 98 153563284114614 98 106811377408012 98 152604426234544 98 165530518460901 98 202620958240324 85 203170989007397 98 161703843071892 85 133349984038534 98 176147416988240 98 109846194225577 98 150043778149980 85 149999146234280 98 188379248547839 98 197958087008861 85 163449337543205 85 170687119266937 98 168573035963391 98 178493188706323 85 169016958341311 85 203538641600686 85 176490550257034 98 193309965012556 85 136440231735549 85 189539651785941 85 166579644061881 98
3 45
2290266504324946 15 2292718096526208 69 2300562498805121 97
154632249371106 19 130311661392947 19 100944442291426 69 107685687328951 97 155685898994367 97 198657583867707 15 110302507345309 97 177198517730108 35 185350498148444 19 112373679391048 35 102911133446070 15 118367953458524 15 162550181946079 15 151279951046678 15 190748265398013 15 176574191432529 15 172263058696963 15 182235246049229 15 201506418428651 35 243499706577328 15 137964272761099 19 184759999345596 35 179406228319328 69 179971134876431 97 131796357304425 19 181560633957209 35 116068738811608 97 219360873367313 19 169801947180141 35 154724619638369 35 129258189549058 35 148805277218961 35 196259956876371 15 129076320616008 15 170944733226590 15 142362342025631 69 204027480970727 35 128167404363774 15 145775324651068 15 104237897951363 69 169617095780842 15 128551104837405 35 129607867628566 35 137287753398057 15 144278076126096 69
3 100
4481335569258196 70 4483213305611261 27 4479903717506791 77
154425251452106 29 103203242798322 36 128362001929963 9 113114529674749 27 89377337264843 42 129209172233927 79 123040283108869 67 120214252244133 97 139232731674950 92 147498737721731 7 148716006855199 43 98021973347804 19 123543497157085 68 75538266103019 60 123210257151202 83 136874699813503 45 111520143290390 77 135341264405786 89 159988086344485 15 141156488071957 78 136989080214895 35 123432566154647 71 198152076473446 87 90784272494789 23 152536712743246 70 161516118056114 91 126781126217557 37 127667464559732 81 188104840435876 38 102369438016599 41 153020826762424 99 183105073579599 66 108741384174670 1 100169377653619 12 150949522064390 89 153498433760342 23 110663709900106 70 102422721616682 68 175877652159878 41 167055033323753 15 168928901886707 45 149782274214258 43 97957775468138 27 145321120070482 81 143771447659021 36 116281176790065 97 176966165000768 78 126668331786164 12 118633783107326 77 95757767546392 60 148364395867356 66 157755454309639 19 108847333047418 29 128525998334931 79 88292643344175 87 72826211845012 92 145491652755377 71 143503441848338 42 120735994342434 83 126577139126295 7 103628081474411 9 113895790473460 38 216931190135237 35 141212564526967 67 136106946921012 99 168432532250021 1 113890254932877 91 120329960295317 37 134323706609738 91 144483250753353 37 101962800291443 29 152777046062930 87 96084672130270 70 145796655802630 60 93871741244935 71 122624819359859 12 92680444182851 38 88477005113745 35 98328204236687 92 155393982525380 77 175756892358017 23 175151943422331 41 126419609904733 99 122684190441682 36 162293864818429 81 180712768007532 89 98482665843330 78 94461473429855 83 179825872961810 66 120955057141656 45 171376484949402 15 129287231918394 42 157720680839880 19 146600887543436 1 149727061247527 67 161355162655499 9 139597935475500 7 169179454060595 27 131561294282374 68 80781038111490 97
3 6
601592514160662 86 634416209493923 33 626365082869602 86
253880797005031 86 281733067024448 86 331790898273850 86 278436562906996 33 292147758025528 86 327879500775847 86
3 76
6643193443802697 20 6619819924699486 92 6639656987858873 92
269883182145710 20 254998520521584 26 262973364286622 18 246471721746328 20 267114555896984 20 237108014703026 20 286632521949027 74 270218464764407 92 281985376409082 26 254115614443226 26 283017277185651 26 261690730592458 18 300517072083956 74 255338986861039 20 283045016472385 26 266098709809891 20 251434500023513 20 241046079923146 26 289349008742253 20 251874874621734 20 228685334601942 18 287558882777329 20 291363381779199 92 268883568405152 20 279395721188710 20 292738479673583 20 262073649152294 26 265339856411877 20 228456951515404 20 255384090972454 20 246810322759853 74 291204408465928 20 245317688105207 92 270828477762736 20 253399755992281 20 298111069672365 26 254329925684334 92 246379509906483 18 280253560827244 26 258519919776472 18 272465269986287 26 273276613399263 20 255967163873045 20 247843228718379 20 221354264255524 26 227801417289355 20 288377623628623 74 237366758199473 92 288348421669112 26 260284499496726 20 285378130915199 20 244802828956564 26 258945956621645 26 284107314699169 26 282251713771167 26 278641873227602 74 259515714097557 74 286312618490838 20 264798452868024 92 271877685159479 18 272900503683944 92 213011059978772 92 249758100624183 20 279679765659554 92 262396981314377 26 252303362264627 92 245951231551053 26 258320777749746 20 274363274833239 20 249285304620697 74 265632165812439 92 290577157968968 26 268924875444765 74 234150306182262 20 286179601806732 92 260085397778220 92
3 32
2838387529029551 93 2856326630969966 39 2797079722337666 31
257411717142805 65 270912282071578 73 264879373247449 89 241804603454459 77 261925132014427 18 246482166377414 67 257605752013401 92 258441714109316 25 246228045320538 31 256675755513583 93 292823988698529 42 264869459573628 56 265212995371232 28 265061011010214 51 261763034701980 55 250733214729600 27 267996885797366 5 276041155459440 98 277534456382044 45 229736510024755 88 261917999188435 64 250628224504419 63 276793125257558 24 263137447616214 23 278214409085020 75 292213617571786 91 268985561493480 6 281411669631702 61 284997936127206 14 280969924562351 41 283066774100584 40 244224128019630 32
3 44
3428252051085519 43 3423650063504212 30 3396968085441328 43
284492414621582 30 204163116290856 43 239351579424024 43 229588078044275 43 231643984533326 30 235186933743241 43 216489027532127 30 222369215620407 43 256118828695538 30 210088937249975 30 214195286339200 43 219932657180879 30 243141393270330 30 247981443520279 30 237580892873972 30 257850452863358 30 263155685143428 30 217082288192794 30 239247894659828 30 233812542684458 43 234297956399247 30 254811801324399 30 259110828317898 43 200502789451297 43 237169474888258 43 225973301513286 43 258999168959585 43 234338710148038 43 215593114116974 30 231537382628126 43 224683939190511 30 259086246189984 30 215802082395658 30 199546488356798 43 241918555505415 30 220855001755825 43 232011332475484 43 265612142813794 43 197647803998050 30 229988300105238 43 230041897319575 43 218724455536302 30 181574535121902 30 292392083280978 30
3 95
4656113747436884 87 4594252071943357 9 4646508347293298 9
120743185658315 9 231676203845210 50 154644643432673 30 184155618298910 9 138128794550974 9 152850593329571 30 141610782651483 9 117368905283616 87 161429727052760 27 106701380593862 9 116407861100927 30 113910172394165 30 129290316958398 27 184526464532401 87 223063322632599 50 151902845572948 9 91694871755007 9 131065588113963 9 89673639203474 9 65016231715662 9 154412385064233 9 184316479221803 9 142813622336722 27 161282622154286 50 97496276963173 87 120544815230332 9 104822624332054 9 218667104413323 9 215041787291665 9 108710737861294 9 142539023763249 27 139849277369669 9 229752972431197 9 153210948595689 27 164954851157252 9 148094661606244 87 196554336584932 50 95553040880429 30 206926885127913 9 143875741284012 27 139497816204324 27 55214837634919 87 144982256207790 9 165789529145362 9 123279515181677 9 168275357646770 9 155635034645131 9 171563592987735 30 120591919537838 27 225200660033393 9 98973636106772 87 181078787719097 9 197249869672848 30 132600365247336 9 112480122259633 27 194308286462641 9 164700778485434 9 116398423858410 27 99085138636934 9 135547089413400 27 156863538247762 30 153558502022425 9 194875249299197 30 132972145107298 30 204797048152631 30 130324689902424 27 205334944456492 27 241302999927601 9 178331296238112 9 147394354049004 9 145719797452266 9 140599552151796 50 200598467493388 9 161429754231609 27 72111003707099 27 131113765101474 27 127469087489820 9 133686786245213 9 154961106809910 50 167017878556665 9 125402415246169 27 224910608618455 9 182931855821664 9 200294940171418 27 165736216172181 27 119512091858941 27 112573789025602 87 168278614223794 9 115760057178578 9 73296711426554 9 224079595010884 87 164623687597930 50 43712627307261 27 83973975046168 87 106101470029622 87
3 77
5358111893169023 21 5357683801438041 55 5357541640414496 82
205669770481200 90 209288510779404 59 210887088968478 46 209431985748169 73 210314821609040 76 208215888027530 71 210801359005661 12 209627256554530 37 210506904847033 35 206339722642699 41 207117063267710 93 209716235162359 63 208484817629322 3 209034367990445 65 208439493065284 55 208524606891651 86 211043065796698 21 207350454052255 69 209829355326799 14 209160620411578 68 208181534654331 9 208562298345353 7 210200686210390 43 208418815748886 17 209739672026102 57 208579718056513 82 208911208421210 67 209705703265207 67 209842849745627 12 209913735702487 69 206782875647003 93 208548335807206 14 209801763452658 55 210468858843238 90 207745023070472 35 206280783651285 82 209517373748654 59 208404479400608 7 207640032017484 76 209586423098981 86 211313816208062 17 208932668920467 68 208185088728685 21 208738818718268 3 210183140570758 65 209162141057841 37 209492420117521 46 205423565733419 73 206458628263784 71 208032026806621 63 209628410781687 57 208029277806107 41 207031859451497 43 209073088714511 9 207870991714108 57 209352254898744 82 207948959276975 73 208374144058537 55 209730573442244 41 210209675601459 14 210468701336363 37 210738892527372 59 207205174979031 67 209761557580291 90 210353780589495 68 207265418034424 35 207813052121185 63 208532864934847 86 209563785712796 65 208281419010515 43 210468803299564 3 209191483808590 17 210629496704827 93 209502174426435 9 207425404082610 7 206278015444484 46 207014537042760 69
3 45
315679021457605 9 309513701580602 80 315240418653907 9
29914902975729 9 22802292316012 9 23444025492771 80 22015240932287 9 15753249744704 80 27078653197186 80 22327333021203 9 8487674329197 9 9939205882280 80 32987929141665 80 9716223676522 9 19704886991085 80 22821585287188 9 26088493367779 80 15828106898297 9 13445936024675 80 18417042523461 9 17594014223815 80 15105541125838 80 13362944830864 9 29797781993067 80 19806650210343 80 23035545977433 80 24432219353034 80 18223941709788 9 21709603282169 80 10589147072092 80 32739962729875 9 23468562090260 80 29415052401129 9 23170196489944 9 27708826429174 80 15408267538399 80 23542134650901 9 19011187891997 80 16706213891502 80 23803805331633 80 26280655577192 9 32954880267687 9 19402307498224 9 32141860373780 9 26926399966654 80 10501463116737 9 25053500750814 9 14369122242983 9
3 72
6313158925351019 60 6320077263466966 21 6296208014341926 60
257453179408262 29 274515801081104 93 232235801942201 21 295889530670098 21 318638600195984 60 391724573656172 21 293820034207271 93 319534237903019 60 335604978040302 21 268434417908814 60 305184261248947 60 294516769541960 93 224446455499386 81 283062923351477 93 224358348720811 21 264040545566306 21 354506426030652 21 277778889316202 21 209765848883728 81 210956399631928 60 281454960009357 81 214870087369857 21 258743156893772 21 240490682085704 21 340903059596575 21 277468843669555 81 224355454273052 21 182263405013324 29 283444758620492 60 171213312353629 60 269019605489889 81 327592781073214 21 262014330824093 60 281880803837283 60 254696175129812 21 328295643434476 81 299967894557886 81 312449902974509 60 328869782163738 29 268176687570926 93 271917509361827 93 270893626713084 81 225926220697272 93 387113662013899 60 205373081036001 93 208325652259215 81 210416835677637 21 143299274654102 21 338611574049335 21 181513711785686 60 213830072775824 60 298304721630623 93 294896766887785 21 188811474841169 21 360750105910446 81 401648636414072 60 304174520759407 93 162624264364810 21 211777604589189 93 285132612551952 93 308747092897907 60 267790507374597 29 194187711347807 21 169922558893918 21 259636821274110 60 284823161655967 60 205940782331395 21 260635257500535 93 311496733351020 21 400359095120425 60 260873137257416 93 213070933867518 21
3 17
1391898255004557 61 1442393560596134 98 1486555214527746 25
293632467485715 49 395371389922952 46 295998138913128 36 258054206226195 70 258458165112950 19 405530285258866 99 291568717352132 42 184432383629555 67 293434876575751 40 367158751432434 89 264260737689881 62 284901839518497 8 213855590738014 61 235000331378853 10 312436765415059 44 179921184242364 6 225874829296050 81
3 77
4461911284750716 34 4439849606782115 87 4501479013270995 34
223009977886358 87 162019388170321 87 172893121175829 34 194700641601724 87 200099100070126 87 74202092226954 34 187513745114853 34 198569789957625 34 140994853292747 34 183116048088882 34 132109089927446 87 189084566615527 34 237328104462202 34 218686959400126 87 182233368320388 87 220496721556692 34 119191862568999 87 229144825258594 87 252610041118882 34 156310375956582 34 187956839864077 87 168066676362360 87 173333145403438 87 120385346952111 34 136819342560310 87 248018684616764 87 91877225137899 34 186203608766949 34 174000911128698 34 161892790118380 34 154639522670336 34 234804848395554 34 187937098406983 87 202897866025453 87 216853779526493 34 186853876399278 34 123662617262695 87 132035722604636 87 190175910415975 34 184634785745218 87 147982756410328 34 167233977709081 34 167817091430266 34 255456407703653 34 197462123529288 34 147764214131372 34 116060594128635 34 227490341896363 87 210268737549089 87 246574513837740 87 165020488921042 34 94716656504364 34 108387316685424 87 155756002593072 87 169374775680785 34 130168804496638 87 136876327593753 87 171755095963100 34 141633667050938 34 120433754351569 34 67283384944126 34 112214938651470 87 165724330860051 34 224464105841919 87 222820143589587 34 69701569263062 34 113656650216213 87 190601726865324 34 136994595867829 34 231094058024902 34 162863904387311 34 182743911102478 34 185260914086656 87 111987396713019 34 110863714118386 34 186085373294864 34 145137615630369 87
3 47
3054161693502316 31 3005238823256947 7 2973963057087867 7
200701571843651 48 117292869752592 48 58009236721265 48 177532620209332 39 129159332843760 7 137799239080897 90 77927181655577 48 153875632578183 7 166103300711077 48 100489371691057 48 71471887267778 48 203080156597099 48 264862444350651 39 269968251674888 7 186488375803281 39 151039677708712 48 194185922817507 7 188051220555264 39 248636922036055 48 186105047320354 90 86178364583498 31 104539424468490 31 220221460131369 7 186592604667805 48 109773604855274 48 233472830354512 7 282001357018935 48 85883261562896 48 225874038263207 39 178542780339154 39 183911909218483 90 174424812740098 48 189379748707419 7 198005691994073 48 227730887557077 31 156953424820022 7 102731080445607 48 144987449523242 48 201084208819398 39 216901014307599 48 195301554434550 7 139007593600029 39 189761351952073 7 283241684505727 48 272368057350365 7 95178009075848 31 203368374375640 31
3 50
3146681040512464 36 3005888674513892 29 2875069417155733 51
165009153720398 50 80683465850390 1 134857841290661 67 24725558153000 44 172327662373041 75 214619747847741 40 171238432016490 17 305313243135348 59 45759406131853 63 116123046541489 14 363436690164751 28 148046680970688 68 234528001365710 30 133321226289317 16 153549473142033 64 204920534758998 52 175860468493447 61 2603549
