100
3 3
10 1 20 2 25 3
10 2 30 3 20 1
3 5
10 1 6 2 10 1
5 1 3 2 10 1 3 2 5 1
3 5
10 1 6 2 10 1
5 1 6 2 10 1 6 2 5 1
1 1
5000000 10
5000000 100
3 5
10000000000000000 1 6000000000000000 2 10000000000000000 1
5000000000000000 1 3000000000000000 2 10000000000000000 1 3000000000000000 2 5000000000000000 1
3 5
10000000000000000 1 6000000000000000 2 10000000000000000 1
5000000000000000 1 6000000000000000 2 10000000000000000 1 6000000000000000 2 5000000000000000 1
3 27
505209564251110 94 496497343336981 23 784401219190254 70
237027544407028 68 329989538791586 68 21760607879655 68 30078426956362 70 101872905889647 70 142606889900481 23 88314159736699 70 208408825845446 23 64346998178499 70 235843984255501 70 25357675791507 23 23921372349484 68 1 68 72384635229606 70 1 55 1 55 1 70 18092058270061 23 74607022164714 70 139059260399554 55 13920122756203 70 1 70 1 68 118555746463231 70 58328776210480 68 79359463974538 55 119434626247399 70
3 98
7512871369592717 16 7360621049716865 17 7356087248268749 58
203071236153498 38 300099743910072 5 75167409757921 93 336849645123654 48 207967523853783 47 230296058517620 21 207371678907852 75 93724279677235 98 276966256936312 40 243174615624763 20 265170400497664 57 122929753778047 9 85245994884200 96 152772599125885 68 201473295122236 8 350657423994174 56 203856848355622 28 186324055667812 67 182463306868795 39 18340214907694 36 337313175295797 82 165254734456772 59 172470394246449 49 267944132793159 65 231945380049490 32 196131628963750 6 190134227176359 61 158616975546500 83 181574910219392 12 164743459268646 94 348971843218788 31 333424235878230 37 78534549663870 89 224736677486518 100 243027259550464 91 172486656003547 18 188232104033665 70 205650183045105 24 188225100655746 63 262868205993621 33 286744464908686 46 225463135315802 22 379855579922866 27 225306399711865 84 257063415972126 87 182563397242688 42 374527836949449 35 313708463018294 71 223694014603562 92 64163091610819 17 249611561012774 41 232732471828813 29 251638913874149 10 35379234443257 81 220236270675330 97 296321499562200 51 299176870408952 14 162042572220799 95 368650042209423 55 198193273537197 25 254020959788083 30 360338555569115 58 201567978943418 72 137582294423473 26 55609814339522 73 219431836172479 86 293236021340937 54 161176729827860 34 118827941967286 16 327329425192879 60 137022693184279 99 245378695160843 11 104015548044219 53 240775617599777 76 172451976666915 78 171470174705705 62 122737379109739 69 204742094402391 52 213675615089287 88 394418374094724 90 157606904247115 44 291205682114472 13 190582041344348 66 189351341244228 80 301943280758924 50 125053161213798 2 186015382029149 19 224331607611686 64 87297486826370 4 266044855098701 3 231543476328437 85 226594630661821 1 233219345525476 34 262405684861025 64 214812142409396 53 356732522872492 52 237896305201570 98 303623210608576 42
3 50
4791347052092312 46 4770107362659718 61 4627472324463223 46
305847452389295 61 309354950568395 46 236250836913507 61 195251511690554 46 367787331630584 61 351114841427102 46 260147212738741 46 105178643544136 46 297981777210876 61 342615809927651 46 205940069771533 46 299329620801981 61 229951660586012 46 435691074189853 46 227513044287422 46 347203016148307 61 376191800715881 46 297606561831952 46 155339212378659 46 325261778538072 46 173640484436350 61 448570530058720 61 218809726810357 46 119739129232451 46 434312243283641 61 134742518480487 61 334070630759848 61 378084903961646 46 220303820141466 61 298014261380937 46 368943321650050 46 194757067683153 46 346673498092275 46 207501408969629 46 271062519870561 46 263786323407683 46 205150750199434 61 88661796751046 46 232716853046942 46 294669067841947 61 311418303613700 46 305203657361995 46 143300413832075 61 365930200860705 61 379548014664898 46 409523973903589 46 327083323492369 61 243328973538304 61 283680580664443 61 387396858038615 46
3 20
1600824944990629 32 1768143713229291 34 1657129525311415 32
165815090832108 34 233750895473088 34 213327691882930 32 304182362801571 32 261819499179827 88 362429215944461 32 393049177122837 34 314276790294981 94 196729505574591 32 192337619261518 32 294873241241841 32 280754129498381 34 282224415091119 95 212512918781206 88 258662670584968 32 117343005663470 32 363629102737934 34 326476733631256 34 370420077791358 32 169986372072842 34
3 90
1889135796763317 13 1906365063013020 79 1982315639432946 38
33270533524808 32 71371748305571 68 132027374673585 21 100510455055493 76 46932552567718 38 64269466528545 14 86347747878952 17 87830672699436 36 33189744955170 81 37099322122551 96 113635222449482 77 92702853218277 63 61764030172927 49 105409135798818 86 129694816020708 34 36555458447676 29 60554121155236 93 207714693720265 11 57181498366508 90 1 88 39831976751563 62 38797551834697 39 53194708427945 31 128686596317351 64 112594283672482 52 57657219994904 61 70928108694689 99 153110831900649 98 57745001472961 70 2394070242397 66 70297504959812 5 26053827317223 65 119257353770498 23 111171178847248 22 4376989578932 42 109372264650919 26 1 25 66398850575115 92 1 95 113077187591272 2 106232284621676 91 56016845574242 45 32585048056534 12 97831177246563 40 116985852281009 79 98019032492603 94 45786633092985 27 55874362838040 1 64430397890509 67 23803046067900 47 30723008486031 33 34267578680500 7 72574256084091 46 138824393362710 18 104766294453995 37 24482006932458 28 14928548758205 10 43151397039999 78 98707540433634 30 120594024842344 54 1 69 103887641911402 71 159787805931391 8 126355550784807 15 125866751406304 13 94025400411239 4 141161720473110 100 5690158092731 43 105863681098400 35 19449870224296 59 93782476276521 84 196863046467499 6 69448914255 87 142607439029948 51 167824783887186 41 75184690357630 73 72768692953035 44 36386135399395 13 1 30 62922088566990 15 174210997146557 8 87436072416153 64 1 44 74201500765972 37 128304499273653 4 22027483113622 10 18250489359788 38 87119177883596 12 34025847157215 29 49494433850605 26
3 81
5457158986621409 37 5462447266660073 93 5480777657426174 37
204321712240320 37 202384206345433 93 191856654605468 93 200281158437388 37 206324175613813 93 196413373851331 37 188854215294992 37 197650018694484 37 209008982784809 37 185246582221368 37 210321081650761 37 216812241657016 93 192767522041449 93 217933555836304 37 199082900294417 37 186649149280803 37 206840406784022 37 202598154227320 93 212890361943486 37 228967247032199 93 214748921478744 93 186725681623743 37 209645153582032 37 197221733891476 37 215005659485863 37 211858172324256 93 204964245723346 37 235263721983089 37 197518332629472 93 215808325247321 37 195287609070293 37 201415617095258 93 208303350496365 37 189826153252798 93 206028107310759 93 206261657797130 37 215199867814058 37 222307064912364 93 193333624419679 37 194981536289541 37 186167158083599 93 186151255137338 93 215520273603618 37 188604947371141 37 160936799244313 37 187862803771641 37 191433196660612 93 200317682209809 37 220711070666145 37 210021948708413 37 207683769283529 37 181802438277661 93 209137717922159 93 211897546046803 37 210820820466168 37 190925574428860 93 196285828591776 37 185932612308351 37 216350158635994 37 185816286664030 37 194682971641658 93 206453200146500 93 203282563890628 37 187754103174031 37 205811528444111 93 192649221458163 93 202511295495089 93 210044704728013 37 187814717311301 93 184638174304851 37 172531838963229 37 187665773391157 93 185456770768209 93 182565236188008 37 203414516038893 37 202027143412779 37 183590935867631 93 199091556247221 93 207315331170389 93 216408903342578 37 197495948174802 93
3 67
3731239355087744 21 3593093983662662 10 3750243315007461 21
47150157379144 21 45828240851186 92 125027571987008 92 128175989256369 10 181054863230187 92 47328951744553 10 137796353079407 38 105344211495717 92 160521422356448 10 174369144731666 21 203960386485750 10 185395755868748 10 67321711766092 10 271999390990460 21 134374312672822 21 185344436959255 10 107574854532502 10 65370760435993 10 112766677218582 21 85840160607127 3 205748398304956 10 41717809397042 92 201016666065798 10 109795214693147 10 176786563290380 92 196916663060390 92 181891080548137 92 131040125454854 10 68371362139168 38 133819419361208 21 117178179892569 3 192310686551632 10 203529363775224 10 209057510822560 10 106549783359153 10 195640776303264 3 189843725749679 3 291656251178704 10 214275405714507 10 181108887692762 10 192312943673087 21 267235117152658 92 192036642393454 10 222899194806647 10 194739941594584 21 249073905131057 92 57552618757041 21 207953673183521 21 192511810247695 21 76203542816244 3 372689435726329 92 180680970470528 3 156918565952278 3 126029623741295 3 152964466409370 10 148123195370727 92 216196776537643 10 129253282191611 3 184523620801038 92 313098450094442 3 51712215767476 21 186330774833375 10 131980449728699 3 198120947323113 92 221663119833365 10 269783529357959 10 259695182866658 21
3 76
6906508225745652 28 6881987098062176 18 6943571263091193 3
238101726455827 48 317258374102861 9 229632743743041 70 393923056669299 62 256228670993345 2 302765123657730 26 195557994972519 53 251968841448788 81 370384801601163 10 116969461794492 35 342347048431216 52 315897386414657 49 227581594148089 50 266410116986766 54 242560403380810 91 224685480560779 78 334433125313424 71 198981760324524 83 279996269303320 29 225893534358589 75 315473246945283 94 287680930066616 89 240765169839495 25 311022344511566 3 408710020536935 21 213801348489670 86 95715910859510 37 180999752496657 96 300220592637189 73 241447567945861 85 286127813051673 67 221781341067190 12 286723564556997 6 180745149856821 92 235409933197875 79 314004880107672 99 281679033567333 100 261952626315093 65 325251093481904 17 277403345068804 56 269903603537139 20 155104226964476 18 245004294906434 34 295082101669799 72 238867866448010 36 362157221139060 87 248188839331571 51 212837653666537 74 318566041673476 28 216884500827391 63 341904283615813 5 256239209455770 33 250659545588130 1 179460149391462 4 436285233074507 42 226637365773561 82 221194132185594 22 191785022152982 38 326783871209161 57 195601530915255 66 299086896549016 40 353534526322088 68 282670810943843 7 219007933203039 100 168524669916886 62 204470928845720 52 204953885198859 67 282932646079357 28 252457521355160 37 149803735983499 21 244257784027255 82 140362116109444 63 320186763273669 34 238187822208401 9 370799845127340 87 250294708261879 68
3 52
2636914777055106 64 2614039557615282 99 2520475143327692 64
181440580923334 64 74274213841308 99 48390340357990 99 230383278779507 99 223653421503022 64 232250321193477 99 245109662544440 64 290771161294749 64 132695820962204 64 202523716302438 64 300543530450269 99 126097424016429 64 259975858688134 64 222479973088018 64 1 64 159392765759272 99 152093598213915 99 120781492691465 64 30324415593875 64 136267020612988 64 1 99 16845684525492 99 266207030041425 99 267695432413254 99 217010547659727 64 118589416353994 64 173225723277145 99 271359761581160 99 95638872033266 99 130341465952900 99 188354771968619 64 237096934060867 64 170199201092046 99 55056144290024 64 1 64 52439727013338 99 202544269971792 99 84580986495595 99 219902427651995 99 1 64 98584457174299 64 9509360043389 99 231482523168085 99 134582986036221 64 125777446217393 64 41568478106875 64 108098507396173 64 36286168846179 64 83299978231770 64 195690029892543 64 175755581409238 99 36591378819098 64
3 15
168737864411207 42 192934862977509 23 60153050850784 23
17038309937205 23 58834466053726 42 5173530191747 42 1 20 1 20 1 42 1 42 4364149046992 42 64060686397120 23 122880379364660 20 20541363295133 42 1 42 15862805944109 20 1 42 1 42
3 87
7923508635568330 97 7929304067206772 33 7925739276733368 46
272065361237829 36 277538648015081 49 271919244902108 35 271860370694159 100 273444089759133 63 273909007360296 32 270458239451695 40 269208604021606 22 273407311561080 2 276547024553206 67 270106467248394 12 270436249583142 43 269949073454953 64 271186703507440 38 270631214506381 75 271393570263681 81 275915532059317 6 269703496746594 53 276876963082157 99 279344367650248 24 276077875271252 93 270148423122313 10 271492661907483 14 267656449625838 88 271392449546357 27 273250110217687 50 272737440081200 28 273405682304957 4 273074208413238 48 273108568617554 17 272881906173174 29 275085347259129 87 273602270625665 92 272758931918751 82 273064154311462 5 272682232172426 34 270080302625722 26 275572532921248 58 271359932263839 61 273080856867679 8 276642580433236 46 273709992242227 62 271865344897666 77 271822603768087 56 270515978444435 41 274624421912626 76 271896874379231 13 274937349478803 31 271970654464957 60 271646728864682 21 272625571109626 42 270053881780814 90 274285525175750 94 272011404789973 57 271027356262368 91 271979658961244 33 276476864562639 15 271248040093530 73 277407906002549 16 270041529815356 55 271992050686276 89 272886481056231 72 277618553423322 80 273228961842067 68 272219944364198 47 277605880088245 98 270294538461133 11 273017223839039 78 274289526583067 45 270875490757504 3 274252593782003 83 276501809069347 54 269067268099391 97 271660427610189 59 275179920959152 25 271597992772126 79 270498238726756 96 270130779543633 66 272264158737574 39 272294131764427 70 271738333987824 20 273761938540432 19 273433398740867 84 275887562036651 95 274433440738609 30 274666786495641 23 272276264678335 52
3 16
1445390210606341 59 1306730666237657 52 1368421873585580 59
203322733515368 59 215936385910406 59 316286733341133 59 329930551210951 59 298299343899874 52 354421292820028 59 302579819686650 59 241176915865643 52 205658847654868 59 302232749868459 59 306024187257967 59 202788112348576 59 315645969841685 52 213795923270538 59 310204288185937 59 295289848346119 59
3 32
773214557292683 51 812698783719394 48 808850232552576 8
85759369593389 43 101998273681395 40 80458660729710 48 68487207161770 40 121616133195171 51 64597091251070 43 97390563088196 48 52120573405019 40 79265988197386 43 93839052699144 51 30272157794234 8 79298098402290 43 24385706973874 43 77765205358327 40 80388106948394 43 57927539348041 40 152733813261863 48 94756616478793 43 53539664260866 43 77422922508342 43 100104798310734 48 31580554618580 48 78374363758174 8 58719043096551 51 50630913790740 48 1 48 48246521278466 40 101947718654109 48 79079644363816 8 65340089438277 43 92317895870567 43 5109178935695 48
3 43
3920804036910793 61 3923647771510101 42 3877716091144291 53
286131639322003 16 227795905378334 97 276007571720170 63 264336904895757 46 289413499042514 64 247633239155705 74 245164730685215 85 277260775385341 48 184774330157219 70 262713893316585 19 257027171849373 27 308553637089720 57 259003776063848 94 195445113459204 42 297992708947757 30 246319835980818 76 228653194918418 22 294528256190431 68 266613147483291 92 277003703212246 53 277812665629893 89 323088258363819 38 235576764038256 14 284615869558826 40 284102491033007 83 208698596553842 88 342153497853781 13 253279741449075 15 268727621740841 9 295442079518210 52 341335070281619 5 257145146549394 59 199587396675078 10 264940431538913 82 270837866329083 61 278017232544169 6 288602850062602 33 199539087519859 34 212504439122911 81 284549236203861 79 361055886463864 99 265804219723637 78 212954260781890 35
3 23
92884841321653 3 282280079480258 25 270884270396407 3
1 3 1 25 1 3 28580307996207 3 1 3 1 3 1 25 166405222648487 3 1 3 17058408378580 3 73668003255262 25 7562206686156 3 1 3 61356693008835 3 44518580063161 3 44511036196556 3 1 3 140475479998456 3 1 3 1 3 166911949035210 3 62769776944137 25 1 3
3 42
40558764583114 15 8689250331319 15 14214785298906 15
1 42 1 15 12058907632800 92 1 42 1 15 694440467799 74 1 15 5202727360101 44 5536681358449 74 8597797777578 44 8540550963151 15 294986352787 15 25128278711438 42 1 44 3047118157824 15 14030005186320 42 7459648555956 15 1 15 914108707530 42 3088823247022 15 1 92 25103306662899 42 1 44 1592055215289 15 1 42 1 74 33122693994221 42 3754502197394 42 3691721678660 15 1 74 1 15 1 42 3596949472952 74 1 15 1 92 1 92 1 74 1 15 1 92 1 44 1 15 1 74
3 29
51103755165924 70 4029739159163 6 66591705759516 77
98127694599740 16 23541521386601 48 59954628202065 41 57107263041359 95 74211355778725 21 1 18 1 6 25916421834771 73 94667890448247 77 104663224408823 15 10640806386705 70 86574157148967 51 34926956020716 46 57470107425537 81 21032071590458 48 1 95 1 77 1 16 355519208452 70 10175502718873 46 1 15 8612135563978 51 68012939251818 73 38620402853983 21 1 41 41330526804684 81 23888367992960 18 96826222696686 6 48795909267063 81
3 46
2012225829489469 54 1918528275468735 1 2004311165060461 54
86081534528299 1 74738370042055 54 131321269196429 54 145996028855182 54 94044559793682 54 114235530562259 54 190458349161943 54 130021555796317 1 85411494656784 1 96851809380280 1 51749973800457 54 162992339106706 54 113828491400041 54 149855488570617 1 55116090958622 54 79667522539555 54 56454935123218 54 110500582167689 54 109107638068465 54 58584915083632 1 79764020802663 54 77395111980581 54 218672595496679 1 137904750298067 1 79234465610243 54 195571526069533 54 166745966543503 54 105668805829405 54 132750804339327 54 133946566040216 1 128947775357306 54 131313591936226 54 170665164166254 54 84628895730433 54 42011860959848 1 1513720647063 54 107845934643049 54 100441263740639 1 32121255285171 54 184788642084292 54 109238879054579 54 80668722823541 54 155426370276355 54 202943829350817 1 84331966189876 54 27042637304491 54
3 19
1693380118859183 94 1674493583439366 94 1772443919470864 56
302901699235647 29 351378948236483 29 298932557969977 97 372046526677816 29 397072495667260 50 338438800914887 97 300968149696148 29 155761104945548 97 321846716436106 50 290014653167567 56 305880293985184 94 249047835130659 97 293068618805460 56 223971265348710 97 278905215149624 56 308515455220973 56 232780595790959 29 246157114947419 50 244477828967818 94
3 92
8468316855404687 68 8520657404561652 81 8427041571192267 31
333355348884404 63 254312445039587 90 197247234925057 25 289587146481733 31 289626387507575 35 250259463773175 66 275534998172966 52 250875297839557 89 258775472202407 44 277150217585983 68 261557989205375 6 275586018451889 60 308163341696477 53 235156857289150 21 325260226397377 87 259692106596356 85 285552423390248 47 283361804131402 71 273663760633766 11 319070039620680 81 276370275918362 84 308139103039443 43 281617496652732 34 295980843599629 92 329030925657097 75 274832908880112 20 310222659905960 46 314055366785896 99 333035786823730 11 309836316428132 20 304333327683142 68 321624530113407 85 242564034026165 44 333391054923743 35 240180091869855 75 314625694609159 34 270896839144275 60 319551977845871 52 296454841356149 25 286736279445116 87 283021140782278 53 244658202325067 71 240516827915532 84 251170057942543 43 256761517530956 6 264607664035874 99 327082549079929 81 250649801647563 92 306093752641989 31 329472815417860 63 271897427786846 46 288631233302520 89 263448124457561 90 283268281356713 47 280108815849058 21 301468954086661 66 294422580651696 63 307940492621056 81 276918757258787 11 311752218022978 92 271107148639754 34 227532904212815 20 275917220334332 52 299906996046957 84 276558519631326 31 260334621216035 71 294852881543103 35 327152434752605 85 289386604494879 87 252461356699649 44 298300168054800 46 281381275654557 60 354662730904341 66 354951020654694 68 259222477826669 47 329965998414317 25 272004761246736 89 300242158860224 53 281412562120365 75 213863359848471 43 258560082859471 99 283047687247041 6 297946956936815 21 320542962694190 90 245519169847881 92 293224273637946 6 342598608273544 47 285925954162890 68 279192914761420 52 266151386631493 11 322610223695790 75 260041824830257 99
3 6
392196530507424 34 475854686988682 22 508709129729513 34
171842831776619 22 376183382547052 34 309120746264836 34 374665791135947 22 209174124575863 22 186648950657435 34
3 32
1742180648634302 93 1716706364782915 53 1741116496591445 93
143327874569914 100 172215953779969 93 61414333216110 93 94313487965041 93 136363867799391 100 111613133167273 100 207014352151958 93 162292689227135 93 263703179591572 93 171750873160056 100 140102681586696 100 224720167000486 23 73703555717498 23 146520989403448 100 167207894416361 98 194670616531204 98 166632685164591 100 231261111496768 98 81807831677703 100 240572960482366 98 181529717855170 23 18373055711851 93 174914637108656 98 157291583051143 53 171552162189956 93 258384149620559 93 99528690057191 93 73677201642177 100 164840558325466 93 193401376193142 53 165210454718875 98 189419680245914 53
3 15
1032188044971907 21 1160958181792705 95 1018975438641354 3
255164848034015 47 244121844679994 33 126277727216583 60 408148389199429 38 402604447420828 6 233252536900771 51 280520239132869 57 202349249705939 37 193381381765084 3 298014257630224 55 96817982026674 35 332969173802436 34 163995572471307 12 237822691080155 78 264704366396781 79
3 63
5926380816268348 55 6020807651086737 69 6098024414134801 55
252752885375151 55 400481856524047 69 317565150912263 55 308688974496727 55 393901124605229 55 241727979933667 55 342785658985957 69 189433161763598 55 341400913056421 69 560551823874659 55 173460140392428 55 365546499388722 69 370179926783615 55 293887727748120 55 380343776870428 55 183840778540844 69 96919552277400 55 298998013426281 55 179443219688362 69 242549742109013 55 245205604761941 55 314677207383215 55 160121854472799 55 290929624405418 55 194141998917857 69 277542581822473 69 249225259869649 69 264215892331963 55 197973670098279 55 363803749471569 55 327146961708373 69 245093708388227 55 307329713842093 55 158942886784007 55 394711929815164 69 406596189519372 69 278224632410516 55 415030879589230 69 359833494974457 69 358446495674491 69 235049692358082 69 273869837236333 69 398489033786823 69 231183322141454 55 113061851830372 55 309839352173264 55 344903897878101 69 260113037626670 55 364844722885742 69 176552397005860 55 428539745755500 55 344177887926376 69 228262127586357 69 314814878598972 69 263257433634295 69 150486766812510 55 196889330413726 69 148648225299379 69 141230434550589 55 126541983562219 55 301232247899552 55 315757999347137 55 209020640503361 55
3 75
4863593483997818 87 4903261220225341 21 4734323574314793 10
264279147240062 21 129217657493938 10 136977678359645 21 200927643592021 10 230605511148761 86 234620599804317 21 353631102475897 86 217689990967259 86 277504093389920 45 107850070723751 21 211423816467544 86 210382088627423 21 112377203638323 21 314724992982334 45 184851465222740 10 89406906423638 86 182143996413553 86 313590989322409 87 246499835041553 21 291496811293179 21 239442603569466 21 247791984186111 86 321288217669566 86 322992746361656 21 270668580700646 86 87094108618588 86 212575585307709 45 157240939033112 21 116507483469077 10 135983571597545 45 136586727203608 45 218262448800722 86 148117454581126 21 66783105387886 45 368718593588032 86 1 21 279821525429003 21 133373990750015 10 137416601330506 21 347581269299238 86 254183678110747 21 195921620922311 21 231586278912822 45 199917305496189 86 188787909119781 21 201625481838003 86 142843954451908 86 203382805248371 10 157852526673450 87 112240304375593 21 169167730437565 21 133751178241036 45 218788375960273 86 311640330393353 10 145049913569512 86 178526018340022 21 304275155352055 10 234137640758514 21 177043858556246 87 125866297520748 87 212454232034770 86 101865726295209 86 201209554006451 10 212045596258009 86 234868090601415 86 133861867197479 86 186372600773440 21 260730329274489 86 192248045096325 21 217323098066917 21 62638399984106 21 141873047351522 86 316634869901183 21 194155435815882 21 173453150832987 10
3 94
471169309563027 95 449788788540011 68 435765767372459 33
1 70 11842816035601 74 21381040551457 30 1 64 154715275115960 2 1 57 1 36 1 87 93815101114800 16 33472720870375 83 73037687807985 98 113542565308188 71 90117767995900 47 1 34 1 40 1 53 12469193480926 15 99951870490493 22 1 1 1 86 42501296899201 76 1 5 1 81 1 96 82103121500565 26 1 55 1 42 1 73 1 95 1 100 118357681589709 6 205832130992688 60 130346508721086 68 82199936569012 82 1 27 13858818274269 85 810000175598 67 1 54 51607321215246 52 1 79 195039154949580 24 42612263624895 17 61187037324299 99 1 28 1 7 1 33 179728685597600 29 7617233923516 78 128964034953114 62 37770568489182 71 1 52 64708485097275 96 1 57 49012164768910 82 44988204325089 76 1 33 1 79 1 27 1 98 27350814335334 70 40409896075402 99 69359053375188 64 1 16 4409408095463 53 13709675411101 86 1 15 83284768398468 85 232674635975436 28 1 81 1 24 1 68 89672390380030 73 185333535636124 22 1 34 1 26 1 1 6761604275608 100 146501673149650 5 190672660023888 67 63465736481288 62 1 55 1 30 55171602346029 47 1 83 1 78 1 42 49123213619598 95 1 6 115670648793950 60 77626277817719 74 91777997160120 40 88877595461190 36 22890329200487 29 254911072234436 2
3 100
9282911701561164 10 9315686018543468 43 9220647678148634 10
300355262036611 43 205598694846751 10 121031961923124 43 312031148535506 10 292877999570780 10 137095412044050 10 321477324869023 10 265429109051644 10 275528689594381 10 281961463134672 43 174617087908737 10 255341057798116 43 197894478525815 10 337334645357988 10 393046415370927 10 248160964196946 10 299101899391224 10 210167354738932 10 358971870948707 10 278206046869054 10 209394647579385 43 364445707001342 10 332381503505045 10 325456781204045 10 204225598244504 43 253207342036829 10 327059511789208 43 372621138449462 10 271932138273100 43 307438028714752 10 279694608276382 10 258134718912185 10 219663125365089 10 281197816248296 10 341475976454124 10 267242977604358 10 203812331478807 10 314519946514175 43 261331434186212 10 255464026917693 43 342357782431765 10 318146030685634 10 277221863468268 10 383241585560238 10 160334428259347 10 219753655559368 10 294503046229310 10 288722662831789 10 322007298011589 10 299441236085148 43 350829896795469 10 329429817073114 10 316694864486158 10 354375838595759 10 178641140711425 10 239764720425778 10 323904014189814 10 277105766128716 10 273312725492889 10 258955578876288 10 295823838492096 10 245517793476093 10 275057198503376 43 211435992181848 43 326700245972855 43 324405933594534 10 197642010651987 43 216805130142880 10 287803545053240 10 264955532510408 10 152466677018869 10 208681292124623 43 300529756303079 10 344138458958937 10 213948276365487 10 111339021995364 10 284299284639011 10 191280620182648 10 234352394413271 10 245924215007989 10 259012804733188 10 398859786749702 43 370170078103027 43 379361404953607 10 313753308602046 10 276198739163918 10 341184125867020 43 255189390774294 10 279193919225213 10 217103503562747 10 310031584697079 43 297325383795576 43 314600910910019 10 236502616598812 10 219239566656153 10 186580316111655 10 389830898143942 10 180248242451270 10 217324569902418 43 227953685581416 10
3 21
588870182874251 69 586636260915120 58 617604287139918 100
86086007894856 34 120143913147744 69 96591562991265 54 47870255913879 58 96638031727229 69 84199168121660 69 107812028692731 54 118910584462062 100 37296271234263 69 64578398770565 58 33131418560297 69 85708735611637 58 54019782209065 69 71458300708735 69 117181601167500 69 84070163888979 69 91335370611044 69 95926016181640 54 43251149126140 34 15401430030897 69 76045103146609 69
3 100
1113938733283911 34 1113834874015503 4 1114017931323807 31
33440917938518 48 33341359001507 83 33139883405495 46 33890352546022 50 33187406686435 36 33622982927298 6 33426539881474 77 33801464709100 100 32911496568403 11 33681448406396 45 33069827503117 31 33087131418019 51 33739019493990 79 33492185015790 7 33904974248060 30 33195941356435 13 33428742858051 35 33693907176123 25 33339288961342 26 33032994212348 54 33412191014457 89 33541617534122 27 33421360245043 1 34061859468333 8 33202662644472 3 33423900163859 44 33134792489345 28 33625441596530 20 33572537496507 95 34112069219894 87 33396040036311 92 34094402833888 14 32871031004647 29 33688544559734 22 33454867977389 97 33308641930630 34 33796502199092 82 33747344307459 2 32981177897413 43 33496014777855 5 33632582504682 64 34007976483099 80 33410070997230 4 33484700234757 66 33344737057856 18 33066974301586 76 33577011449954 70 33784029420904 65 33561117968503 91 32816932769789 72 33839971353588 61 33657478333674 24 33321118178898 58 33329580883366 42 33712402808949 99 33581736629488 84 33067702474206 15 32948472308046 49 33285570250275 94 33190659342133 63 34226543689954 73 33834238865107 86 33269713900108 67 33623789417148 39 33470882123730 9 32792230547360 73 33717144569282 13 33131977023971 14 33077825678656 15 33350216129283 45 33623225848924 67 33229795274013 2 33681498891707 70 33609154090552 9 32909951397531 30 33731918152697 100 33824415629812 58 34010548171018 1 33112911623906 11 33886111910044 97 33511641947365 24 33197961472262 72 33375040144082 92 32841836943047 95 33516011315651 80 33086351164162 65 33175429491470 4 33372249282018 87 33107196034948 8 33288393324831 44 33343715213477 83 33617401349619 7 33192036307378 43 32793477020165 82 33589047049889 22 33267810145154 36 33375178328594 6 33416585490007 50 33757428493965 25 33889678230648 99
3 47
3602064018903317 15 3539355249597547 73 3684707926307975 15
145507708940906 15 411997151119533 15 279544211059360 15 240892104462721 15 281329799421501 73 226339383757851 15 133757859863253 73 248275275508075 15 271892506529742 73 306551461648438 15 54694094941522 73 162606472034843 73 170298886398974 73 239319048103766 15 144520732111001 15 174244851667501 15 144472665876029 15 247169876163722 15 66856249713971 73 225670116817221 73 143891348604442 73 328738360279344 73 305108596833439 73 88157923646280 15 186345974638075 73 186032757821101 15 304805711464495 15 91140108103668 15 244843048862633 73 213284767797964 15 1 15 219988497739806 73 206199249733759 15 172289154333879 15 259089061844477 73 320907395845318 73 116824248000914 15 311705483136799 15 206546535766677 73 74624965751872 15 277152055576783 15 127247845474582 15 362272130510773 15 191169578606780 15 82899653896460 73 236195747687790 73 298359942456476 15
3 67
4334507421334352 55 4269841008368383 55 4253561107709616 55
228459094044234 4 210416673564612 4 144528588658724 55 205730684879472 55 250466500524160 81 173517699993665 55 235839694774293 100 207752953196814 55 175889860768226 100 184563185118058 55 193065906252695 55 272648814831439 55 162240673770326 55 179970555202669 55 220529829811541 55 249815195723406 4 204963717722100 81 229807776248890 4 286817186941841 100 246100427122370 100 139172292722656 55 103904371456145 55 275686022916860 55 190597861124533 100 207629260574222 4 208498675114934 4 294659818114448 4 224945308368655 55 214457287637201 55 96836773745320 100 159651398751532 55 258246503744407 55 109526704188257 100 156916792560731 65 217340632040039 4 202927829550332 4 117991548491026 4 254423182409781 100 281027376626656 4 166922888602525 4 122259867364581 100 175887628111114 65 200649999038512 4 263532243363884 55 210609530675391 55 315379431068514 4 251425210051411 55 179641474716475 55 193099545790514 4 220900183217244 4 167299613781538 65 146276669297939 4 125321899115618 4 167991433368571 55 160681078987463 55 202811462161045 55 171201203541151 65 224400505543089 55 265088550981247 65 177776649566365 55 176175127104399 4 227848699813396 4 118721449201496 65 171264394530775 55 239298762499158 100 169978543217609 100 178684164262297 55
3 88
2594539472210287 65 2578587821747351 100 2529523588149128 6
102178258268933 22 84091801833738 26 161124827917913 5 39464959914093 55 119033632244319 27 72857252837527 32 128396547562942 76 101542041175667 24 123971981445237 52 74367882610631 50 74056610585133 65 81124293538882 23 67327404204802 71 99507373769333 7 121612397068385 91 85493612627441 29 97606729360055 67 95940969071234 18 146624448162848 42 88167926914668 77 159934450912207 45 37612260660579 88 18421055811388 86 112757954263115 85 90472877652356 36 70062598777858 37 103857000737646 3 95464273018324 87 1 54 62757974930885 8 96803126160878 98 46071739908332 79 77592129226323 64 61493462998489 19 95255932168920 38 179997892817012 69 87501976173652 30 102425132616518 58 100661532229215 2 142501480426410 66 78271739981086 82 87551866686787 33 60326495034424 56 94107528446236 51 84080845556220 21 75072586279432 12 107980364262533 74 34487407843212 80 118914979263445 90 115642678938704 44 104184708642066 95 65019087875639 13 66452721236858 4 54881511194331 1 152462245962616 46 59710518634026 47 169399613788610 20 134959317512414 100 1 53 110658176581499 62 95470276556401 57 113947130128389 81 77044599758880 28 1 84 129438997827109 99 106892694214941 89 92468308371323 49 42532066597987 17 42667529134756 39 117971230117486 34 103029151927255 10 72458106408818 41 12271010600114 11 121127025137430 96 146571291585223 6 180856474702631 9 92212784667949 36 53166308740187 66 155834971022197 88 87407660011601 3 140968851927359 44 123115070631347 86 111677551257013 100 78031465030117 90 93906945474474 7 51529109773332 96 17542492255854 28 37439613112422 2
3 92
6500120924284770 68 6539143732120171 10 6462330979298315 68
269775075087309 10 189962952976180 68 162156348142054 10 266150430785839 10 179537050469422 10 200222611195160 10 162606020235724 10 194528694792319 10 186621197256944 10 188089207081848 10 170264527478541 68 228804623939987 68 151789088283278 10 149727350387996 10 183777687096340 68 265637729608149 68 175186086676585 10 241374763298438 10 224765271345058 68 211717515105238 68 281492939310508 68 219072837303542 10 235642430081011 68 251757253149513 68 236837700470468 68 175307866343213 10 270683929583056 10 229952780671259 10 292592680579686 68 183813287129010 68 146073413833013 10 275986307833437 68 232227336737353 68 187060174284243 68 188607937749463 10 237782665410580 68 220453151668509 68 223953216475065 10 202062763806696 68 190022101290201 10 210565439119199 68 119520558072825 10 158968845141407 68 194155540411817 10 234827684697779 10 211735435951452 68 207261636953108 10 167137361503131 68 248863242534600 10 222301081691832 10 216320323364618 68 209249165000872 68 254523218946288 68 190943121805057 10 201008997943368 68 231004205377404 68 231537703435699 68 199134792353059 68 194990408117855 68 222243805344368 68 214720301751329 10 195805171973562 10 183049405380659 68 206981401005239 10 204496061538748 68 171723810579685 10 250225266301410 68 238171086652460 68 169917599378101 68 164240773843432 68 224828854094917 68 161948058582230 68 256617117481011 10 229054891758867 68 205999181056419 68 224903214618765 10 261327931342496 68 174927080216728 10 245013646617460 68 230958376512794 68 196395476218889 68 189104793014526 68 210815217644189 68 218696617389443 68 209371500130782 10 191471845408927 10 284023840890406 10 170673403434168 68 200461881365548 68 185942770890517 10 146094254938814 68 191916597988447 10
3 32
1910139173073333 23 2051320466577480 23 1862125432292922 8
206615259295236 61 56954923326771 23 254957051687059 23 118801545272761 23 50591447895399 8 177924897725235 23 128246325776643 61 156519242867282 23 191249476198565 8 136213665496202 67 191013803425438 61 233937745728004 23 159692022212186 8 3235731207853 67 4807209288810 8 222195184228412 61 161223717195737 67 314354443966483 67 151587613849636 23 181722158369082 8 308111536240872 61 23314634581037 23 79879669625461 8 231699599656020 23 87434741025106 8 65640227768308 8 224080800586545 68 42092024051091 8 231617252138814 8 214800787406366 8 169839552625044 23 208315598796218 23
3 72
50990849578104 68 1 79 39787672536055 93
8750475606836 90 1 7 67343453571388 94 1 63 1 70 1 69 95830981099575 75 25377304782843 9 211710799459310 87 109239311759526 5 1 1 1 44 1 47 1 16 1 72 1 67 1 45 1 82 1 25 139400399954158 53 1 92 1 30 142054163430393 60 1 97 1 48 1 33 1 61 73864918552222 71 273821059571523 68 133614497055384 23 114052908829560 62 23027073539187 26 1 24 6300316256141 88 166580705008148 34 73827483111759 98 9378861443889 55 9417878985771 42 70287907983577 19 1 64 1 15 1 81 1 57 75149801731447 85 61862039315624 3 1 40 1 4 78536711763522 59 9849088689593 58 1 6 23319585924426 52 70871806750035 66 32285142811237 12 92178669306953 49 1 18 1 11 144058637241697 99 1 89 36912647363006 91 54925348407779 14 1 84 1338046362951 8 1 20 1 80 1 13 1 38 1 56 1 22 1 93 1 73 1 2 1 96
3 5
51776597635529 63 154868369700523 68 170113344977747 63
75493014102114 63 26860993577684 63 69216865126218 63 56497924231720 63 3614990913202 68
3 7
427096102535765 94 439155285021936 94 374433229899816 94
220576352282410 94 177786327298373 91 150327873151582 69 227487350766270 94 172364774555156 94 173962821685773 94 165037221805226 69
3 10
283464849867627 23 319921509444856 57 397854424745045 60
75331202666751 7 153390981362717 66 92604010474570 99 25768886789539 26 58300386262772 85 161915499250987 9 121342308659500 63 30670397950331 43 132274800134871 21 96625237010166 62
3 34
3006724587216404 34 3030771788892330 21 3006885109965635 34
304309319274138 21 329945430569453 34 266178495915384 21 312691557149053 21 285856973766204 21 266068049486835 21 247569551005496 21 304061839347612 21 324528711108315 21 227200364302318 34 272687395489948 21 336438174466705 21 282459143445847 21 255311904058172 21 251342868546563 21 254793319812418 21 264996875135720 21 311296379218203 34 273468034309075 21 272677612954193 21 322483275932535 21 284530047593248 21 271877152155322 21 250840479121901 21 289722005317309 21 294609849429491 21 252107325603605 21 268320261705637 21 246044844718448 21 267894360930285 21 254826485927406 21 261848603245438 21 273924540623840 21 261670077639318 34
3 64
5669393522167149 75 5706584872689846 96 5655368836153888 75
247908369725825 17 272058532968319 51 233907200240750 51 267654744565817 17 296808652875485 17 278939695790575 17 302967771407085 51 299121496198673 17 273662662410636 54 279442767594784 51 293593150348723 51 263318087405031 17 277031267225914 51 244132863485645 17 251391180285079 51 258131573178945 75 272387455501058 75 269892398084995 54 253507606650993 51 296539411697543 96 287661885285441 17 237846517911018 17 269472749528987 96 265535020933578 75 267380727727594 17 303788632606323 51 276226939222745 17 261023463106557 17 269425269708493 75 293259281301820 17 269285309104959 51 271233340777329 51 252622621719336 54 282016044754308 51 295807896634845 96 278115868597006 51 247676548162478 17 262816358104952 51 269501996186619 54 287955047770927 96 247870924048833 51 279614022175166 17 265787769181004 17 248196839681308 51 287366413996480 51 245174066953391 96 302121466527622 96 272212974257292 51 261953206268287 51 276237615863828 51 290923003438314 17 268554614919411 75 225760552302335 51 260119368068318 17 268320081102575 54 267876529720486 51 257758945209495 96 268076218693758 75 252438628786433 96 245100374890963 96 273328428278515 51 295012335952472 17 267726988791256 51 268868039928933 17
3 23
109674100249804 59 116510623549203 70 105031918092127 86
13944997613594 58 13278713919537 12 26860117841879 24 1 8 12016586988332 32 32329826382780 31 14964341948326 39 16389346641775 15 17578669854919 53 35865818797359 54 15114743973351 6 1 95 1 21 4694351415657 84 5973858769324 83 6043245504274 13 14801489026041 55 15800892496622 92 4429011142532 59 1 85 12569245357088 50 5749844139152 68 16308115410532 3
3 33
1088709904882857 36 1093909222690714 92 1086864860184552 36
105126702743608 92 143867434298457 36 99206485434210 36 121445145298173 36 82078172265513 36 85833862646462 36 71713298653586 36 97841798012777 36 104789587870686 36 116343963324857 36 126037047160364 36 104940813319228 36 95112168365819 36 97555434546563 36 91684001810946 36 108448057105354 36 100604504447318 36 131671387841782 36 121379291963739 36 97279600007148 36 100513810028214 36 122424182052561 36 113269741265882 36 84626971431841 36 106065298639797 92 88892539696962 36 101531625504630 36 52945599052065 36 97717319664858 36 95653948339793 36 66833124802670 36 113854477603121 36 100641440628855 36
3 20
1896815616533368 12 1864945653278252 12 1871539227858225 59
289677275316461 12 287461673734404 59 264193967826674 59 274691719838632 12 338833934072851 86 264858909557737 12 264369963496896 59 292140606676488 12 270978798683783 59 257377102500736 59 267488797281206 12 308002077214468 59 304312682285797 12 273831269066407 12 279943886293377 12 284574927798793 59 331707813549481 86 283724525354522 86 326492715461006 12 242724996851331 86
3 9
187570266274901 90 203844001604861 52 176745996395562 53
47364221529816 45 74300536968572 52 71402469384429 84 65180742202986 53 69267143624756 3 22586522836191 2 59177961569275 86 92880536262482 90 74235538016572 4
3 38
3334523749366228 67 3412105441362036 6 3295531889739093 67
249874819024429 6 312340893681247 6 298606931154926 67 234260830286998 6 327725562585197 6 230174511942638 6 149547273005774 6 224405498294226 6 346417510103569 67 348382936677212 67 250519264366203 6 351747168394828 6 313641788825474 6 331559775467881 6 306040375412701 6 327796116928382 6 300171545776471 6 284637898409660 6 272510552713097 6 379486699551069 6 298695314831397 6 337090250331313 6 196371972356881 6 209058676155576 6 393773171588777 67 177773634837059 6 262669420408671 6 205659671636562 6 246412290955041 6 196552801242832 6 297107817847617 6 355220395657154 6 289294669960166 6 231227994507014 67 244281928187082 6 144500119420735 6 357498153641563 6 240182717865577 6
3 30
1155629211558095 20 1226447040282345 21 1102237891666678 54
15147670292 60 126098646030438 54 71327214589961 21 66992741946958 20 138123837090252 54 57950633701689 21 1 21 38005193070561 20 108934767378088 54 197969942543062 21 47360511815804 54 163655124435173 20 23275179376523 21 153026577761054 21 108553480421027 21 177467227509506 20 106952741143778 54 137301825615803 20 139490553651130 20 142497901287763 21 185952689714121 20 38252514424930 21 37560440135374 21 162620473467631 54 109866394251807 61 114954740046319 21 100557243961275 54 54603002742774 54 90901472595621 54 101415231226904 21
3 70
4887585444705032 72 4886182066492761 50 4903329188927005 95
249923644354596 95 201432318391090 50 211773017016499 72 237329098822624 95 194883679645548 50 237752656845208 72 212457346792708 95 228396012382942 50 189550357199511 72 193040170775148 95 232605888419289 50 202289677192426 72 238515240412215 72 206549618899159 95 192602782722423 50 245620478551631 50 200633295871372 72 215211992822375 95 206969249311446 50 211172898861393 95 236989781704530 72 247756905930142 72 201484955915127 50 201545011956999 95 214531432593720 50 178227431402040 95 183279630234060 72 199150227426598 72 192449546916548 95 237039003302168 50 238969821049096 72 213905521581516 50 177419808027048 95 215029385553919 72 215437179228934 50 225190518305125 95 203788619961853 72 222592310134328 95 216228053289084 50 216437073297247 50 253802815587828 95 203315760326626 72 226758035961908 50 214950998015292 95 237695919473391 72 232916201063838 50 202373023891516 95 220549853784643 72 203477336005711 50 229289218125902 95 211760085752707 72 203463861601445 50 214372909564194 95 213207838033634 72 211495466662366 50 215936410113350 95 221425338951489 72 209971029866884 95 223636394866744 50 168776092824672 72 208688547757324 95 183353705322852 50 219851558266998 72 206549882811059 95 214787749270518 50 235438486569951 72 223702727320133 95 225039278297495 72 192270318562314 50 239605488753376 50
3 77
3399857559485233 22 3580825798338517 33 3555260880837381 22
268491347032348 33 1 33 72672700008421 33 208165064042349 22 222986372414108 33 61871804119875 22 77844216650253 33 253391375171795 33 162751102270848 33 256102731107202 33 77834786956407 33 23489636598821 22 210889795685975 22 204296087309299 22 411578547858124 22 156050165009791 33 193089208715816 22 31118849417339 22 122474934373925 22 142702110918700 22 191117798795111 33 22933445630080 22 124351469600506 22 205744464172695 33 197170672037110 33 1 33 58534989538165 22 1 22 173042326440419 33 14519105357378 22 63383204641446 33 118811643061705 22 51926451939823 33 222355498821184 33 180721397943159 33 230939852019503 33 119866930954125 33 43235138554895 33 296738408522125 22 240389842292813 33 1 22 310918434371812 22 92519512232736 33 137032501995746 22 21166286527026 33 113269165292221 22 66940621493756 22 215725270990309 33 32049795619008 22 124388046095318 33 197559762456234 33 171341064449591 22 199445627727323 22 137267859142383 22 140552397296372 33 74141537291152 33 135012458773619 33 125618517232552 22 115191138271005 33 17131567548117 33 301662283846528 22 74864257077175 22 212587953309423 22 164017742930381 33 242796516917403 22 318295587396775 33 167163822658074 22 186066599957809 33 130926064537373 33 184141677469639 22 1 33 336527448154177 22 342038361836571 33 96383830511 22 101339531378605 22 156959776388781 33 74296459606429 33
3 89
3322157856194712 55 3204887389830249 57 3384956955905485 86
216392798539228 86 94833395592492 86 243994620570262 55 25464772659805 86 209466973181106 86 115981017441260 55 75877582047701 64 60597268823001 57 181196524602994 55 235262821703724 64 4126936901553 57 1 64 18782834552388 50 266955043518586 55 127593429780356 55 123668300955063 55 203776177734199 57 215511246996092 50 104276227708374 57 49115367827675 55 127933743453771 57 81460850647467 57 180484691164243 55 148991262013313 50 125883609266020 55 154816935784061 57 210293053341449 55 1 50 246891371074610 57 261768681401571 55 113799335447102 55 272866823095524 86 87704192646504 55 220988735024508 55 160952278138096 57 228386184286668 86 93971727781548 64 219800517749926 57 98740389402244 55 109334730691756 57 31847888457594 57 288497327567690 50 27395484476253 50 127448657948833 86 93212477713603 57 119589220192694 57 28631368686490 86 1 86 16147521551440 57 68795889378138 64 180065178370365 86 94835729888450 50 94013361273212 55 90611546156954 64 154234738433640 57 188941924519842 86 90716367580054 50 73924044723022 55 1 57 84626990146258 50 80590406059984 55 93641703213938 86 123716487710204 55 168234104438155 57 1 55 146445180992116 55 1 64 92448236552996 55 253498603228374 55 46784400104223 57 115274893898720 57 301570416992248 86 239518475503073 55 158934987100310 64 179947820704721 86 222646939550541 55 172656948699636 50 14182357601948 57 75790556386104 86 140204925695640 86 59240225553660 55 157351255002742 64 76429699694103 55 142744781170947 55 60030085020374 86 244384681972824 86 85539932236255 55 31605366915430 57 82959585948286 55
3 91
1716105554480151 50 1699561253324305 68 1702302382815901 19
76195649351106 40 72133584883387 43 51672625261903 33 70584064765571 46 52080558014743 60 62638385465105 10 41192917824319 36 57549328778012 70 54552840581934 98 52698591174786 11 61018388278727 26 58100376074214 31 56601368826766 72 68325027185125 49 58165313531567 6 42714677980120 27 53559288622009 54 50421665284733 51 59091052855912 76 46181627603090 75 57348809063309 55 41635952390759 53 74175457023473 56 55761880027473 21 81048001519327 47 76146622852828 63 51444773697994 14 44904839874198 77 64473077157064 83 57791209531375 42 45623197032186 92 58427710240154 59 56138496049789 50 65769497056449 35 46791177462451 7 71494682824759 13 45665101398602 81 53091411283243 93 56581508336794 39 67794329535188 90 60454554013696 78 46761787817999 12 55893086820536 95 59994933509721 30 74546448781742 80 63987018950507 57 46762432799318 85 70857237980348 58 42851788445242 8 56731932437331 38 52512216328606 91 49211466901120 82 60187742554344 22 51599561389873 48 41666450136956 17 75413373914260 23 54020551618237 29 62903987169139 34 66477678821231 67 56088091468270 9 66094456889132 65 43716786063277 100 67746263631698 18 62065229534204 25 49195221524939 94 50760080990427 66 54519181475989 89 58773018968965 73 55149217325033 79 42840749485104 68 56400048293493 2 65909332911816 1 30200589106786 32 69959861235351 37 60688974065696 15 55442351860449 5 68946740418616 62 74394001288705 64 48599940991854 16 57699319207686 4 60824608136888 71 61756118452855 69 61880068453281 99 63299523834867 87 42937320851215 86 60629279616880 88 65913185231916 74 50300585397136 28 43980406735990 3 70652327930484 19 30525230363867 97
3 73
4134382218263121 24 3981467099253236 27 4055408394897294 24
72465712858842 24 214922549354753 24 133295541064560 24 132992952455897 24 196875007464385 24 172623207200493 24 148897941461904 24 303443869937500 24 96149943312785 24 138038950032929 24 154510546908425 24 190511613459485 24 186042754332474 24 149710457595207 24 131913994900961 24 265462179857217 24 53399462772931 24 191185325449149 24 159078907371486 24 155560734085670 24 184803994368484 24 188923752012864 24 254480872033800 24 204181932197664 27 196134564463106 24 108316789704087 24 159557686763381 24 78644678444141 24 265634785124971 24 167099712333462 24 193481997545280 24 71054630060395 24 90842460690837 24 129394045044205 24 39459392757935 24 242099139502230 24 210819286895569 24 146639273003867 24 238830588527188 24 196917874996249 24 196364574034547 24 252613347473118 24 206849762024769 24 132117495128550 24 167741374321707 24 178179162472100 24 130738536270633 24 146022164130786 24 132319966904203 24 162198633276719 24 140932122228579 24 212325121381403 24 176215400873932 24 239200449221398 24 167009185615254 24 160417328523609 24 157135004852203 24 78900963642988 24 150925253315631 24 163270534369500 24 144374978260085 27 211874494992567 24 213062749702193 24 147454583300934 24 205747568329835 24 143519568041892 24 269462088669944 24 173577561208715 24 190058309842326 24 285368276369982 24 171845082798501 24 198063522800828 24 237448681192253 24
3 80
1007135109658982 40 993826831949852 20 942686895540966 40
119019825071948 87 41417339710033 40 1 61 1 12 255162933492338 12 175234189793665 87 4509742683663 40 66776279466530 61 1 87 106135853129386 20 1 40 81955988703508 40 46558334691735 20 99317600726441 40 2032268499057 20 128288153689167 61 13837725812728 12 1 40 140358734588048 12 200532139647040 40 1 12 1 12 1 61 1 40 132215279153901 61 9112823143533 12 55963005642395 40 93674666671196 12 1 20 63687407555659 40 122126269956031 40 24553694884778 12 1 40 16626485376183 40 91069928641956 12 1 12 1 40 1 20 1 40 1 12 1 61 164412975483986 20 1 20 1 12 58606070102931 20 1 20 31764579191065 61 104499261000213 61 9493999415490 40 44915597578562 40 15266948313166 12 1 40 1 61 134737517575411 61 32456494053675 20 1 12 1 40 30739100673693 20 1 12 51730681235213 40 65190361564985 40 95038646527510 61 12160200622995 40 1 40 117288137685102 40 33206031461390 40 28650097558279 40 16746617504449 20 126722578713334 61 1 12 1 40 73805451438108 20 1 12 51840304071100 40 370373474931075 61 1 12 205869059489154 40 93846856862055 40 49304571486173 12 40138962633694 40
3 65
1534204620852031 51 1538718361704816 12 1519913563656251 78
63204491920177 62 65604698757336 58 51710704612108 59 89293041335286 51 63105751428946 78 65222797092491 3 77841697779266 5 68105076724570 53 75372350070444 89 78685175750923 71 76378757329659 82 65474675923331 84 76018913544593 94 56906596600779 23 70464481149323 2 71903682288602 21 58109713296391 77 63857645951478 69 55624766644818 100 81355861547208 61 68625177795980 83 66301306110463 26 62588170410559 27 69874085037362 54 89407397660014 96 60863884075312 18 69408228798045 65 77011364475805 90 70343139680995 9 93057142934919 50 65286299908526 31 73498006555541 29 77152693730526 52 65930887393970 6 84628503727262 20 71162236137768 37 62112058012912 12 87997125434670 97 87435284371367 28 70951628716327 87 77965500850130 86 77718982271121 75 99800353490556 74 92020216243175 93 69098263902773 92 80304863983806 73 61775711857343 42 74404078011787 99 64107620430367 1 89559596751579 7 62425269846249 57 69713828403676 46 81032763657188 68 61751140852998 33 69537152994494 49 71545301408833 91 78607733424832 16 79951411926841 47 76002800562158 72 46915058932572 4 56614460398757 11 86927609618175 70 91927454701125 35 82794773624026 98 80755378042961 56
3 47
2838780273345476 92 2718539544682218 52 2741495254657611 92
206640592978614 92 184266173071141 52 118013800982152 92 117003782309368 92 267101078121304 52 146109080574942 52 56638632438893 52 191931904478916 92 130605030153018 92 275687969162621 52 184530344717787 52 220971672033569 92 140011852278210 92 171131117935639 92 221669936444258 52 137161101511116 92 153053279093383 52 245162392713225 92 73125976208162 92 164586271786012 92 139403895125518 92 158315599540825 92 211847896598752 52 144926229584465 52 148396156057030 92 232483453439756 52 138687780474298 92 199812533774026 92 247634034751888 92 182261961661676 92 79845705834969 52 233883003502545 52 42385151353760 92 262097944217078 92 112011459798046 52 117637548186089 92 130312651329572 92 253532595124896 52 200875355899487 92 152640870980596 92 67179494016663 92 70170817222058 92 222422056487544 92 153845104951440 92 87957955365816 92 166529940821043 52 194182334569785 92
3 93
7323658944520009 25 7144913482404571 3 7292539899535751 3
160701253419198 3 316033756606601 21 248640461819217 95 239546746476362 21 136187075725364 21 280868186343680 3 302408462496098 25 321169517677098 25 235136198180342 25 170585739808946 3 187113791443592 25 264337241069581 3 184270184151757 3 261653528117125 25 272357378931517 95 282750354488705 21 225991766746628 21 445030086710051 25 175627868540691 3 214879115994849 25 144367268948241 95 243481078443468 21 193492663037873 95 289126920499526 95 204853558193395 95 259831261977445 3 299182410130070 3 278923006414555 21 222870439423345 21 155619918286006 25 206442833106929 95 124045323256341 3 136922553671069 57 188953904980471 3 168474238519755 25 287487103679031 21 232696198823077 21 127161259198355 95 276755459744050 3 310248880727194 95 268643898993777 21 180043234031470 3 227201872910060 21 286344434808440 21 189635027653277 25 285997687056257 21 234628453808602 3 115351742691411 3 157664161825543 25 150521998292984 3 185259650884469 21 230370037903447 21 156256489460859 21 279414401066791 21 197672489545967 3 203755961234763 21 173181431047204 3 143258032270930 21 190296130249428 25 253291107900350 3 200660929012732 25 179140071612818 95 350019466556437 3 133482380842841 3 360120937982650 3 114261618621222 3 231352536909471 21 226957995231658 3 291927868000331 25 210361638956997 3 338620841374033 25 275940536942125 3 216690121940674 3 276232382486305 3 249754074192376 25 291781900646720 25 364855030766841 21 154549017224812 21 211401252449183 3 167522644748741 95 381607669111104 25 275456973973854 21 222125321765539 3 244199262653263 3 145745901389693 95 294178846525262 3 307489937132775 21 176032159396760 57 311531520371909 3 274307485940997 3 218771347005939 3 182030641841657 3 119647342435457 3
3 55
3171590621515262 88 3131361442228005 82 3174759234322298 95
152029528248058 4 154881280206518 37 163845449553858 90 185162580416381 2 176130882558059 18 166618212256447 98 177615207234785 60 168261587228669 49 150402879616405 9 210951223177156 54 184516373760600 81 151724550576088 38 188917911569504 6 175633129042132 40 168718548758358 74 189517068470996 14 163246035320766 30 156952479555544 52 161398924623487 23 177439600172765 63 150261704585820 29 174735142176269 82 177707976574132 27 147810011795134 53 189621707486992 26 157833191078135 7 170961007191751 71 179589469775742 47 181178693524596 12 155727031221269 17 163608988242664 86 165112656014387 72 169148573482793 95 179711321409213 93 137751127208237 42 158841400039188 31 186789925559541 24 175906909014671 61 179815055678117 77 149156171796990 69 171908217117582 70 163874094371971 100 187437406458009 3 176185694920019 44 190218647077442 20 170996947362730 67 170608354475286 78 170001324860606 11 189817299532547 22 166756785353471 58 153465156145500 51 161969733141941 87 192554596538403 62 171506730952246 97 179538748875221 88
3 100
7207940832296610 85 7353576790930348 91 7424191631919550 85
290710461362165 85 191352798146827 91 349487416306033 85 250614119628908 85 198663321057842 85 218598017238466 85 242486309253804 85 200099451531768 85 234803251199470 85 94034669218083 85 180166945686997 91 152697615807892 85 319506759342989 85 118852358985040 85 356008497226528 91 83570756472150 85 229630125776709 91 134805648104921 85 232314082185344 85 312796291979024 85 360845334525898 85 248582572108160 85 255871380994770 85 373980001209595 85 184724100974775 85 292046644403410 91 131194466828992 91 210776425614012 85 96608964297215 85 184105945141883 85 307244114221222 85 238174470656421 85 304996367769344 85 181061217133574 85 279825215492928 91 118794971608252 85 238294392109306 91 326144748963661 85 287483135448441 91 127570557007337 85 240352761730938 85 205018635481088 85 233776779467929 85 317280441983391 91 205298040276805 85 1148628383168 91 279558088593465 91 85694370153281 85 225759190546992 85 160645840899293 91 229503476965748 85 78125626727377 85 67859957420370 91 198378465833553 85 403642568168230 85 268065001342323 85 168238704660489 91 194941505761284 85 294455223654294 85 41476591226793 85 238834535957641 85 154728800625670 85 253520961637673 85 28930445720196 85 189931955146926 91 127813108948176 85 206856742465854 85 259996948420353 91 441641927727033 85 236966939709525 85 159619905276052 85 20076268184276 85 331759202889398 85 238556322424530 85 237997873539531 85 381180915590442 85 194964455078463 91 78849235600161 85 244856203202274 91 283809433243823 85 403041529517359 91 296259438864862 91 151139289198517 85 299576066971040 85 182155178387560 91 117406305665791 85 285170097338584 91 99763386272435 85 107157443595255 85 319043940048858 85 167981336987019 91 317275580979128 85 282706889924724 85 338650434099338 91 251658230752719 91 244227554093974 85 203831564313821 85 234171205354530 85 59416075950392 85 350183448518060 91
3 45
3980354676306752 4 3932616992375354 4 3921495761591459 4
309634904703076 55 230409682447023 4 205229834085185 55 264768928637600 4 265377783992579 4 210490759902719 4 197673226092964 9 219987858996159 30 257385365347498 4 153009986746968 9 265812307701925 4 211657895430298 18 371619674794534 9 280003501459853 4 235748007280940 9 245034602525012 4 418698872606737 18 416471408605591 4 227403838055925 9 193379301755751 30 328867131699243 18 275387525990813 4 194733920618591 9 151870810237587 55 295876798139146 30 109281805263814 4 318348957154004 9 177355172469974 4 329823232939427 9 289615219430430 30 268327419102640 4 190826993313693 4 325767946297597 55 294622780822528 18 230951704921075 55 142162418615923 4 141618404792239 9 262254480535736 9 241753073758863 30 296099739953274 30 370697399157181 4 272985248424156 4 187477548856232 4 237835152770018 4 354690902562354 4
3 4
43748121594058 69 8697481397288 25 1 75
1 59 1 75 66899634704073 95 2198679621538 90
3 80
2632636601136598 66 2623020981769458 67 2636657408067788 66
91976646730901 67 83422870079785 67 109185357326119 67 112248738067956 67 83546605939443 67 79322329662580 67 107454490992020 66 108641336148125 66 125022087984738 67 101455125634848 67 119726796135711 67 74555990569693 67 97675214101546 67 106842404342651 67 87250101960998 67 115190296778340 66 96519971410960 67 98336651761547 67 90965209610324 67 103146367336639 67 106537949525348 66 99827646436194 66 101417616072994 66 83338916772334 67 99019088982137 66 80841523260711 66 89948048994036 67 102123405922598 67 117905085615089 67 100314255378566 67 75774886998443 67 103446250090673 67 111162273379188 67 103870685248608 67 79259009146808 67 98020248912031 66 94498789906050 67 108983147614338 67 62829217440877 67 84970476669504 67 87858872803831 66 116418623976644 67 78947448108738 66 94413692267627 67 91175648767094 67 128903754727214 67 110981034732723 67 128989753216355 67 105093047064165 66 82265966701297 67 73599114308356 67 123604929648873 67 77460013278866 67 110423454714279 67 103967092203508 67 89748997640971 67 64121665859414 67 126106568961437 66 105022660593074 67 79938559659338 67 83994488765040 67 109749889831763 67 89379847840542 67 90831518346740 67 112136639258320 66 85655063990734 67 106463909241874 67 138889169767084 66 93064062236413 66 100816270318826 67 105287197961766 67 65840654716980 67 90030776191865 67 106395408332303 67 93054687626811 67 84562665949780 67 125626917840660 67 95009611047430 67 84503329998219 67 95266005996349 66
3 11
26964687395720 53 25343764947250 53 14259886250705 21
134614243340284 21 38485144556380 49 1 96 47060726806109 53 80002824937719 53 41745732509632 49 16280031488219 26 1 26 29579940163105 26 57968808630445 26 1 49
3 18
1331439157748961 23 1334093336379231 62 1334949040285627 57
227966826011951 83 223204274131802 92 226698716389091 23 230770847268953 37 217049546285836 29 233877769974458 73 234120041914120 12 224248480485720 50 228540682394355 80 225550727623085 32 228718723456220 62 219032127596570 51 225245476675160 56 222501363835217 2 220937659404276 55 234081408611933 71 216829816919080 97 218453431083149 61
3 40
1100975540663590 9 1105762136779316 28 1051066548527800 9
73161334564049 9 130548232924485 28 93402523584393 28 84747175469450 28 126589862966665 9 131531360472308 9 82022806138459 9 136652864017608 28 88100012520855 28 114092233409644 9 2368582621890 9 47641116550010 9 32706910732648 9 94804129863176 9 31499793140538 9 107880831734017 28 57354891515436 9 78906037498219 9 58328058568146 9 34559390956843 9 177976772688470 9 105244692328844 28 35969611441507 9 118299509277937 28 134734783377301 9 122643291204911 9 80793243663862 9 17585201172244 9 85762496870244 28 127432870775238 9 88139294671259 28 104543302344061 9 88386300149599 9 115017264496654 28 1 9 37895627271857 9 5933651218434 9 85727822300273 9 126421534386150 9 92064093231871 9
3 9
6830268674624 34 37012095072481 34 74103237356424 15
5022243037548 67 1 64 1 64 1 64 1 64 26195183191145 3 19738200498379 15 1 64 1 64
3 97
8400618179865336 76 8581282749081009 20 8531583800469040 42
342498346840215 84 319114259875543 14 359465105977962 97 439967725804536 42 213082332523802 66 194436907025537 91 387831201618146 8 255949614202366 10 431956278697969 68 250704480470719 12 251884182805844 28 296017720416645 92 271340558641851 65 210324826547604 80 225045537390505 56 288361799913922 93 167656086421487 62 111258860405309 87 69750346538095 78 232009599317351 60 409854097008262 46 178608778152311 81 253302364493180 18 333102457594687 47 68556446194265 58 280126816665569 64 350383960239378 25 245783737468201 33 400577803013177 22 262430113343352 15 116390282720678 76 425971734420015 4 184188093696832 89 199886673016235 63 152772516956735 85 217812322133630 30 282070887506214 41 302750649240873 9 118817961072718 3 311626588534296 86 336415542444989 51 208258933664352 23 142413807493084 54 179564976672081 21 259693303777701 24 306492355582121 20 290985579726411 50 274177978561425 53 416720008873920 88 377819571199291 35 130234996255173 27 256911721908579 75 351700377988035 96 192116320653538 45 226526070404822 10 322523229979529 51 353651217145266 35 275041072673854 30 142549046555945 23 268026253782612 33 294327031384715 14 334810248906743 28 294671300861054 60 271290436153487 18 304738222904836 66 143126232546468 21 229574519932929 89 303426994742571 24 206329992731774 76 140170277090058 64 249145172988690 63 390610071445619 22 290152423077700 65 369746771155227 3 197315118185504 42 326729569844846 41 388563086412051 56 249600740556052 80 174923738760702 50 436937781752894 8 285401088363958 54 209433879530477 12 346769622171735 58 302729537004218 84 421764846429099 87 351813097871489 46 234814238442370 92 217241627001837 91 269297631338727 9 151060185938269 27 218248742169734 45 229284250267254 47 331620909984438 81 93520121184271 4 337362741643416 97 396524521061467 15 317039489122640 25
3 21
781087060672522 51 792956746505299 77 829180755421520 51
96362097068612 77 105111868870196 51 121603060616433 51 116038823624477 77 86003306304239 77 98315425768577 77 126413412824220 77 64687063975352 77 123982653719933 77 128004406482856 77 133817915584200 77 133553988906393 77 137513684371665 51 97703856743346 77 86763375189599 77 117482226209285 77 125843015302995 77 160328675195998 77 108301350260332 77 95131733516974 77 119133588527464 51
3 8
282026016366482 20 300358836849565 20 388259867961172 29
101111454650912 14 264623016977428 34 155771924955550 14 230025107325350 29 110322144725625 20 221531468511641 29 146312355071337 29 84407914601853 79
3 74
2316310559327015 87 2363901268130540 84 2227390782763781 49
58620953927410 49 121952518123506 81 76000809156624 25 10750696284213 4 129648853152681 45 181480004633045 79 29560943443625 38 131212579607867 88 247015522351729 80 36108429096277 11 133533629148036 32 222600323268555 47 113398285199882 60 28659454487233 50 96805699797036 85 1 19 176459956266888 29 223210442635976 89 5455232371583 84 52888535288739 13 55349286786957 93 80407964291835 72 207075784407977 87 67854454071072 39 27603986583509 99 1077752177296 45 9024668550897 13 151108976210456 25 53976151508026 88 7964659438696 84 12118878463401 80 101970859485842 38 153045355657476 19 14644010708528 93 1 85 214407992150569 81 169536084468192 99 41229221343432 32 239921027385163 49 1 89 223317126873986 39 237884843842842 29 1 50 145233686576991 11 1 60 142877257756114 79 1 87 20023769471915 72 1 47 48961618290250 4 1 38 101872632324552 47 44347471757357 49 155600944084636 84 273550533446716 85 182329215333264 50 115152925368155 32 201006010271931 39 179029132045948 11 66887664887323 93 83267774238179 25 66433080093895 45 184166042776234 87 47499823407995 60 95024228173073 99 4119022227808 79 246629917868035 81 31256981808006 29 1 72 51780871464804 4 132782904030633 19 223558500394987 89 33675739589759 88 74236782863481 13
3 32
1768897446029778 15 1867347624773153 57 1677090000100089 15
297677083279225 15 279822949257356 15 124549236977751 15 288135355267732 15 245266303456045 15 121874418974799 15 1 15 268285583660867 15 224438047868102 15 181517876748864 15 201902256878059 15 106487680654835 15 202460161766344 15 146785887458365 15 1 15 35205155592610 15 73653099917476 15 140987348701276 15 290320145207528 15 191014478089509 15 165150137447581 15 150588211332789 15 105973271225635 15 214648638657039 15 260587909746796 15 230543505223364 15 139416883886148 15 322043718760683 15 267287467650610 15 134464835320309 15 267745430014710 15 125574409741769 15
3 61
5093970306037557 58 5236322122985084 18 5215279946270466 91
163377820319046 58 422582101347157 58 274368173168391 58 269372695525607 43 322161668617491 43 222515322128086 43 177102263389604 43 216334225117581 43 259638083358577 59 324241778563601 58 236658154235786 58 115601711691209 43 284299587741325 59 185295702030825 58 237238338219035 58 298829079524913 43 234763728980215 91 214797422031602 59 348697418479503 59 248597638432144 43 253055023389311 91 296673959236320 43 256873889978275 59 92197745583866 59 172435704483549 59 246523589667084 58 290785946539222 43 273993146697463 59 289869804190599 58 203828959521080 58 273770750062025 59 282819846147869 58 306154122738340 43 212487305034143 43 231585019994054 58 222640310605063 43 217491131089892 58 286626147414775 59 281541639082998 91 148314446014904 91 286168393431964 43 243879955484905 43 253011776460118 59 360299749886886 43 368877698145248 91 296725686430636 43 205131764704684 43 268814852986984 58 330984161559666 58 174648092550775 43 322012196878904 43 267026295621315 58 279562924423562 43 221968405845407 91 276150817622523 43 254376279694128 43 385770977183119 59 123898240307554 58 298109455018487 43 297338692071324 58 319030801810594 18
3 7
251152959678901 41 224368499745361 41 202197441192169 41
95886160223892 41 83060414379321 41 109210337209070 41 77642881081907 41 121136996267470 41 100996095316338 41 124950865491088 41
3 4
163320752542141 96 169695790715697 53 164648582806132 96
114590692448366 96 134804786662275 53 127404744755024 96 121623448442384 96
3 68
5322463635564659 89 5225243944764743 86 5220415919831305 68
256216906270238 40 267760297118998 86 220990430788626 40 213344935199749 40 223528636265405 40 254837565830076 40 271350441603539 40 226179544778199 68 215542866185639 40 217644649076918 89 200566501637567 68 186133927053877 40 226544782123872 68 187494285424861 40 220687680083576 19 311589641361585 68 292693049430675 40 167704428721648 40 185762297906799 40 186171281376910 40 196807465438868 89 202715165754712 68 182764568650139 19 251881784861968 40 201678562806064 19 224954788908486 19 213270721919915 40 283389642882431 40 182578643223657 40 172393672392662 89 201683551720495 19 252241617278606 86 236156915345850 68 193827704209825 68 197216114173544 19 175782388091308 68 269320475684491 68 217859530437850 19 204069952289005 40 286200867520961 89 218839517010838 89 209587008585444 40 217524483533132 68 256268689649943 40 239971379478962 19 226157447995906 40 216506143802732 89 207746788044076 40 229889530066813 89 204215482599477 40 194550501953209 40 227893142359645 89 198286158530561 19 241121173213467 40 149530051254674 19 236480151375589 40 220769813056959 40 213418962009772 19 228952064726974 68 247805599293617 86 287416755407703 68 158553946171531 19 184349698615870 40 260545924325702 40 230252271068063 19 266099076857190 40 198354703169949 86 263163279626191 68
3 20
1105876803362567 5 963888534922103 6 1099257798557167 4
136927953650135 23 148469418292926 60 51889401171426 84 329748687091130 31 160515764648117 73 247536795089900 55 65028457862173 9 67074709250161 100 89448690397371 83 178712233829873 27 107615998413738 62 76161859217903 4 179944875379053 50 197384944265939 11 279096825452405 15 131358591071601 96 170888620859901 85 191063840376211 59 105920885896784 99 144748680842833 49
3 14
532670609562557 38 526392362832158 37 522511530802842 38
109251404724363 38 105763859136515 38 103421220649185 38 118786532919604 38 111248779672678 38 104301791610396 38 103813415624322 38 107704051661295 38 121540894575044 38 114715739863057 38 108568616188640 38 111530313174304 38 106113163045538 38 112744061258896 38
3 42
3059960917123563 99 3035962962625280 89 2942833251102675 72
163790113342603 78 289343404803923 72 253632319322419 99 168585880320254 72 202108016565284 99 101280653107324 72 130216259049418 89 59264736935384 72 359275371886759 89 350591587934855 99 139907126403410 89 206126475801642 89 177157252059520 89 215103646594842 99 204661185819374 69 263000845695656 72 52837114903843 78 237551098910543 78 302343230520861 69 330679299300901 89 239398945896040 89 229899099698960 89 160548692451138 72 257424928726813 99 230930186447287 89 205298563923132 78 171128962798086 89 266222302709120 99 286331209941129 89 329864009340913 89 194465833206509 69 106426673470238 99 206389645507418 89 208265515625732 99 169007434864176 89 180548884901422 72 349284864173745 72 193851257997813 69 245699665711696 89 218463164111269 89 254591771671597 78 385436142592086 72
3 70
506788395234276 32 483086440475888 97 480429997131417 84
54240431691392 71 1 63 54580524529974 75 54299834184893 38 13386544333892 14 42040978560944 68 1413233459396 58 75302183019225 34 58733821394009 79 30454100286270 2 1 84 2414508879877 80 50982726644123 4 1 90 40602376792748 86 62735382749594 40 16523941948420 42 1 3 37757166424725 99 1948280227949 7 1 81 50259776138620 8 8842186480394 15 107983926689169 10 1 6 11581875795431 93 42456043844772 26 28606636012997 91 3954557944446 74 53887848095665 70 1 67 1 32 1 66 65981875448734 56 1 52 68139780701668 92 16449896028128 21 20400130141813 94 42832075315816 18 83336491590665 49 136862153156969 98 100703093186538 65 122870510676757 55 1 50 1 20 26178852681290 12 5986762942135 72 98133001606169 87 47050814683406 45 21401552230316 61 52767867801122 27 16436254433567 97 1 25 63274024071298 33 47717712817817 62 48863594175455 88 677735590028 95 1 13 37333257265429 54 107964436096052 30 42330737735671 30 1 68 165980793598293 67 55021650586676 12 136252123945747 71 1 13 1 63 1 75 87516899207033 54 1 25
3 58
1908204741382207 29 1906995701519988 70 1917635400213569 29
102830793265678 70 95898291858800 70 98185143671947 70 97468495100932 29 101015181938590 70 100702249024422 70 100263917415928 70 97804801535792 70 95579721251852 29 93849725164662 70 91318927174573 70 100294746975752 70 107365744709338 70 99819375569017 29 103637793540665 70 101435745238191 70 95124090461738 29 97029484465380 29 102671028173004 29 98373120320409 70 107354472839325 70 99871915700399 70 97250947982206 29 99650180461138 70 98744981277256 29 96142353331247 29 100216148175155 29 94299128156831 70 100087092814014 29 102191291982945 70 101219198429959 70 103609123438905 29 100951242943962 29 95831634248437 70 101111472672221 70 106342700522084 29 94963784579099 70 102501134611249 70 96624008302797 29 101460613611320 29 102668365004523 29 97969891001369 70 106001934021983 29 94243199082146 70 99767682176379 29 106271270825172 70 102305412925369 70 97400948474185 29 98713449592850 70 95951508432554 29 98553230006285 29 103019459103395 29 104904655713925 29 96974882929722 70 95922400012590 29 99602705597697 29 94656887313757 70 104516049792714 70
3 18
563906293920700 48 587498893624167 37 578766561649029 37
89399596060938 48 99468933736803 16 113879139531203 37 90201591584640 94 97275148900182 37 82784601619694 48 101617180782779 94 90562071771700 66 97061160216421 37 110856558254315 37 96204777182352 94 98594608578480 37 95679741573209 48 95536232159489 37 87703002608887 37 89853757008066 48 94689381445196 48 101486049072763 66
3 73
5594242646790962 3 5531433310664332 90 5552375301777556 81
264822142855852 90 302925519540019 11 205465707150339 88 179380053448196 14 200365822919350 61 209339392967776 98 288767221519060 93 257174509919357 10 284600711821455 57 206790393402831 86 301667546015875 62 188929600926597 42 249145502364253 94 230904417760674 40 210841172116086 13 232403226550971 83 213163506449084 21 230879781501386 81 179911339029640 43 248776663105414 82 269861417132970 76 228912354705088 49 211163754979929 67 281724428552953 23 261337411069064 84 233188176520915 3 304507384757271 68 255598473640553 75 125971706053470 84 278616485465549 43 243598734831680 94 217676936745175 57 239109203439207 61 118594992150606 10 235335723873821 83 270264425438715 67 221360286345575 49 259134972638690 23 168759596327365 11 285490042043433 68 162970345169134 90 227071680130134 14 205289743101473 13 197868678601521 88 252235594835423 62 227220894637227 76 249310774347070 75 198301881801736 3 134897151008755 86 125123538996387 81 247522020964728 42 235202120593125 21 231402738487564 93 252025699138209 40 241363247876158 98 246116023993269 82 218736762026803 40 186829703190909 43 141179546097448 13 269566124730866 81 197725622748105 94 199950858534100 68 211253112386420 82 283401073690393 23 192598478849969 75 281206670096192 21 344675741819814 14 236509795336503 93 178576369867310 61 180757863951155 83 302242498697993 62 256372025732627 67 236953513747854 11
3 57
1872934332198214 45 1876710323178692 91 1847962985214829 45
88188829200864 91 125038585984845 45 118897227780037 45 127068511313381 91 112474603069827 45 61755064456665 45 112253347024903 91 113044377207347 45 118975485150050 45 84129747919825 45 116205233344582 91 98561056074335 45 91270734770406 45 126120233432113 45 80976148534783 91 108991305034441 91 137879771004429 45 86768402543596 91 111171598604085 91 102418349986096 45 90747660603075 45 99405201105381 91 123368980866056 91 57654201171675 45 91442915815284 45 116362523043538 45 111480695891286 91 126879211266995 45 106795522042065 45 75245600824627 45 97538294177161 91 153398564071485 45 138919692601382 45 120840770916692 45 117263363075565 91 69313009135029 45 88889807352176 91 93720391546116 91 91790383904960 45 89772586765677 45 120666532385435 45 79709036340663 45 88592563826386 91 117438983528704 91 88691938187387 45 98297464888866 45 92155675787061 45 75888517779521 45 111317868654387 45 99571078068292 45 90381766920693 91 121781572937469 45 101509659918150 91 116662636176644 91 77995277649082 45 91665625229651 91 130896824710252 45
3 55
4229314518459336 63 4256912958480496 63 4258103824560174 89
225145527477007 81 235439502448586 68 218645706434452 44 241150682478415 81 213116485258293 81 225821215460387 89 236704796722791 81 222694326602567 89 236900678199808 81 211701631476935 81 209972419295463 89 219526521343018 63 235965538001337 81 219683398368393 81 238753825679223 68 232638428200956 68 236578433668340 63 209406833234453 63 200430754029652 44 217484000662179 63 231966417997102 63 247394858411295 44 197848533206832 81 228306562703345 68 213184004059582 63 225838367641912 63 213148993362366 68 242699961395945 63 239695257308056 89 246618874855089 63 242778583744017 63 212027263665055 63 248643217202019 81 240410045747158 81 216889398816441 81 244323563482362 81 220671408258907 81 226662871039711 81 235143883258791 63 237911699299500 81 270375041711436 81 220624015012261 81 235715058353048 63 215980919809675 63 230921822970146 68 222551869644977 89 246215423648839 44 232572616709732 63 228437192079655 63 270237365165347 81 253852725940435 81 224955803954534 44 233077705992673 81 248319564865130 63 225587676822729 81
3 67
3687187855021085 87 3522184019709118 34 3591182951744159 92
73824320317588 87 367908590959421 74 251449268863681 30 250461614488064 83 196863289779089 97 114891606653799 22 170814308190315 39 162503706077931 34 109840612208562 37 244937280337695 85 196243341934607 26 104510583719092 12 249913874396500 86 210317736742983 63 201169984456240 52 254886916465611 67 266550685181795 60 98669438345910 66 80708788934625 5 179639580353442 1 167799608838389 71 78863871822812 33 18433216360299 92 175185449376944 19 174136820248318 30 113476150589976 1 173626426427995 33 93423762753566 83 225343229056655 12 253862170110593 39 58598452324504 66 74875904506270 34 236279934577734 86 185734526667588 87 174090860337862 19 91021038897927 85 107153330861432 92 193177333074142 71 60386014750177 60 167944988164514 26 149568908718208 22 132188118609403 52 83034881766047 63 206825319116218 37 227122430726632 74 189551571027008 67 248033313879015 5 176949070011531 97 305889499690992 33 229900860017048 92 213636834950355 83 126210843094534 86 173536472711487 85 137423906275945 5 246722444003248 22 103561809217208 37 180618292654956 1 153444390480966 66 224420639867305 60 88627046078114 26 141759442288750 39 253113202550738 97 161051892248965 87 205601265372991 71 120714519230905 34 182243090478152 19 208690945399515 52
3 14
412415059132197 9 347597664615764 68 369688302991405 9
117561421935638 68 1 68 115954257842903 68 24873087684880 9 148177416433959 68 163685201644168 68 65233450922687 68 95630379558167 68 1 68 99413086098742 68 162352542369599 9 78802233469862 68 57003762881613 68 138040827253060 9
3 52
1838364324642926 41 1805339956862710 24 1899813006730090 24
89298957308321 24 120802888004619 24 220151867893730 50 140090236382245 24 36625287003406 50 172907346334692 50 53106336358802 41 84516461852092 24 90213092094675 24 79792987146497 41 52078653456916 50 136538528488080 41 66073117853506 24 139840558801408 41 193953190171303 41 139894396736128 50 153552012163967 24 95883658108443 50 75806977469773 41 56030352925848 21 162439952188357 24 78893802826526 24 37547857948789 21 40383262603929 24 125040400300908 24 1 86 242447886146231 50 139368555102713 24 144782878201076 24 110632766825652 50 3504302059806 50 179955869310158 50 173709782339191 24 139526714172005 41 1 24 64524571384978 41 2811055619939 50 227907950428685 24 66331645199354 24 169933134855854 24 122182453677135 24 43561621863816 86 39511505913388 86 153143606196505 50 91519269469753 41 28279060863037 24 125209756695039 24 63988212420071 50 102682955565011 86 147954265604900 24 88779390469387 24 117839840558005 21
3 39
1690076244411305 87 1568588349736343 92 1708635791174676 12
52951542807838 36 100945433887952 72 269582481216657 90 136892662780897 52 42987366683219 25 135034301281997 21 150242158526524 34 143197914770185 84 43658174130828 1 173244829793054 100 1 15 1 3 96935332627885 26 32324768425296 96 176713439063164 18 171058836047849 50 71114336170326 78 184412834188777 41 196435009626786 33 162501449107704 75 222667166286272 22 91202131398272 98 188773189962331 13 126865330426820 24 160797897075848 56 172620075119805 62 104123755829196 70 84030801448219 42 15321817819837 40 198634311429379 30 191840087434863 69 1 2 133926810270416 93 174501125233716 17 103688257438475 74 113620919060750 61 57761218085898 59 310604184649555 35 30982816277985 19
3 64
5090844444144073 24 5035705658080587 47 5165942556947431 24
177521947788758 47 221833009299707 24 244803143823698 24 243465297955852 24 239132770894883 47 274848586124071 47 200884426758638 47 227738938104267 24 223937735984595 24 181654119691279 47 276049589633598 24 245184790483821 24 211529161963125 24 235395636186444 24 222445472465078 47 205994674955835 24 233860242056925 24 295006259062493 24 196105532471456 24 221691962231447 24 290167913504152 24 231822734946664 24 244285830810001 24 241340145229618 24 229889575105889 24 199431967404133 24 250997680117458 24 196163180740884 24 266449420411213 47 225682846641499 47 241194591731401 24 257621656838283 47 160590330190937 24 239912826344732 24 172111490493870 24 242241192134046 47 246399973421791 24 218066602699612 24 198951907762391 47 275903914346341 47 285190278816684 24 289208173315534 47 214970485867020 47 275963213717963 24 231760950593488 24 251511973392712 24 213717517384073 24 230899870121111 47 189898049272998 24 223727941692733 24 245549474428465 47 211393385772681 47 279483076926323 24 218513833507226 24 264118355708821 24 261380594596888 24 276528178251521 24 269705121893244 24 206531169227500 24 213643032645165 24 238734809386437 47 218536655624715 47 218212152546762 24 295950871058063 47
3 96
7284154781235826 9 7299088946563891 65 7284753831150766 65
242778868644844 14 227639427053003 9 237513252719667 14 240648530804527 65 248747202295853 9 220629467315566 9 222321037335279 9 208733214796467 100 240769774148307 100 217012348714129 66 213183597954721 9 230489602548996 100 243364964827001 66 209204054617331 14 220721246848483 65 231231029808482 66 216065751102859 14 216503741660088 66 241139824787816 9 202132774214220 100 237263318671694 66 228442332458375 9 204176018036434 100 215712224899371 65 232199352074864 65 197905039894675 66 212601946677814 9 209733857492918 14 206713431050384 9 232772550151298 65 225162115780304 100 228782004953095 65 244597989526483 65 238545172611884 100 225771768247439 65 249242631848181 9 230471382842442 65 224429854535928 65 218925901101768 14 238065595271566 9 233367114993889 65 233250324575522 65 229838618900222 65 235152740965828 14 243288087041483 66 221881677764209 100 239691847254671 100 224638615907226 65 232482062630206 65 208926763687726 14 232730104920639 9 223515893812587 9 231432803858872 65 237727502859365 9 257528719251649 9 247565398936712 100 245893409737102 100 231385160083273 9 246072033526869 65 210156823608187 65 217761738737505 65 239398310043581 100 234370183408836 9 212938822653908 9 244717127663459 100 246000509898243 9 215452770660919 65 247795757870432 65 226238713257096 9 234439860221951 14 231639166126890 14 235446936733342 65 249606694067591 9 219534346796571 100 235967371146794 100 224111841498989 9 220324978262486 100 211518329223429 65 232664779935677 100 239264030607951 66 232398272841907 100 242597740062209 100 231994021046750 100 209277376372651 100 221629701227162 14 212787068051847 65 250431425857398 100 220806561275064 9 223511147706210 9 231261374632396 65 200924426409623 9 248708386588518 66 222287462510973 9 234484435642635 65 213105518223279 100 213277473753204 9
3 100
7421497430600548 49 7560947069667637 43 7549180214325814 6
116662674779947 77 266314092236221 93 216804799934855 49 384199035649071 6 261430651042838 31 131183351399635 4 268820679245801 91 79317723243013 79 162250274139912 75 270841416820471 10 237891894501438 81 238788112639823 69 274138902312070 61 238364970299431 66 289198982161264 43 1 75 192944957250437 77 134949437864260 91 128138534192798 81 222097771689070 31 203467185912032 10 156772363271606 79 109065203861058 66 217212270699295 61 364986334472933 49 248438768840230 4 247557543858243 93 148980964199334 69 124574173008144 6 448899347904323 43 348770301846617 77 282101821985769 69 189526077781154 31 130077344815935 81 237769321860697 6 230813111672884 79 244794292971056 93 272564898084659 43 177892454573520 4 279263862024690 10 161957295835247 49 155643559398750 66 239384797644060 61 137682389553686 75 310368430378494 91 246677275959486 69 303236459311612 79 232702633150346 43 169241042259531 93 298285100266999 10 228421380812287 61 269346726224339 4 193053343451506 66 105080406052728 75 163883284435761 49 277432384379742 31 327287805877803 91 275753578463742 6 341176878653422 81 229718766858793 77 390275949231009 77 218387390301446 10 317918960253231 31 142356526610181 79 157519499597894 66 188455219798913 91 212541511457132 6 155564820450596 43 312452268829432 49 220398692564372 93 253590049509399 69 90293276044533 81 202142573356737 61 299518987111163 4 283702048944433 75 239454821288999 75 174545648235966 4 176427482340079 31 322722222516666 66 430474839571062 69 353282654360245 79 197467114185007 61 326346444620861 93 235293041759198 77 155727601683323 43 456981293371748 49 158978788948255 91 187583318786814 81 131222232319272 6 281955088183419 10 123661702970631 66 244142788550480 93 230833687051116 91 291461163379854 77 108965600085544 31 137971390130613 49 322099527774057 81 362808449019888 79 289293092392101 43 191381841968075 6
3 53
5059219481838267 67 5052702971781817 87 5181163591684892 67
370474158091982 67 257918493354861 67 354189766338851 67 244541407218754 67 304841276053455 67 363883265483963 67 284318485277431 67 71080567105810 67 410662797950571 67 231021444605534 67 343798227197569 67 230891181723620 67 222099215068920 67 202316022668317 67 286892683666850 67 326163048419055 67 149258931140861 67 139495839309625 67 258505607570745 67 384596573803886 67 283607947895357 67 323334693179890 67 143203285882499 87 195082144568668 67 244147026925897 67 355228909163568 67 204534414335354 67 325662099698513 67 227412343387190 67 305326349424276 67 286238824296043 87 270594464033695 87 346641202438244 67 278650246006140 87 234193505452922 87 384803444133313 67 363315438978029 67 236661320267062 67 277369234630043 67 402364328264025 67 332661447130181 67 279537585874790 67 300984388736511 67 275376523239665 67 361002328152423 67 437242408041425 67 198653481125821 67 405776419643651 67 297405327558169 67 248799768473457 67 338065749972733 67 144105262904326 67 293982347214988 67
3 16
1257871471116233 82 1250155689518801 48 1296446442604798 48
278645901948147 48 205426329805802 5 218740631017020 48 191722415689959 82 252485014646279 20 247050922195829 20 221388869379706 20 256154890287945 5 227741985428936 5 250177611153654 20 253054802191055 58 267831690944932 20 213678117860059 82 224895457144463 5 236415183425885 82 212091949833056 82
3 85
993339182214018 90 962808569889149 40 985526166033330 66
42171593199035 2 1 28 1 54 34833740936372 33 28915818659019 38 1 6 103214871377998 76 104348650335315 7 80318157809429 23 13605325003152 93 72613195951812 83 74994691880253 91 97362693951711 40 1 84 1 42 211178975884680 65 105650482013352 59 42957663913926 10 1 67 66782682377436 51 82313598468509 57 68273534746242 72 60931287015369 44 123617296485548 62 54916533340678 66 1 68 99368521790915 89 64293691527050 4 95663446982965 58 72852943530175 41 37262009774482 60 1 85 1 13 59872086249665 9 85681571157275 78 34448883692620 48 1 5 42455167854085 90 49827357741935 50 67359846162083 1 56329695807853 11 41906602831789 29 39738184843241 39 60672884967335 8 2049292431603 19 133786100752286 64 54313172953696 52 52040682718237 75 82808631283106 95 58399419914073 71 21968180408175 22 55206876769190 12 1 37 51601531481792 86 113659603922669 16 90496868643769 26 9476251488314 57 36345253509935 22 1 72 27430099894680 66 85254987039284 89 82295386670157 4 143081570365762 8 1 76 165943884331655 11 73717161079937 10 28051163801703 5 39912186695642 37 81552162216833 84 14626936199590 7 1 29 84289213962810 48 38678285066314 9 48458820746369 78 38425199685855 2 4276881228749 95 1 51 93929785871972 75 19316654752306 50 1 71 1 54 105609672363322 91 104728026092502 62 94546747551707 52 1 28
3 57
162363456454286 62 162469838200926 72 148216728159531 62
4123817751522 62 8176635161433 72 3819851782990 72 11929378728277 62 1 62 16018420043477 62 20691518943199 62 1 72 1 62 1 62 145358806762 72 17937657202022 72 7761488139125 72 15427761881748 72 10513340818321 72 1 62 31531264792443 72 54946817650888 72 5820909622302 62 9170296847232 62 1 62 6397766904391 62 1 72 8799459772112 72 13211724321488 62 213665343467 62 19315613543292 62 19996395937167 62 1 72 27050033998018 62 14161830045524 72 1742376379220 72 1 62 2313725040792 62 3955730841945 72 20249894480568 72 20158247415745 62 26735885209951 72 4127479646459 62 1 72 23829222277470 62 12996681812258 72 32613763875490 62 27732102303253 72 3157540208531 62 5184305509911 62 23990710369216 62 16748978094043 62 21542354721509 62 28087385329684 72 1 72 3452194082965 72 10033115184197 72 1 72 14921091138145 72 1 62 1 62
3 88
3032353029090296 42 3072520142138349 86 3123070362989134 37
139092444752310 86 111077755496527 83 160499984899505 90 50457706185171 37 254374661506779 86 107058735666433 37 166244327040048 83 372968843081 42 210563476925862 83 98140765049822 83 52323003314233 42 203895354436876 42 94797327366869 42 27603913740944 86 173008930964226 37 99467954179441 37 120090357684866 86 149093696657829 42 20629642955854 37 77384528861902 37 111174427310289 42 1 42 146956257161316 37 12829300450848 86 107330010594313 37 38611248841144 42 150920505823390 37 68254767647010 42 48192191735743 37 28753128426686 90 1 37 182114313261557 37 134093482453817 86 18672430450330 90 75039772419772 90 128946546968063 42 116123540452159 86 124089916293437 37 80462232117365 37 72097621890617 83 101797943686130 37 14499581785942 90 174414304539108 42 57121984868413 42 124763720275268 42 105858756412488 42 105509416901427 42 118302353615910 42 100095824699851 37 128112033681729 37 52911778526186 86 20397980210784 83 36550177024592 86 128491288374134 37 98554193326591 90 26068290975139 90 93081150071568 37 131942527085841 37 62458649088319 42 156008765150509 37 143484247703561 86 215631117612043 83 55096340807551 83 22040166372889 42 141276024649227 42 195797612289790 90 188251557729087 37 92384414751049 83 102177810325414 37 111416655234651 37 154094629133735 37 90617322616174 37 162066103781902 37 222479138253681 42 118801125418976 37 215676742531135 37 148012216339737 37 68887658620926 90 84169838588804 37 198045175678400 90 100412624390895 86 51860367195263 86 249127060175826 90 68124237605635 37 99854993599870 86 78772273491536 42 118545514570504 86 152353561760382 37
