10000 2323
193 375
1387 1301
621 1014
1079 276
64 798
171 172
362 295
1494 1112
207 35
1005 228
450 1332
457 913
170 1067
1076 435
1143 1337
419 478
240 1470
1021 526
929 275
1063 423
823 1284
1075 1067
1047 503
829 654
503 783
588 225
523 825
1 1486
720 959
985 874
818 166
848 103
587 593
786 1140
1317 746
901 1499
1125 664
984 1386
870 1374
22 1204
535 1312
1221 982
541 495
136 1412
163 1394
667 1261
307 1499
303 632
462 753
81 903
199 1310
259 1278
1416 1164
1185 847
792 25
1488 707
591 985
76 1409
436 543
491 1001
820 1299
565 616
1172 637
11 1
1445 1133
887 907
525 948
693 978
693 145
814 308
1008 827
303 1125
79 771
370 48
1339 1157
1085 1115
899 975
472 1057
975 524
896 630
771 1022
1423 1076
912 127
453 537
875 846
783 1419
1184 641
240 1067
990 813
166 973
1192 1352
1402 532
495 130
1500 537
1017 947
578 888
225 384
989 1435
16 108
489 337
468 1409
85 1202
1254 1387
498 162
742 895
1268 623
865 132
1087 1010
558 1111
393 1144
1370 1221
70 1089
1284 322
1233 1070
229 638
409 980
326 422
1220 472
391 1276
438 448
1065 211
329 501
467 527
1443 723
1386 1407
1481 226
537 419
1115 35
738 1348
1312 438
410 62
1479 281
1230 1310
1302 1181
235 240
614 951
848 591
44 481
1414 122
238 130
900 913
685 1000
63 369
81 1008
267 383
425 1024
960 176
1201 1004
776 672
725 77
966 41
1048 677
294 739
153 998
554 1228
937 835
408 1470
321 548
961 457
69 1170
441 219
120 482
480 567
466 1165
180 518
1424 8
1196 924
1347 1048
1033 1072
1476 1320
1006 710
359 1194
338 1217
213 1252
13 1330
302 1236
142 287
722 730
840 115
327 1191
582 993
648 922
1076 1164
1156 235
1275 1074
610 815
1092 1195
324 243
701 1043
802 1322
971 154
504 1333
144 232
634 782
612 226
835 229
401 620
1224 563
1495 1322
974 89
1121 440
1462 683
206 97
1312 1270
399 672
267 572
825 1122
1255 307
1373 266
500 792
142 558
1166 172
982 1360
720 811
41 221
997 948
255 6
253 1189
1141 588
964 975
450 503
868 181
65 449
1100 449
73 1044
1117 439
276 527
424 597
1289 552
88 1342
110 471
1118 595
17 714
514 731
265 866
1115 310
1227 576
1445 856
1421 108
1278 803
146 1362
1252 1002
1331 110
178 260
1138 938
557 200
298 1440
1156 1298
1330 714
1321 6
109 1416
298 907
489 804
1115 175
391 1130
190 1093
807 925
289 863
1127 306
655 205
1429 634
862 726
168 290
1091 237
1008 1262
62 42
247 1217
667 1383
1118 1311
537 545
1176 36
663 1259
1195 577
1353 1
1220 372
743 1121
1253 1201
355 1394
362 166
599 344
981 23
402 236
521 1070
380 800
1308 1057
1220 206
979 137
953 189
267 801
682 692
670 588
295 446
1252 1303
165 210
414 46
553 267
1034 68
852 778
1172 734
985 1439
449 944
679 498
510 1038
744 1256
1403 222
1027 812
1004 989
590 801
488 47
1231 580
1169 626
948 835
71 1342
200 230
284 291
956 1297
743 251
742 325
1211 1063
685 778
67 907
1481 1337
792 440
300 523
1074 1146
1305 942
1206 394
1012 1358
615 1233
47 483
373 849
1467 317
282 892
853 191
531 595
315 1060
306 761
150 575
264 1024
330 699
314 1487
1184 1098
307 129
1402 97
1080 232
304 992
190 505
850 158
1012 1192
161 932
1386 811
603 587
1361 899
485 398
729 1118
707 560
59 599
207 1418
22 367
165 29
1192 776
927 1083
1296 915
363 1198
996 1418
1197 949
1196 106
479 1057
789 1043
1482 1047
426 121
691 128
354 417
294 869
908 1169
1046 1344
604 1136
184 643
915 954
732 1260
1453 906
770 1044
1116 205
769 1387
1264 318
1146 324
869 1226
1435 798
1292 1482
410 251
1489 387
1251 416
52 29
888 1392
579 863
1340 1151
884 706
1498 282
1076 1319
492 710
1350 262
864 402
1304 113
786 486
119 1314
1293 696
561 592
1382 403
892 79
1162 650
252 297
464 861
17 467
279 596
702 185
97 105
465 551
1264 214
216 753
1020 555
935 1000
1302 204
1352 1453
698 75
367 781
443 569
170 277
1379 129
1360 288
625 1248
127 99
1227 403
375 268
823 630
1093 643
1109 1319
730 572
798 803
665 1357
460 255
1307 1271
1210 401
1072 543
253 875
308 367
1018 104
1255 308
1418 582
1274 1370
24 1016
659 1302
418 73
806 1204
191 1157
1469 753
1051 143
926 94
1255 426
167 358
914 735
1414 80
560 90
957 1425
439 637
400 257
431 139
873 1007
774 562
661 706
504 494
540 308
1051 1226
293 738
1414 96
935 814
655 793
1314 1444
1163 1236
75 1281
181 1244
917 931
1457 562
1433 1361
1398 744
1105 798
269 1374
586 787
701 138
399 1258
836 1391
324 456
1427 618
496 115
745 901
987 465
500 527
1307 575
485 683
573 153
509 760
571 1341
1063 457
87 174
971 530
1250 1423
1248 391
517 1388
379 1492
1336 1424
40 1277
810 124
1180 630
205 507
15 33
962 1266
415 734
878 334
1041 968
794 244
692 734
576 872
619 1009
972 505
585 648
598 308
395 156
1092 931
666 573
98 420
1324 440
1272 609
1156 542
200 722
1404 1497
1161 1030
689 1030
890 386
763 1487
843 924
1015 498
861 914
1363 394
1457 313
1365 164
1327 217
998 1296
447 542
969 1205
559 1053
1430 1202
606 123
916 183
128 1421
78 1439
1059 320
1137 1475
130 459
1147 447
1460 1223
310 1391
1156 1407
1440 1397
1166 288
1249 493
904 1014
909 1069
1126 872
556 171
310 804
468 1271
52 394
1274 1457
493 639
191 371
931 137
1032 458
1397 869
591 799
1310 1024
784 1360
463 738
476 456
148 612
917 655
612 771
415 1261
222 870
982 970
390 717
19 1018
664 322
1455 482
1249 196
709 462
299 1485
595 508
924 460
1044 1245
338 8
1040 1048
25 1468
181 980
1472 1227
1477 1093
1417 1437
468 340
1496 303
1395 633
69 851
861 874
1289 1200
129 55
1022 1325
104 458
130 1211
356 172
931 1408
1105 1367
175 238
1135 817
21 880
1417 425
1194 1359
937 1229
30 1172
391 892
1136 148
726 136
1151 420
1424 1446
429 1166
993 872
96 822
1340 464
244 930
565 1084
1004 802
23 121
800 599
1020 32
458 1436
1456 1202
1003 1174
423 531
1053 1170
853 625
679 841
508 1137
1141 736
581 338
1020 1355
999 1317
552 866
56 913
588 1350
548 96
265 529
1059 1093
256 306
1218 539
1093 175
514 743
488 959
884 1474
805 658
68 961
390 127
131 924
206 841
1298 115
1107 233
318 79
485 1011
1212 650
725 935
1238 374
987 942
379 1184
540 37
1033 70
1414 201
622 333
1473 576
87 457
625 939
109 341
1105 892
124 467
804 581
508 1323
819 1138
1068 1267
838 852
928 1092
182 846
1296 1099
714 1153
569 590
1088 594
382 1488
1359 1011
623 837
66 494
389 351
496 848
814 166
842 586
994 1094
1372 960
722 515
71 951
208 644
538 441
355 164
364 830
1265 269
1306 781
558 1417
282 1499
1458 1343
951 59
578 1257
905 672
655 483
1163 463
1132 297
795 672
965 541
570 633
932 587
129 1224
142 304
451 418
441 956
976 357
377 1003
949 371
1293 814
589 115
1460 511
908 1196
807 1382
1250 1352
460 1342
418 707
63 491
215 1471
352 241
202 194
1309 733
609 537
1385 338
588 812
1262 116
211 856
939 968
423 136
741 546
32 627
475 1046
1005 776
1092 573
1422 1024
1120 1248
51 1288
313 522
682 1342
1383 342
1387 1085
333 311
357 1126
590 131
1412 935
940 666
972 158
297 1104
877 599
1407 127
89 1162
444 673
110 1057
1113 766
660 1022
198 955
1449 767
935 575
1316 1218
801 420
894 884
1220 912
675 93
63 1445
464 606
173 514
1489 154
407 581
878 1228
950 1437
750 1157
586 831
535 1377
1271 988
647 376
1422 544
546 147
744 94
1213 1139
879 950
819 869
401 1231
202 523
825 18
708 1438
338 875
391 316
499 807
1453 40
1089 1158
1148 1171
967 353
1164 1065
452 582
662 529
544 215
1078 1333
1111 1301
1008 854
175 214
536 962
412 984
794 627
1050 1239
703 787
753 561
349 1200
876 721
128 886
292 582
834 1482
18 284
532 1118
440 1115
191 1218
1128 1343
990 1253
273 768
1140 1437
46 163
600 827
100 737
1019 1278
783 198
742 1461
364 128
1277 511
422 918
827 483
263 1399
770 516
284 1371
1478 1099
1143 1063
1345 1155
1455 796
850 471
849 94
198 818
254 554
358 587
9 858
310 920
839 359
1457 597
304 208
503 868
636 1369
867 999
1285 38
1365 712
1210 104
275 708
960 604
394 720
513 1004
751 200
111 239
222 1268
513 301
1039 767
332 197
416 917
1175 196
1306 1094
739 459
1319 333
134 1273
1320 666
742 304
350 138
978 748
282 607
900 571
1037 1139
1385 114
1113 174
157 320
1006 1136
481 394
135 1395
626 927
1137 693
247 897
12 148
778 1132
815 523
999 1165
931 1292
1386 218
283 1143
1054 424
499 1210
906 896
504 948
170 218
742 1323
377 607
213 833
498 862
37 563
1233 521
41 1345
1351 157
334 112
388 1448
491 1177
1316 801
1172 602
744 845
648 106
1447 1140
671 1437
1200 261
180 477
1030 1427
161 994
813 844
248 101
1239 1499
675 99
807 521
895 1364
896 1267
766 22
189 1383
676 1118
479 580
854 1474
884 523
174 712
879 871
578 398
4 1464
1160 1078
1294 755
829 692
49 369
533 418
177 557
1459 1479
496 362
797 15
399 674
538 810
492 284
66 78
1314 1156
26 1174
1405 1148
5 1285
576 401
1221 168
1337 220
110 507
739 159
1088 729
537 1394
223 317
462 1006
860 192
436 607
234 676
1226 993
170 1095
625 1194
1210 1057
841 1165
699 14
1004 1366
138 896
859 1205
1108 559
1425 1264
170 1141
1120 680
112 1044
1405 586
520 1362
471 238
1221 573
583 1033
12 719
774 188
695 91
860 467
597 1068
703 79
829 506
387 550
1322 323
1021 177
1134 1432
898 912
1041 516
333 1267
1353 927
1011 429
579 1387
950 360
261 1167
560 284
702 33
138 1113
177 209
928 397
366 1222
242 1227
689 557
959 1109
113 76
757 1136
516 118
186 1441
1351 700
1409 754
336 881
1072 1139
174 356
221 1355
969 449
362 318
495 259
518 815
1359 1302
444 337
591 937
1382 1385
1355 13
463 1499
1272 322
620 427
1446 85
641 1154
1201 96
442 1069
337 1414
783 387
1369 74
49 302
1146 649
1254 748
301 853
45 1003
562 389
1474 94
717 406
1246 149
1269 201
90 619
11 1098
680 1199
1105 1199
399 318
152 634
660 566
639 758
136 666
569 1497
972 924
985 661
931 854
1139 1200
575 1142
70 90
287 856
264 237
47 709
145 772
1388 1081
512 163
174 1437
1046 198
579 943
692 1172
589 569
91 118
1323 1168
923 403
1128 804
232 1027
413 516
1392 139
1280 976
484 1315
84 286
1084 106
271 1457
1194 177
686 567
470 134
1016 39
702 1491
217 826
222 1008
1084 557
1297 1153
155 1350
98 992
346 822
4 73
23 372
778 39
364 1120
533 42
801 1054
207 933
32 452
256 1385
1458 417
163 567
51 1000
1119 1255
853 480
519 1473
873 1361
203 741
623 1343
968 453
1292 1365
861 282
152 325
943 907
77 1073
1082 544
736 629
641 1119
334 180
711 1059
551 321
831 1282
650 579
202 881
82 70
767 669
1055 1384
1367 792
440 558
185 384
1091 1151
591 387
253 983
1019 1228
128 631
669 397
910 621
178 910
160 718
1240 1269
1139 223
1058 1030
813 1048
359 645
980 338
1250 485
870 1417
1085 475
57 1097
1398 251
93 368
477 11
866 1228
975 606
1083 1233
911 482
347 605
695 137
727 447
229 284
1132 778
118 121
1407 282
1214 471
470 1157
650 68
586 283
239 1314
433 590
1072 1177
760 759
193 76
68 1048
300 613
545 1152
756 26
765 892
309 961
926 644
252 20
362 177
1383 1278
1085 324
678 1096
1405 487
1355 652
958 686
687 210
1213 1021
430 1143
281 1147
378 398
362 726
311 1429
5 1346
625 601
949 43
1404 1346
536 1351
603 285
885 495
217 618
373 313
577 220
1499 786
1449 863
577 1169
809 766
683 655
383 740
190 1448
78 1371
953 1470
1331 1419
811 1440
479 485
1325 58
250 688
165 1460
1203 584
192 244
189 504
500 668
226 935
801 459
486 403
1220 458
1242 1358
1448 201
210 1242
709 384
119 1438
150 1489
1317 462
619 859
488 147
635 323
450 1019
314 9
84 587
63 1409
852 413
1496 636
103 265
1013 154
130 547
226 1189
194 1263
1167 858
1252 1367
1482 1226
1246 1436
448 320
303 919
1248 576
33 310
1433 719
717 1327
1077 886
299 205
577 504
1147 89
1250 44
27 18
960 1142
1157 784
699 993
1139 381
1332 1129
57 1241
653 166
803 99
1115 324
517 921
755 1132
555 625
1343 63
1052 380
866 390
25 636
1122 1382
105 456
1337 1004
1220 54
762 176
525 240
309 825
980 55
894 1100
959 530
214 478
215 954
1095 975
1143 761
353 1381
1217 1420
628 1412
672 1080
964 1391
393 632
294 55
716 769
997 783
802 258
633 915
489 782
567 1244
743 723
893 180
450 792
1151 319
519 887
694 242
170 1143
1004 199
949 1003
29 124
1417 1168
84 1250
93 1355
705 1309
1053 563
1353 1467
1222 605
110 254
1278 824
129 1290
431 656
153 1371
914 158
382 186
498 1194
110 873
915 1032
1438 1120
567 1438
828 351
1068 242
76 665
1126 447
697 70
1363 502
1118 64
840 488
76 202
1458 1428
145 1329
1070 70
261 592
1233 749
88 535
1233 475
721 754
401 1004
1241 1470
383 1366
1481 726
842 588
523 586
651 437
1320 515
1037 821
1050 974
251 668
864 1
453 321
1400 97
1261 182
1402 1052
151 934
1012 1070
1438 679
143 883
222 329
841 1259
1307 1143
61 1500
267 800
1406 87
1391 857
72 1221
185 17
783 325
766 1304
269 887
78 1321
502 1014
752 1450
1331 457
104 437
772 491
819 684
1441 725
1434 624
262 1300
537 443
89 604
97 879
556 1342
1143 1042
988 457
167 11
629 979
685 1109
295 421
1499 1007
1184 637
775 60
723 858
566 1132
861 74
1393 1114
1150 899
928 1379
1031 711
1404 390
921 58
793 34
1427 1316
979 762
524 235
376 387
1031 229
39 1067
1177 518
888 843
33 849
440 1318
1228 581
578 205
371 1166
1302 214
472 1475
992 937
786 1214
620 807
473 954
369 1069
919 441
288 1333
805 154
1051 227
992 1132
1469 639
300 1216
679 1225
1057 1047
1436 209
1015 1284
533 412
1248 1340
1172 478
372 1087
769 333
1042 582
1277 1122
1348 1238
1367 539
307 1412
1049 261
576 92
488 791
530 639
1414 634
388 316
39 635
442 1431
777 606
1415 969
1369 1103
246 875
271 226
318 961
1380 143
701 1012
1094 896
272 23
224 203
775 98
1460 351
741 196
402 533
1115 167
857 854
572 693
47 1324
196 1178
1148 1074
1158 1343
1491 1423
216 1433
566 1393
74 1378
268 513
1403 255
575 1319
1152 1035
138 1448
405 135
107 1220
509 107
1185 1118
1211 759
1262 1120
1354 1393
1331 979
46 814
1469 1394
1400 20
462 686
445 315
1035 294
1206 274
692 436
798 1028
608 531
934 1350
555 1290
1233 259
1349 457
856 679
461 359
973 1204
1350 1448
1212 98
8 1168
712 621
1462 936
990 73
203 767
1135 1481
911 715
1257 318
1356 433
784 530
919 1242
1157 256
332 59
931 1291
337 596
668 1023
1374 1357
209 694
758 897
1098 151
1240 966
180 3
1452 1264
1156 969
20 1281
777 223
1262 1229
913 473
128 792
208 902
334 280
1201 1261
1418 863
1024 962
634 1
88 1484
65 933
1477 741
639 1306
1281 1476
67 788
1476 739
1282 8
88 1433
1157 252
178 309
1093 778
1174 1000
394 1016
1365 688
883 368
257 73
836 1124
761 1020
729 1229
1050 346
554 1424
301 581
621 962
1113 801
960 1084
867 354
1375 161
29 757
554 358
1328 848
71 1450
941 210
1405 372
854 803
557 1057
852 800
123 575
255 1126
5 878
1158 729
468 613
1425 354
788 868
136 1268
272 651
824 559
1080 1299
1408 174
586 27
462 1195
968 915
310 161
1153 803
464 1193
1238 342
893 1160
541 413
350 1236
946 1173
1140 596
390 66
1191 309
834 1300
1197 306
1053 623
1110 1208
1116 453
590 931
177 962
438 975
166 269
459 294
1272 1010
1495 562
47 1179
653 1294
639 794
347 225
335 167
354 702
1478 1174
1013 993
1007 228
18 1442
929 583
1006 72
647 175
36 125
376 142
99 1072
598 54
1059 937
1252 977
1101 648
866 1217
1157 981
691 1146
1437 343
1385 325
999 819
32 110
1420 491
1384 1176
1003 898
1265 499
1024 647
652 870
1209 1126
780 934
1112 985
284 831
1087 287
918 450
568 1225
840 694
101 138
611 775
283 1113
894 916
977 656
1280 252
748 1307
1072 691
461 1021
579 737
394 857
1226 1488
664 521
615 481
912 748
778 353
968 338
877 222
53 1493
735 943
615 193
688 1484
1336 1247
1266 485
637 1
93 1370
613 1256
1177 1499
911 911
128 317
627 623
111 1185
140 44
810 811
804 828
1246 369
39 1097
721 33
276 267
454 52
602 1006
1231 337
22 1313
897 778
1286 1136
539 53
1494 1043
1365 1137
1232 1207
1246 154
1 1185
376 370
342 1481
235 718
1104 345
901 1489
188 733
60 323
29 1301
1420 32
1051 1205
1015 697
608 1268
310 1491
1329 804
754 7
692 577
51 491
119 945
319 503
1279 94
1450 990
426 1402
881 190
358 203
1400 1104
903 1113
993 705
991 769
1061 394
215 67
1061 379
313 119
1078 1070
1240 1148
1184 604
847 309
1221 388
426 256
1116 1323
1121 804
1264 636
78 1417
67 1285
745 855
279 254
714 1483
824 1492
1187 1372
273 816
539 506
775 721
238 616
647 1276
958 1332
1119 1055
1085 1135
217 1135
280 1161
1460 1325
1363 1313
667 919
618 368
125 1019
955 1268
33 38
89 1229
427 198
737 623
1471 380
1335 921
242 628
567 1065
1078 1173
716 180
1389 966
689 1000
1277 497
990 1260
246 1349
413 878
29 70
734 778
940 900
1016 275
749 994
105 840
424 1039
1307 101
1175 1154
1331 834
736 1258
187 947
401 196
863 484
1127 1048
1209 915
250 644
506 869
598 424
82 508
1283 929
1336 501
129 964
648 1350
38 740
772 6
440 1131
180 1092
5 1163
1134 1206
879 802
782 557
720 337
14 1134
1361 1329
1113 1148
159 551
849 673
245 710
950 1330
554 1306
501 427
922 595
29 557
188 171
1333 822
1043 532
1443 1414
697 393
1315 172
1067 927
566 1201
487 95
452 430
1218 302
576 760
766 463
820 755
919 96
213 331
688 372
1447 379
940 309
648 1463
1202 409
885 1405
1101 257
1442 90
528 972
1103 366
233 1149
371 677
97 400
820 139
1376 494
1270 1219
481 1495
433 579
1235 440
361 467
293 433
897 743
699 1268
320 1269
778 886
686 484
1094 262
649 1414
1474 864
1021 712
1088 92
1018 1355
82 1183
1102 33
1372 409
859 594
230 1072
1486 772
985 583
1324 557
505 763
11 1344
493 62
380 633
258 324
140 321
509 67
889 477
976 1214
1230 1141
719 1073
1193 308
547 495
180 602
1166 931
1122 106
408 121
1320 614
938 1108
1004 367
849 808
284 493
137 1002
1321 151
419 1277
22 1215
764 964
1496 1173
242 321
436 484
608 984
463 668
1229 432
780 1250
361 1405
307 213
651 1099
25 778
398 586
836 315
331 930
876 783
1078 1485
211 817
553 999
905 654
1257 553
138 559
1210 497
256 1120
1009 1025
623 98
1268 542
1328 367
1298 1218
998 663
475 181
1123 821
122 1485
558 1236
1254 1232
1435 1099
718 1287
1216 160
28 604
270 844
555 19
1096 1085
307 200
655 1204
234 439
181 297
549 634
212 325
1476 147
837 490
321 981
766 1453
910 81
1112 753
399 100
8 1490
987 43
912 1232
149 198
61 1181
1221 393
1307 380
983 75
1097 1167
340 1368
893 1240
736 766
103 1331
911 168
518 151
1274 1322
886 538
413 895
805 766
1142 415
595 1406
361 899
1339 908
982 427
1121 8
498 380
381 708
446 1094
1273 101
647 1419
1206 534
843 129
211 757
1364 1312
622 711
102 256
703 435
1408 1186
1322 709
486 24
324 418
1389 358
733 487
206 34
373 811
668 1151
725 379
1028 442
987 1325
422 141
1416 691
1385 1184
1292 1308
203 121
611 443
170 299
175 186
307 1118
1462 1466
937 373
354 1422
640 1052
702 1028
1258 168
378 139
321 132
122 894
1083 384
662 13
10 713
338 406
180 1171
801 1353
1162 849
159 1167
599 496
632 448
851 949
1309 695
197 1008
1013 1080
150 213
1220 1376
987 332
1310 486
1373 1109
1447 654
466 352
526 1101
1219 1415
924 912
656 738
783 550
943 1346
1495 583
244 1417
1179 1206
1117 917
466 1257
162 27
927 880
27 1402
195 1111
1145 1312
603 636
897 1087
170 620
1235 496
312 1372
942 1353
823 835
1305 644
824 563
317 220
929 1489
1408 530
830 597
294 287
381 69
641 577
479 341
434 1242
309 190
954 7
230 287
865 1357
1018 461
1093 910
664 701
988 1392
297 352
1101 187
1112 369
886 1116
78 895
1262 583
452 700
614 1032
283 1495
801 1029
305 807
1273 420
528 1127
1092 186
260 884
103 1083
1100 1102
1182 1216
542 428
865 441
1315 1075
989 1144
232 920
1429 237
1062 647
410 696
288 242
708 896
447 231
788 585
258 667
1475 1008
1095 339
209 1434
263 1079
554 794
21 949
855 1091
602 466
1224 441
293 103
32 1015
150 1335
1213 453
391 1348
642 710
466 1084
1187 1021
1292 220
1280 535
1077 151
697 64
1261 336
1056 868
814 1115
203 1492
623 1379
311 405
21 696
1305 1359
480 79
1280 417
276 1079
563 732
1244 121
389 1201
134 1343
1155 1436
673 884
1144 207
1204 15
346 570
935 1014
1356 40
1111 1381
115 1018
69 548
717 242
503 505
508 1123
667 209
955 95
976 496
563 925
1097 1231
136 1252
995 185
1482 1187
618 1073
434 271
985 784
51 1326
751 1438
934 473
281 353
5 272
816 1445
1363 1025
725 125
601 414
1379 1034
207 363
264 822
714 955
260 608
509 1202
1399 1006
565 119
586 153
606 810
860 1024
278 57
453 508
156 1319
930 1119
1261 853
1329 980
1498 116
1208 529
959 818
25 730
205 1080
121 1490
458 1225
442 890
301 705
881 1290
168 953
804 175
538 252
186 774
848 753
800 1275
1307 71
640 551
675 553
473 807
1075 443
378 617
537 608
1118 905
51 59
1104 366
58 71
834 673
910 550
15 293
710 1029
844 1187
97 469
267 272
904 34
471 768
1134 739
948 682
1191 565
688 905
513 950
140 805
840 285
11 1059
634 653
19 753
273 859
17 437
789 32
108 215
1462 1434
89 993
523 630
529 1311
1350 490
1190 427
1342 479
791 1102
1306 144
1200 947
191 905
743 554
379 573
469 1165
338 313
475 330
933 457
1381 265
638 844
1028 577
437 31
1086 1391
1435 430
889 1094
929 997
792 73
1375 874
135 990
225 1166
416 25
254 1405
1421 1288
1312 1125
472 704
1447 726
977 1116
209 32
1454 1216
785 261
537 433
786 1478
57 815
535 1227
778 375
321 45
802 1178
4 739
1248 318
37 216
488 795
747 1345
599 1001
1058 502
153 132
1329 314
336 1355
1094 470
35 513
1254 1369
542 1286
1237 793
1264 1214
588 169
518 687
926 1279
354 531
648 192
272 723
467 574
479 29
278 413
8 1465
37 1114
194 1116
238 915
113 1093
942 287
97 864
1429 489
1109 1030
1029 582
1117 1386
180 168
1451 69
1497 868
229 821
198 23
1048 661
1499 1109
1199 1090
1041 1318
1487 269
1247 694
829 379
501 635
1137 549
1367 1184
289 554
960 116
905 429
1140 831
358 331
1039 1016
32 1480
1440 1376
641 621
1376 1474
703 886
1362 939
576 461
430 1148
600 1311
1500 938
43 173
492 717
981 290
1392 364
482 1331
838 1439
1313 1487
483 394
308 571
270 1418
1345 1081
69 1202
1223 1221
1465 1280
8 1216
456 451
978 869
364 558
499 1472
253 1426
1413 345
1019 713
54 648
1025 436
881 290
1409 827
577 356
585 722
777 791
205 154
1412 692
1463 87
158 944
587 1440
1200 359
1191 770
892 576
394 1130
231 193
1234 1226
1235 1305
559 284
108 513
166 227
1443 751
1372 1266
445 839
1324 1004
1040 188
991 1463
258 703
213 903
854 714
590 693
1365 752
710 851
1442 163
1146 246
189 450
500 1007
620 129
1305 1058
49 553
1276 416
774 336
290 1474
1003 588
760 1090
628 1395
624 510
823 987
825 851
234 558
1444 344
884 437
83 67
600 1401
1463 339
447 794
1327 491
943 340
1053 1390
1271 626
544 1387
273 469
937 1330
1213 692
222 328
540 165
814 1351
569 269
342 746
139 795
927 832
1204 1122
1185 958
284 636
235 302
441 369
549 1373
705 737
979 1345
224 461
246 1367
1179 912
271 447
433 877
1014 134
1154 1219
1361 895
1130 966
598 837
3 1072
1414 979
241 862
191 385
108 483
1162 350
1123 753
1245 155
1472 1139
1221 451
672 991
267 1079
756 1297
1352 28
1148 548
281 635
1231 1480
248 60
1407 15
425 1318
523 171
448 550
1454 860
1071 1058
326 670
846 824
364 474
1041 990
486 1370
806 1176
958 193
1456 152
1225 1444
287 1326
1256 110
176 1057
685 18
719 324
73 870
44 1040
1417 9
59 665
1295 218
1012 495
310 724
1281 351
305 326
77 214
507 424
733 465
1415 1221
604 509
62 1150
212 925
381 507
255 286
45 1145
52 1019
668 751
91 781
590 133
690 812
1280 433
337 1166
692 168
1070 72
788 526
1409 1143
479 1217
1479 12
625 291
498 1040
207 48
673 33
124 397
195 829
686 1047
1029 620
483 336
931 115
889 104
476 651
628 263
955 1415
1259 509
532 654
26 378
871 801
1094 871
1121 1264
1221 348
744 1338
812 172
986 814
95 1222
25 955
372 109
709 1311
1426 810
413 804
1314 572
1395 23
955 452
139 1326
791 483
754 1443
726 861
858 569
186 890
796 1271
1071 342
321 1338
72 41
1151 104
1290 338
424 1082
1093 165
51 234
524 1333
1141 198
1344 698
474 407
748 790
1197 805
148 803
1085 578
483 1282
1224 977
849 210
68 954
1373 350
865 547
399 1495
1302 44
1425 138
1115 990
463 85
878 168
1249 1056
620 1087
232 726
95 892
875 457
1142 1072
1296 1138
1313 1191
101 720
381 248
232 1220
1334 848
627 81
1139 1029
52 893
1109 645
160 716
1493 1479
940 191
959 81
676 151
951 846
860 567
1393 790
217 383
555 764
1289 479
420 451
445 1248
958 1204
673 1317
237 131
761 84
218 1104
395 910
161 152
553 444
1103 84
989 1184
1134 397
1038 107
1274 460
1425 860
255 1028
239 481
588 891
1320 804
1180 1057
145 150
864 807
686 1347
1268 1486
523 1284
1177 289
756 1160
14 764
430 760
393 463
960 1167
1085 468
1378 1066
781 257
216 984
676 68
1215 392
39 723
828 414
274 638
645 415
562 526
427 1081
1134 89
1032 542
1237 1187
838 420
1344 459
77 509
1293 262
942 700
919 375
1383 732
1086 49
1265 471
485 37
1023 985
418 882
1237 1050
946 937
332 985
1402 1304
1236 1319
785 936
1364 1492
883 123
309 744
1386 1135
642 1080
587 1200
1101 862
866 1286
73 1402
801 1434
539 583
1254 786
595 954
720 512
1221 84
1280 904
1312 1490
1245 312
21 1428
1244 912
62 1218
124 1153
637 111
1233 1130
524 1211
1111 1086
1155 448
1017 1484
896 1143
1259 1028
1057 79
821 846
767 1079
645 593
1246 1440
1443 1373
994 561
518 1139
100 1458
522 684
879 750
911 461
1332 361
49 1055
124 617
1090 1367
473 1189
556 547
1196 1166
515 20
1045 488
889 131
327 1285
557 415
914 396
20 241
490 1265
1306 512
979 486
744 1198
209 505
754 1294
284 1208
1448 1270
532 1493
597 872
209 228
1307 669
303 702
800 761
396 827
1172 1001
718 990
1369 1142
966 1435
1155 1181
1397 997
1295 104
1343 918
350 920
97 631
562 1251
1423 1264
773 1380
669 1188
1045 248
1093 409
970 1035
770 335
673 620
1059 340
186 253
744 655
1029 1111
856 1313
502 736
218 484
121 750
30 1416
287 295
522 951
90 1437
177 708
598 824
130 502
801 897
486 1478
128 766
80 1369
1204 1155
1497 607
692 671
1036 1093
1223 1252
874 1489
896 855
964 1299
936 1447
285 278
824 255
863 261
1300 1486
366 107
1127 1479
819 865
1375 1101
98 690
668 549
769 756
1016 1165
655 197
342 139
1182 640
391 387
1212 421
268 357
808 1015
953 959
1051 472
1409 561
1417 662
1032 1105
685 440
225 1101
915 410
1188 1423
38 278
1143 404
1437 1411
1427 192
718 587
937 529
617 463
85 875
749 1266
627 551
1408 1452
969 1310
1216 216
816 1200
14 55
1394 1443
882 646
780 1010
1003 718
1055 483
188 1475
728 384
755 675
684 1282
1169 359
1017 166
838 687
647 1153
1306 21
245 625
221 1060
64 744
939 899
1048 492
231 162
1292 512
5 1233
585 1138
1497 14
1314 825
1410 1145
703 993
830 186
833 1093
36 881
168 297
164 1319
56 1024
658 151
329 259
1017 516
623 214
1409 1457
1144 878
395 1212
239 1136
36 659
392 565
589 603
497 883
1145 1267
1129 775
587 1134
1039 1079
414 968
961 430
570 578
1265 1354
372 495
1125 673
349 1101
958 602
967 1456
1182 1018
1093 1421
377 263
1033 1367
1292 296
1011 563
881 962
279 825
1066 194
641 750
1213 1415
295 375
1367 658
36 541
1476 1404
892 1006
55 663
601 725
450 1496
64 781
1172 1236
535 340
721 713
485 1450
418 450
1062 1299
1158 978
469 573
563 1182
943 1296
533 514
123 1028
1080 917
982 161
160 1406
263 129
406 74
267 956
1401 931
1193 55
914 703
210 752
331 842
1383 549
561 160
335 391
141 659
1434 690
1444 407
118 210
723 1074
581 480
518 770
431 806
799 241
526 763
801 1133
1236 1079
897 1100
1488 1479
25 1257
590 20
744 55
495 1108
225 866
1236 988
1323 1336
935 348
1116 353
260 1048
996 254
233 416
217 59
640 1239
96 99
1360 719
775 973
330 408
1325 247
169 614
581 201
572 640
147 819
363 1466
463 795
298 973
1112 1411
1293 106
148 174
1430 1328
64 1480
807 1146
750 1447
291 612
1373 803
17 756
1098 925
1443 408
156 908
139 15
1141 708
667 205
199 1140
578 103
935 1149
1231 506
1013 907
262 1010
708 763
447 822
308 10
1025 298
174 1262
1208 1406
1474 546
659 925
1152 1110
37 1468
116 1124
656 896
306 689
1406 801
1354 1067
656 852
1095 110
124 760
590 1217
75 1452
1329 1271
1307 1040
569 398
1317 1274
1317 1396
583 1014
1156 607
1024 653
877 745
936 537
237 137
777 393
676 1352
1458 1280
683 1063
1011 647
741 1456
457 1320
305 1224
867 424
1344 364
365 731
651 1359
873 1330
811 374
1040 906
80 888
146 32
334 1260
859 1036
483 677
104 293
400 462
417 1352
353 1467
61 385
1096 491
952 1339
133 633
1287 28
734 1271
786 664
4 777
1210 956
1343 1211
785 279
1425 711
1054 948
1188 1305
563 810
87 1400
505 1415
487 1124
955 891
1406 979
47 61
1316 41
786 167
668 355
1041 1231
1093 25
1307 860
950 1108
221 954
1139 176
1244 965
417 586
1309 1224
1083 1251
67 1001
778 1005
396 1499
850 1232
1233 336
702 1431
443 1440
1293 893
238 697
930 1337
930 837
1106 640
191 189
456 77
473 967
573 770
790 386
256 1271
1470 588
551 1191
58 457
968 1301
149 1115
343 415
969 805
45 621
896 67
1060 705
376 882
51 683
655 52
497 250
1174 631
853 1164
834 26
185 515
309 384
1335 820
819 699
1191 600
704 1032
1406 245
531 1102
1363 214
1351 348
592 538
517 299
15 370
1275 1346
621 1328
479 760
1170 135
579 67
907 369
503 1194
709 560
1424 58
435 444
1211 1077
1493 491
749 955
165 766
1306 280
406 980
1299 281
776 432
129 1417
1048 160
1235 24
1024 83
987 475
1120 886
1223 1163
1250 1319
669 1379
283 661
977 1367
132 516
39 979
340 304
1160 478
842 1400
365 1075
1441 337
957 869
297 1355
1446 671
1466 1239
439 459
1208 421
137 1078
185 1328
1488 1152
51 1460
586 1400
1067 1279
1154 351
42 1483
1230 1329
1130 55
774 320
40 1172
752 1356
477 454
488 623
937 595
1237 957
1271 199
1312 674
1022 61
53 191
1460 141
583 375
641 1386
964 187
1246 878
953 1156
335 207
706 591
969 1044
1097 1429
765 745
791 284
1232 159
1027 630
615 40
204 1288
779 373
65 894
335 640
967 605
775 1241
878 257
735 959
1303 348
612 1125
770 1486
1059 1262
278 739
1382 964
1021 546
132 1408
1462 772
403 1296
1295 280
92 266
1300 791
355 489
441 1067
832 1185
164 1084
461 756
359 771
1424 794
1107 522
883 277
457 1087
1383 1398
715 473
1298 369
478 1040
1384 576
1254 901
443 605
847 1129
149 933
1407 5
691 101
993 54
1396 51
916 13
788 1170
615 1178
678 105
779 1172
314 1265
433 16
650 1173
514 40
151 1482
1147 1089
1252 238
778 1232
831 1270
611 209
87 994
971 273
233 124
515 645
29 1310
363 1098
692 260
220 844
836 381
422 294
1175 1151
1134 423
403 1429
753 1370
1029 704
197 938
1041 382
732 148
1277 1223
257 114
1258 352
638 193
988 769
1247 562
656 85
1324 1432
634 1321
179 669
139 1393
1198 934
553 1062
548 779
573 725
1318 1131
30 1494
1254 540
348 633
1204 1387
1413 1116
235 471
259 1461
152 207
1466 803
2 700
732 471
643 995
558 369
539 1135
237 1059
1349 199
254 838
230 1014
590 1270
322 555
1301 302
411 7
65 1404
1373 1317
1457 354
63 524
1458 831
1116 1003
518 1028
1054 1205
819 1445
533 542
102 62
415 158
245 909
678 21
834 431
84 438
997 139
275 679
1088 834
671 946
1292 1396
999 389
1327 1149
1057 523
844 1467
811 1302
542 883
1159 959
41 22
1195 824
817 1050
372 597
448 878
146 194
654 778
909 332
520 846
910 69
466 448
825 1256
608 1500
1281 101
1198 388
817 969
746 1032
146 990
1406 312
477 914
351 356
1202 941
37 1363
941 955
1088 1422
124 138
535 1283
445 368
106 641
510 1245
1045 842
326 840
1327 692
809 954
1413 45
571 655
1300 369
1052 1215
307 172
1440 348
253 620
1078 446
21 915
746 923
876 1081
451 1289
1181 1149
433 1324
1258 242
1315 672
965 216
976 682
699 1434
1268 1262
622 198
461 1445
970 191
1171 252
1498 286
1207 549
1152 501
1258 933
320 1352
894 737
281 1481
529 780
115 201
1490 925
1422 127
580 1077
988 36
1300 480
237 1180
963 300
192 208
780 1242
1175 1068
10 164
1031 904
581 495
841 197
474 1094
1500 517
1024 1411
1075 279
650 1336
302 459
834 16
980 922
710 1319
148 901
765 1063
189 547
1448 1384
269 164
143 1311
1153 471
1138 718
1106 52
267 1231
772 515
1333 1431
1311 1415
482 985
401 1474
829 679
1066 724
775 1402
1173 1422
775 1208
344 1097
503 299
403 1407
365 1401
1077 905
1450 615
627 482
914 970
1385 187
208 614
470 720
163 809
33 677
697 520
113 1200
623 504
1182 110
201 1372
1277 132
768 605
143 781
153 818
457 1317
604 1277
1278 271
824 501
91 1263
252 1245
187 937
463 242
191 718
1248 16
101 984
18 7
1201 1031
1314 1315
418 23
1465 1464
117 215
507 1356
1331 537
651 1073
1210 1303
1065 580
86 52
622 1454
132 1263
407 813
1499 443
1349 82
869 512
435 160
371 1152
1052 777
665 129
1227 1463
540 1222
588 322
738 761
1229 48
643 245
961 414
896 184
515 1301
1164 46
98 739
678 42
992 1018
358 327
629 1009
195 303
993 802
717 13
1348 840
822 813
336 871
390 613
848 976
143 352
1381 213
6 297
750 984
1295 845
1040 1183
87 849
449 816
1236 1468
728 758
597 696
918 820
651 1462
1139 1483
211 1159
964 526
1340 1164
775 657
15 305
564 1195
1126 1366
527 234
1386 1158
118 1382
124 417
1052 733
2 3
98 748
1077 969
549 538
109 1296
300 583
389 272
667 1226
109 890
648 1275
1041 1413
598 394
702 137
1015 528
627 1197
1478 1277
1102 539
768 749
1027 582
942 367
478 75
1356 1498
1192 387
649 262
518 1475
655 764
917 1013
592 873
1337 1275
296 1136
552 1381
749 1188
1494 1316
585 11
1095 376
355 54
1060 921
1249 1189
194 1441
811 23
131 1357
744 1265
670 1219
241 1094
977 199
466 423
177 1064
1233 752
321 1217
16 1055
179 415
1019 862
720 1470
602 903
1271 927
603 1248
651 1312
423 680
380 874
9 929
1163 482
1072 670
512 1367
263 1395
1153 1071
609 963
1380 520
1058 1273
442 1425
1119 256
838 361
205 624
708 1183
512 580
1434 311
753 234
822 1067
206 559
1342 1202
866 1299
1140 309
1421 957
802 607
596 1250
793 238
1316 928
1245 1015
1223 825
12 1026
608 565
654 189
24 813
1468 539
41 36
651 1200
694 127
1056 308
855 51
1053 1275
846 1437
535 1395
218 431
1414 451
1159 934
164 1002
1386 567
666 1157
267 650
499 1158
256 179
1194 590
1132 187
559 1279
359 363
977 453
519 962
206 625
464 877
666 724
1244 1055
848 911
799 387
1031 619
1425 249
204 555
1379 1134
233 319
955 75
162 415
390 1108
153 92
1256 1134
39 1267
935 211
665 980
567 471
404 764
1110 387
1349 806
1066 794
1187 502
983 376
958 396
135 1030
1228 1476
287 797
630 401
820 1279
82 295
893 1207
470 819
1483 416
1256 910
931 1032
919 939
1186 917
976 217
1183 1481
138 1048
1340 1046
1011 1165
130 580
1264 1112
939 602
771 1361
576 742
451 866
972 373
1483 873
1114 583
815 1261
14 734
1415 517
907 857
473 64
1167 63
149 326
848 668
843 1248
1305 363
161 490
836 989
442 341
442 507
714 1315
360 1202
1111 273
1133 1042
3 1169
627 1012
667 291
1335 1235
599 945
643 337
1427 53
735 1467
161 614
1067 754
784 647
998 1196
1037 811
412 1350
84 1302
1127 655
1325 1003
396 750
1427 762
1065 667
1473 1179
534 463
1311 1136
740 532
68 1072
1175 1143
17 285
439 37
1356 803
58 52
1014 629
1473 1035
1353 99
541 243
1430 373
1467 447
1235 563
1346 290
1260 1289
796 164
27 613
412 1394
757 975
1226 1074
159 180
899 467
1452 398
574 392
1179 606
971 1495
661 1471
351 343
468 1267
721 1358
1236 181
809 1320
840 509
15 727
209 836
125 933
1346 550
1420 668
1030 388
1015 384
137 842
998 733
185 108
610 139
1306 808
1269 771
1159 1085
1033 526
301 1391
613 1116
510 797
983 999
1355 1359
172 1131
870 1398
424 628
1267 720
1129 822
1399 1440
251 1400
133 842
521 359
974 630
714 7
337 1164
105 1383
885 149
694 1049
469 897
13 1013
1323 1479
705 93
712 695
319 25
800 946
1207 69
342 1140
11 434
261 441
1044 159
480 1492
932 1500
567 100
444 1340
1075 435
379 507
1053 984
1304 1366
1173 563
465 1225
589 544
147 89
1215 472
707 728
1106 479
530 210
301 171
593 506
1153 475
692 1052
1490 208
245 1135
1499 760
1227 1165
641 1431
783 122
765 1139
349 407
713 1114
156 1104
1377 563
760 1160
834 1370
884 971
582 1003
411 1069
913 429
1385 1137
1476 438
1450 1292
748 827
1419 547
1134 546
522 1089
592 562
791 606
1294 262
367 73
1077 476
759 1185
988 356
1044 411
1354 609
202 1165
879 451
1494 1341
630 766
1409 1243
1082 490
917 805
1040 567
14 1030
1464 1443
1025 809
536 1170
372 115
1317 77
1419 626
19 1278
289 123
1491 174
458 1242
1195 592
751 1172
154 602
98 518
784 674
116 120
812 1223
1224 632
717 655
1070 981
906 1351
1336 130
621 993
440 363
181 125
718 1022
746 1371
875 777
710 387
942 1059
558 1218
1122 336
1186 53
996 603
1097 160
94 1451
1210 37
980 903
108 1065
1338 185
1473 225
1231 1272
1200 1492
368 718
765 1293
136 362
1024 1256
678 1355
1250 1026
184 612
387 669
379 1141
503 636
1042 293
431 366
1167 1106
243 40
1228 722
370 1070
747 1067
689 139
644 154
1155 172
166 763
860 409
1212 652
109 493
57 1383
1015 19
527 713
1280 758
700 124
986 274
1021 395
373 775
1490 1416
1236 1117
511 531
1355 337
383 1148
1244 1048
677 1396
420 725
528 3
1249 173
1345 390
1208 920
284 1270
966 147
32 1035
972 537
1015 97
823 421
567 183
184 1166
917 520
829 954
816 972
1189 931
440 1007
570 251
287 1441
1124 1391
639 817
1464 1434
402 71
258 651
1218 1352
1215 1048
1473 1364
579 1184
836 983
1254 896
1486 1299
511 1213
807 897
162 1353
1270 73
538 915
908 1075
1226 44
846 359
114 728
1229 1301
1128 40
219 89
1096 749
173 1401
155 924
347 981
499 767
3 638
239 525
694 278
508 822
1263 1307
1313 865
893 1130
427 653
711 266
1088 553
958 1097
1256 259
1079 45
177 728
1098 683
887 1202
822 608
367 338
1230 37
982 1386
299 525
756 349
111 445
1353 1330
290 175
394 1111
1078 1377
972 1136
328 1292
79 791
676 1056
645 644
1146 127
1081 1499
751 1122
102 101
466 275
703 1281
536 1083
1369 76
868 401
1158 803
1471 1484
1120 1211
506 962
629 1464
1486 545
401 1135
1205 582
70 1246
633 328
1478 442
562 346
1078 79
1475 617
486 421
274 1456
805 83
532 920
1466 1299
663 978
675 433
434 118
941 1233
1156 342
493 950
1024 440
573 565
1044 869
1386 424
670 410
840 1383
188 491
34 1472
627 553
1012 934
124 476
842 445
1164 498
1251 876
1434 879
126 1047
40 301
852 109
684 913
1174 901
1435 315
1496 1157
141 299
393 555
354 204
649 1363
1376 429
1101 1116
94 434
11 787
437 304
254 573
1033 1280
1438 896
1410 1389
266 1120
1251 744
1213 690
1323 1347
707 50
318 485
1430 246
22 985
665 1358
838 965
559 869
1107 637
239 860
590 1
347 1265
233 183
603 331
406 596
411 112
468 744
1111 475
1394 1067
406 531
17 199
629 1451
1286 1156
397 1244
545 1343
991 1144
1340 111
1059 932
323 251
596 1345
619 831
475 1266
5 1469
53 944
1160 343
1253 310
975 500
1329 739
292 59
1203 954
1498 421
1343 50
751 170
1198 262
309 1073
652 667
1447 212
446 1179
758 907
694 264
75 427
1054 491
1181 1203
1484 1320
29 1090
153 1213
1255 1359
431 1247
1490 625
463 488
1011 457
231 573
534 726
1422 402
1297 1411
314 1271
173 907
1338 149
1414 81
460 274
1499 613
1087 737
606 619
439 958
541 466
146 376
1352 1108
1089 316
633 1032
651 109
250 836
606 1132
42 24
765 358
299 482
1050 79
414 764
816 550
1439 495
1405 926
1094 41
590 515
263 1166
1426 682
1110 1070
39 1144
1314 1358
358 834
1338 1467
622 1177
420 651
1128 652
950 671
237 46
1419 153
171 1152
39 1415
797 1132
1213 139
1445 483
684 1228
43 1225
1423 57
132 658
1146 1177
1084 1270
1406 322
1264 968
1212 18
170 568
557 15
1246 927
656 634
617 364
1488 1331
1392 1288
1343 146
1275 241
1364 809
1222 1443
977 272
1448 1479
964 1405
1499 456
731 97
1019 326
641 143
1446 104
955 660
755 487
1183 182
405 725
164 376
931 263
694 322
930 1481
772 1358
594 781
542 602
180 139
700 1257
1040 405
504 927
287 487
1306 1203
803 1452
207 660
1469 677
722 1223
630 693
55 136
754 894
1433 1485
558 567
241 1183
1357 1262
41 488
144 600
1093 93
556 975
845 693
972 83
474 137
232 16
754 1169
542 1379
362 1427
735 1056
1490 691
1227 594
1364 283
580 1129
1072 767
828 1044
1328 196
10 921
830 1236
828 577
1286 13
1382 1176
1154 416
989 310
611 631
380 1367
202 1423
575 1301
867 1138
138 31
269 787
1244 812
513 1123
1410 1272
951 658
553 1342
1415 57
307 1379
1016 878
1416 1346
1111 1089
1435 984
222 1380
764 1030
1179 279
1323 88
1070 954
1092 353
425 96
517 196
359 1034
952 889
480 367
1202 1069
628 1457
619 1290
945 935
146 890
665 1480
1007 1461
1074 108
395 874
845 858
1264 1254
224 434
298 1387
331 1084
217 1407
681 340
928 1251
900 231
781 1319
510 139
534 791
1271 318
672 1023
875 588
1386 786
122 70
503 816
524 1363
1142 548
856 455
458 45
885 952
246 230
672 516
12 1303
783 1412
781 1206
210 676
711 283
295 751
623 1145
603 139
1427 181
898 96
692 78
1032 1234
600 1040
209 458
701 1001
714 1070
973 793
153 1043
289 1440
231 895
760 1089
895 410
1002 53
1082 302
1140 622
129 887
846 1346
1030 1388
437 23
272 610
534 236
1148 648
688 375
836 960
1162 264
693 1457
1009 967
658 1238
70 245
241 990
247 564
1465 792
626 1168
487 1432
616 1289
181 1206
136 1378
638 487
302 883
563 231
1349 138
909 1082
1258 279
328 1461
372 889
1267 1062
665 488
818 1354
486 380
1157 23
322 930
817 870
863 589
431 303
1234 944
1499 446
804 971
579 664
316 882
1153 331
807 1369
238 751
1121 972
1176 1214
574 498
1148 1224
1325 1137
1260 518
1000 940
665 611
216 90
884 992
1370 117
254 1438
374 1036
1312 1358
1007 17
1348 1196
1084 1429
1190 963
1197 487
1494 1008
132 1204
862 1284
489 524
1290 175
257 148
854 203
319 453
1108 578
1133 1298
63 1107
764 113
879 1214
868 1140
821 22
859 561
273 1218
1136 986
1443 599
472 1111
219 1329
480 280
121 780
620 1500
431 1133
1067 358
1092 636
1067 189
1497 1224
371 411
1461 798
992 349
455 1375
4 207
594 1181
517 422
376 846
749 1245
328 1374
436 1028
404 1058
770 938
1092 293
1331 1189
490 823
1497 920
42 724
189 500
662 870
412 887
1377 774
1387 429
1377 913
276 1136
160 965
55 259
1291 485
1110 892
258 182
1365 810
268 747
1460 173
232 791
1005 1305
834 1040
652 646
1122 344
1238 784
921 1048
1086 1375
1001 255
266 859
976 1384
1497 606
792 966
439 194
1321 1371
290 48
898 713
156 1075
1301 557
561 1473
1362 948
922 1356
98 751
1442 487
239 270
980 1250
730 1433
1157 1367
324 297
755 935
1299 748
362 448
718 527
287 304
9 36
18 150
1132 637
988 959
846 1359
1492 328
1302 526
305 994
1179 1184
393 759
563 1120
1209 571
1468 33
757 913
1298 263
968 1431
28 1234
448 1294
1010 212
643 931
1226 384
393 318
282 1332
546 445
565 830
18 1197
149 135
1319 664
1413 595
474 511
1287 973
202 647
544 1046
317 157
234 808
291 982
150 977
112 1478
810 1484
1398 1098
521 203
191 699
1226 833
1339 684
409 1138
1217 713
532 232
182 826
562 509
211 520
854 1007
497 578
1417 1199
930 426
1255 105
289 969
763 1078
1348 844
210 463
180 321
782 1041
575 789
655 677
34 555
45 1334
1222 1297
116 1221
20 434
217 249
169 348
953 807
807 718
126 835
505 1348
716 64
951 746
510 592
1142 338
1242 432
773 138
507 374
1484 934
40 351
548 1141
784 1236
735 1294
780 960
1165 525
836 532
1187 1223
633 201
1151 1042
1426 1452
829 329
654 376
1148 327
1078 353
215 510
616 625
929 1313
815 1139
40 1346
1079 1257
1110 1250
1235 1326
33 1314
317 1425
744 1315
1250 1457
353 1024
987 217
66 126
1047 402
1175 168
834 1490
1208 1277
18 615
610 987
396 885
211 737
752 1360
1460 1063
396 349
1355 848
286 1314
480 1056
1037 1384
1095 952
786 97
434 154
192 419
1124 773
328 1460
983 229
1349 50
1302 510
471 840
1159 15
734 377
1071 641
726 908
53 1121
908 1365
1499 1435
1287 1084
110 1043
652 1443
578 793
1195 377
1006 219
723 1484
345 578
828 650
1438 10
894 864
104 642
881 1494
960 284
635 403
1239 1460
930 484
630 975
183 1083
897 1277
257 1442
340 135
1342 1212
264 1395
342 1083
613 1257
482 1495
898 783
1184 737
866 135
295 1267
666 91
214 28
503 1190
488 919
569 881
507 409
1456 56
765 1246
1374 402
458 339
1313 1294
1336 1245
290 1212
1419 1477
14 172
932 17
864 1341
956 850
476 28
545 1250
82 1478
1289 167
870 858
522 1157
455 220
705 1221
1477 995
265 1043
811 1490
490 657
1228 917
1326 200
774 204
628 958
645 661
760 1204
1013 1350
1299 251
1142 981
1143 274
215 451
996 746
589 62
580 644
189 695
921 398
573 1032
761 156
1103 1126
90 305
686 1057
1350 1166
705 838
1120 1099
1181 1269
665 448
523 1381
834 765
482 33
1367 1061
813 320
1355 1191
728 203
524 518
647 1034
1286 447
1016 1356
731 1276
359 390
1494 1291
402 827
860 56
1174 1313
106 575
726 811
1408 1097
498 110
1057 973
149 524
1373 174
1471 303
779 151
1166 422
823 1197
637 1475
439 316
1034 125
1004 1497
160 1194
819 1075
476 96
1492 1045
221 255
143 551
337 614
66 767
262 1491
254 21
1176 560
1049 1154
633 1275
1436 302
383 772
72 696
1401 226
1334 378
1229 419
143 25
188 1397
617 606
639 461
100 2
1136 673
284 71
667 832
535 1359
745 1284
535 1369
81 833
1246 1056
167 1432
959 950
657 608
769 1390
835 993
1143 385
1206 1338
405 1069
1022 987
570 1439
1211 1315
53 233
317 1439
154 150
1016 915
470 548
150 360
1021 152
1298 1427
1223 40
1272 745
1053 1270
158 492
78 687
15 329
594 378
210 514
533 265
422 82
1178 1221
595 170
10 514
3 195
280 1321
1065 173
43 1170
1294 498
1350 868
1390 1471
1054 411
158 834
257 1280
1400 277
414 534
1482 206
397 944
1310 352
33 1250
333 608
411 121
731 991
612 980
79 295
57 495
147 76
466 413
234 609
1429 36
1420 412
161 1267
738 174
1339 1089
623 770
1331 500
1101 1144
1402 513
768 853
10 1189
1232 1089
547 67
141 1095
801 277
1380 171
717 480
880 18
1433 140
1354 759
414 1219
1228 727
1160 956
351 290
53 323
188 986
1014 967
440 471
698 64
1320 1339
547 1071
852 944
310 667
1122 952
1086 1045
77 641
1008 997
94 313
1437 794
783 1139
941 712
935 642
1023 161
1281 1442
1204 835
1368 1181
84 1311
794 1223
475 824
763 325
636 590
277 1139
888 189
1157 644
773 371
1217 1226
721 172
260 562
705 1139
681 641
837 522
1240 980
1221 1462
165 1481
24 477
655 1346
1064 99
1440 213
63 854
89 1093
941 1293
1092 960
361 760
1116 82
316 949
922 1385
143 1406
1361 157
729 6
851 329
1278 749
1118 407
509 1344
443 1233
1120 420
334 92
407 1117
1166 389
1106 130
960 257
845 320
1438 1325
752 564
1160 1351
272 1304
1318 288
1171 560
1475 227
504 545
1246 1204
459 1147
535 792
801 1080
617 468
779 308
749 1436
207 1230
1249 1326
1104 1402
1030 263
1211 5
655 982
150 1002
55 50
312 1174
929 1045
292 1127
646 674
1483 668
978 1330
248 1112
1146 490
978 1376
1265 856
377 966
1410 1117
565 667
1338 746
772 159
655 609
625 116
1227 1078
108 52
781 205
1167 51
132 442
658 1196
1118 280
931 866
244 1326
1137 559
1167 392
586 568
927 1020
339 20
1108 1464
1027 1273
694 1499
474 1410
1097 878
803 880
1085 1485
536 347
1064 762
997 597
568 1253
456 656
476 1360
1383 1235
369 921
462 599
685 1126
567 463
1036 181
503 1058
985 244
1266 754
1227 742
882 881
1425 843
72 71
271 60
984 1495
1178 819
563 607
1233 937
369 1317
425 1436
1452 1216
314 1100
849 1182
575 576
1057 723
72 942
777 713
1073 1491
445 618
438 848
1151 1447
189 1318
626 1342
1439 963
261 1123
371 990
1086 1050
440 711
482 1071
729 206
675 86
1446 649
147 629
188 432
867 440
808 357
464 1180
357 436
1001 1347
563 304
953 331
268 674
34 927
481 771
950 578
1316 221
780 323
1395 476
1417 447
482 495
243 1430
1244 998
533 1038
1042 942
1229 672
305 54
1168 1367
55 761
823 247
1307 1385
1208 770
925 130
875 22
1302 434
878 1311
899 918
1453 1355
318 501
1342 1251
1304 431
1484 882
1186 809
1055 235
69 447
504 748
1459 1010
477 952
1392 151
1490 1124
1430 1015
957 817
885 97
39 1329
1362 889
1377 221
532 334
1498 426
1079 1139
1417 1471
1460 97
685 521
1354 1104
734 1464
1360 1014
524 1141
614 1332
511 556
636 100
1453 1384
596 926
196 657
1100 1387
1253 741
976 1187
781 1058
1273 734
378 223
1214 78
293 1489
1198 563
171 640
270 1059
168 602
1313 1478
1267 31
53 513
167 1218
111 506
890 1063
986 1199
840 1201
1211 1172
946 614
845 18
504 1236
1208 554
247 866
1395 1009
24 1127
198 965
173 387
540 576
824 660
1061 592
1169 375
688 250
94 1431
1175 98
1143 1165
1362 1499
1152 204
117 764
958 1203
992 23
446 1489
42 1276
1214 939
945 180
5 961
911 259
701 1230
278 980
1011 805
528 221
339 1220
1158 1269
329 882
1081 1415
823 210
146 1307
235 1369
518 844
323 388
1469 686
1020 154
1280 304
220 623
228 1397
795 330
990 195
259 1265
972 336
559 550
1185 644
1285 1051
1483 1134
999 209
1000 279
284 770
1087 320
643 534
485 1276
1076 1191
823 73
385 879
49 393
247 957
552 612
1405 47
1476 376
373 67
1213 145
1046 1009
1483 178
1269 64
87 876
423 915
464 1169
742 477
426 412
995 544
782 367
1303 295
726 305
400 666
858 677
1467 738
552 1043
456 1221
1195 1121
34 391
1106 1476
1143 1137
427 161
542 630
678 1186
303 1208
764 1153
1474 985
867 723
312 794
236 1369
603 183
62 1095
45 124
1025 101
990 510
19 1114
1093 333
438 1178
455 778
262 231
1226 12
731 772
466 1375
1426 738
1181 772
905 1450
436 699
353 1475
328 1022
288 92
634 553
1050 845
1259 855
1291 98
279 848
442 679
952 655
312 1386
1369 1186
132 591
1247 1035
857 1174
440 186
576 114
362 1208
996 1288
350 866
1200 789
1170 650
1408 744
196 749
1258 335
1134 1217
1092 1046
523 1084
521 740
1013 204
241 1255
1196 580
1439 34
822 1095
874 859
48 701
1322 887
1440 924
779 492
367 1029
208 968
717 1359
967 990
185 122
1253 1335
720 956
88 854
1220 1236
1087 1339
133 603
330 1192
218 1135
1447 293
700 626
684 998
664 195
1258 354
1474 1394
641 463
550 442
425 1023
986 294
1081 876
968 84
801 524
957 650
925 326
1378 1474
48 817
455 1094
357 327
223 1012
316 653
384 512
788 842
26 1337
783 30
439 317
572 187
619 244
519 1258
525 1433
1277 738
1099 235
21 431
1255 749
3 791
970 457
779 1111
154 1130
689 1492
1280 1028
976 460
272 348
1477 906
43 1412
470 1162
1076 288
706 475
74 578
1114 1359
602 1071
665 1049
141 1034
1364 1034
424 680
549 1390
146 1373
160 1060
1002 50
902 1003
1046 999
890 814
415 379
502 370
1150 402
963 690
1130 843
1487 327
307 574
498 61
90 1203
242 334
590 1439
556 1290
1478 1142
380 271
1372 466
520 650
1498 1264
43 1133
579 1020
19 990
1364 222
1426 20
615 934
1269 120
167 111
958 523
1310 1087
847 1058
132 717
1022 1138
1000 333
562 286
632 1209
1060 113
776 36
1199 544
911 271
1213 819
1414 261
693 1283
793 455
928 917
475 396
1377 256
515 811
984 829
416 1107
883 1286
746 1354
1054 991
1199 577
309 1316
1269 1463
1392 982
1020 960
1251 142
186 1231
161 1380
561 1275
686 725
569 563
198 1398
838 1089
1040 466
889 748
807 741
1002 796
587 987
52 1141
355 1168
788 690
1314 1469
1455 41
1012 840
975 888
243 251
584 1057
1177 1306
187 1102
987 1322
727 1310
1482 708
882 332
233 1255
462 326
467 297
44 208
451 1253
828 1158
113 521
131 886
1443 1340
205 483
12 506
923 227
139 1334
548 905
715 1069
1235 422
1069 930
889 1409
1475 157
346 954
1156 196
1385 1233
1176 1283
175 250
1342 710
732 702
1035 85
10 1103
840 1430
1262 501
1259 599
1228 1254
921 874
5 1459
636 905
759 195
1355 1183
361 588
458 50
296 947
961 1067
281 221
427 1230
111 359
1095 1487
592 473
373 137
767 575
1237 1365
1140 184
784 723
851 956
168 850
810 919
258 78
1114 1470
211 25
1392 182
1446 1195
1164 1414
103 1131
221 142
897 1089
490 158
159 1162
508 1431
302 664
1158 1284
1374 550
1438 99
1189 1491
521 870
1468 954
420 905
827 563
1071 1445
1260 904
382 663
1215 1262
506 262
29 1436
1411 1189
611 380
1220 20
1181 1277
306 372
905 710
1412 1420
1036 401
1378 1083
1451 250
1241 1420
1087 60
195 637
792 992
731 1243
346 1149
267 621
1217 320
1312 491
225 85
826 157
913 21
384 1452
344 666
362 315
944 1271
818 562
67 377
1131 268
867 715
1013 1143
539 404
1153 532
399 1030
947 586
106 1169
797 515
454 1241
73 321
1088 461
1124 843
1473 244
717 156
1148 273
320 203
1225 967
203 1328
1231 557
692 97
517 1428
1409 949
49 1440
141 1109
1122 859
1315 140
1318 1250
999 1312
1091 580
1324 205
171 922
472 1194
765 1348
659 1190
206 412
1202 437
1208 992
682 479
10 796
1128 84
1320 890
718 1044
52 677
945 12
321 1060
989 1274
867 1407
420 1206
859 58
739 1146
713 953
313 1276
1455 1500
1289 368
103 1080
419 651
1460 681
126 962
501 870
804 407
767 794
1105 451
1236 332
1116 39
495 129
4 332
622 952
546 245
750 1130
724 1102
606 1120
258 235
1302 718
618 577
501 137
1273 65
381 959
1032 579
135 1481
1132 1400
438 193
1054 747
39 789
541 1420
1165 360
445 1418
1490 656
276 632
883 1012
1011 98
353 806
668 229
1088 1331
865 1258
150 1354
928 442
1031 946
1456 576
496 1168
22 446
317 1265
685 47
692 680
727 509
1087 1443
393 756
1320 349
1157 51
695 55
1206 685
228 1167
779 152
1395 185
784 1330
1148 1402
137 447
1402 485
912 311
3 1132
981 246
536 722
552 77
1023 259
563 56
518 801
157 508
846 1084
886 963
460 536
1308 1046
383 321
581 151
390 528
1098 1254
447 668
1031 560
1472 895
548 1338
580 170
563 176
1454 878
23 166
574 217
1033 1447
1472 461
609 747
1017 207
743 924
567 1466
682 1445
1476 1392
685 75
410 1337
176 77
237 740
1150 1250
174 123
380 124
443 198
356 1315
1487 250
467 518
27 554
1327 545
528 471
1110 12
1203 892
711 627
1411 24
1470 1158
1202 303
505 991
430 775
1308 137
1181 804
1147 151
835 65
165 198
548 1308
425 232
181 1047
60 802
656 119
613 1265
964 664
341 413
899 322
19 101
854 1218
909 61
317 753
698 1093
1225 885
216 1127
1481 274
1443 1262
1485 260
372 1045
226 131
202 930
662 1472
1488 1104
719 968
1280 775
340 671
210 946
595 18
1031 1157
1401 1000
524 389
1058 1170
1077 552
36 1281
983 150
1011 1420
906 760
1342 1482
99 94
936 1400
1401 960
1016 519
1328 884
365 489
567 147
222 921
926 1185
609 524
1428 418
1139 1322
555 934
1420 346
264 59
247 885
92 1082
715 427
1311 1224
711 1382
204 49
131 648
1421 818
1184 1352
809 286
939 654
1310 958
684 362
644 1495
17 1444
1396 1232
892 93
585 948
768 997
1052 735
417 1102
437 1263
1249 583
681 1186
1019 1484
982 450
701 1441
1193 1106
1068 1138
431 715
717 1158
430 1245
262 1115
1085 824
463 37
947 1420
1165 1076
823 633
1194 1291
551 1439
1230 1070
687 1184
210 216
1017 124
691 1178
291 124
326 306
575 1436
809 179
797 1254
20 7
89 114
456 963
319 1410
1064 176
744 1293
23 1118
359 604
1093 1213
300 610
189 765
296 1233
1462 842
350 935
293 536
120 802
510 117
960 210
563 405
344 600
1073 1317
551 332
372 891
1059 150
401 1040
912 758
1166 1207
679 2
438 434
51 12
905 1499
1114 444
1430 1177
1243 937
224 410
1442 154
790 362
345 1472
1258 213
1345 1138
1003 446
729 598
997 1374
99 1142
1114 319
590 1230
611 635
1267 1140
1056 639
506 355
416 1403
157 972
171 209
1237 693
1361 629
172 1405
155 391
669 721
564 119
1412 11
237 677
852 1484
877 1269
764 1298
356 1132
94 1124
1118 672
926 706
1291 51
687 1344
1132 1011
685 1197
1 902
770 87
677 557
1402 252
713 1327
337 308
104 17
180 1042
1382 423
1394 237
1316 224
1076 920
1311 335
467 299
29 1486
194 515
536 1184
539 1219
688 126
14 422
760 1497
319 1261
768 750
591 481
573 653
875 1248
1192 1359
1204 162
548 803
1126 1108
206 671
434 40
1342 884
1369 743
455 986
1155 1023
487 288
388 271
544 400
930 401
1455 138
1047 1351
507 635
1493 1464
168 1179
1291 845
860 278
1105 666
653 1487
659 114
801 1358
358 812
622 476
1443 1098
1310 388
1092 307
438 1333
200 264
1149 1165
895 2
923 1292
1134 1420
887 970
800 42
94 885
121 1120
517 718
1153 493
1245 209
1429 334
16 158
669 152
555 103
238 577
1350 1324
950 741
491 146
1104 107
955 971
574 1461
1337 181
11 114
1436 1065
198 1218
1091 1077
1100 1135
1047 1213
1146 907
957 719
803 476
773 970
699 555
631 80
764 748
1199 1262
375 466
210 1279
1202 350
358 691
1345 88
214 511
1027 294
59 778
702 187
150 290
889 679
856 523
841 1038
490 183
418 1282
760 383
1116 316
428 296
1269 345
587 878
640 1221
320 881
551 1397
944 905
213 1362
256 403
1263 1305
1233 1196
736 532
301 342
986 212
550 93
1100 453
560 256
941 1483
394 464
293 883
1202 1200
98 633
1293 865
948 979
1021 1251
542 38
1117 1189
709 27
452 426
897 412
1413 1213
863 68
258 1286
416 981
57 1045
708 856
135 291
1276 258
406 70
1307 934
1081 1358
115 1225
1475 261
1146 639
1159 1049
1233 1086
65 765
598 1191
280 421
122 742
947 1070
401 662
710 685
991 405
979 114
366 191
1352 381
877 53
446 692
781 360
1322 1159
130 1313
831 668
972 415
357 917
838 198
1272 1204
1171 1335
880 1305
1275 186
719 1077
268 671
103 287
553 1248
499 1223
1031 1377
984 110
923 17
712 545
1159 309
49 447
1457 1083
603 921
1156 1440
780 1165
3 1236
1179 834
235 429
627 1356
265 71
865 473
33 851
820 602
241 615
421 684
1329 365
74 93
234 318
322 799
481 261
358 1115
753 1252
266 1050
113 626
1295 1200
367 1109
1276 512
282 1400
644 279
133 553
1464 1448
1191 230
663 1157
475 1397
1158 187
875 370
103 1381
1121 495
828 901
524 1227
1255 743
588 623
1381 1153
1171 1134
232 204
416 68
1473 134
973 869
970 1304
1265 723
1318 245
865 209
1139 100
1043 1266
465 195
1272 981
491 305
1158 74
1491 1073
1294 269
1305 1111
34 165
616 602
35 52
1388 522
1093 1037
983 1409
179 282
411 1409
492 835
1191 659
82 339
1210 1222
429 545
844 633
1040 1333
434 1279
680 157
968 673
305 1454
117 868
821 1011
1487 484
1474 1264
511 63
1124 927
832 855
1267 1007
479 411
846 4
1141 266
839 955
696 941
973 142
1067 110
756 315
1397 1154
672 801
1323 260
1224 467
1197 842
1292 944
26 944
1457 991
139 311
280 795
1130 276
705 593
367 656
729 1133
1459 514
1207 975
399 179
1363 1012
1103 1325
212 35
300 783
775 43
1070 268
1359 929
1498 1387
227 515
751 374
1390 77
1227 509
1425 1127
653 928
950 1070
1336 71
776 962
1023 1247
1231 1408
83 250
1245 1061
880 1039
457 759
136 394
1415 1242
1260 1180
796 261
828 572
1232 66
205 1305
929 872
388 1216
182 1224
1434 464
419 1394
83 1326
607 1048
456 1412
815 1319
100 77
233 1469
1068 1456
1033 371
689 208
214 880
94 201
61 1217
239 983
317 746
774 559
1463 1401
572 888
388 274
1185 1148
506 443
1443 507
264 1173
1172 867
92 1462
67 1073
436 1408
1386 1347
1109 274
1309 1343
114 997
865 1250
356 402
1057 1104
80 490
345 451
1450 1366
222 478
984 544
188 456
974 190
1491 313
549 277
1263 384
649 1041
254 213
396 427
1384 1434
640 699
52 1129
372 92
1026 1360
1109 156
1190 1071
1334 1492
1388 437
258 1043
1186 361
973 493
762 555
34 619
465 808
415 366
663 1378
1398 429
35 911
842 1263
477 359
1261 1409
146 1396
181 371
360 666
800 304
1423 1448
1253 1347
1075 817
659 941
875 666
1424 1197
81 526
1294 829
759 1423
1001 1101
1298 841
957 125
1121 85
1053 1487
579 640
537 127
1169 788
395 275
1246 461
36 1037
348 1011
1494 1447
712 1196
537 233
1212 161
1086 1185
476 302
98 868
578 1061
1175 127
1411 763
215 1032
1395 889
1034 465
1402 492
686 969
1020 164
465 1362
442 610
878 543
1350 1412
231 543
585 1181
591 1266
558 505
698 1027
302 846
629 65
578 784
299 1053
97 750
672 1467
1263 933
70 705
548 1400
1113 990
1401 685
959 151
1351 23
692 315
1301 585
1202 1406
1089 805
1344 143
930 529
1484 1159
1465 250
406 25
1452 917
235 616
390 1339
655 1137
828 47
63 506
587 47
665 807
551 564
1427 666
728 770
10 14
667 1435
1004 1047
1495 416
809 1038
1432 473
1283 23
519 606
1155 186
296 859
1189 478
1225 650
1391 438
252 158
1078 1190
258 970
1354 490
705 874
275 38
830 814
880 1162
1319 1212
1263 266
37 987
613 96
45 1469
1451 1228
584 296
1489 1397
655 680
18 1310
876 816
112 752
267 708
1106 326
968 413
699 1189
697 343
1389 1401
162 1475
769 731
479 1016
889 560
1338 428
659 542
1482 894
808 1074
1399 1318
1101 310
10 818
268 628
1487 1060
1087 510
1386 258
264 236
539 940
516 1483
774 1396
1433 67
777 862
950 31
419 1391
399 979
457 700
1448 974
862 151
1158 573
393 1005
478 1047
745 676
1492 723
628 890
1449 1148
377 799
1017 1215
1314 20
881 850
159 1252
1207 235
1106 523
57 954
1255 637
634 807
1272 676
818 1356
568 841
302 334
509 741
1049 14
401 1434
1197 494
213 799
856 1089
897 116
1308 807
220 1291
1413 992
1053 500
1022 1392
832 374
399 323
1185 1486
617 454
649 1047
303 309
1302 772
223 838
894 670
520 898
335 844
1243 1303
362 147
1043 426
963 953
1001 1102
1135 1307
788 633
1129 903
290 485
638 275
1047 1021
932 70
1009 1133
593 310
364 299
139 856
211 84
1375 340
287 1466
823 304
1484 199
1164 54
365 106
703 1407
1135 745
1146 1259
89 774
1451 347
967 478
969 506
924 1143
1446 95
804 224
28 597
530 1347
43 544
774 890
1450 1140
322 358
949 1035
1326 32
2 1048
158 721
1487 409
327 1189
731 1216
1281 78
468 1030
579 1213
1441 215
1467 1441
504 530
675 1099
1182 1460
628 1374
641 1151
1035 828
850 25
685 148
171 320
859 1297
11 540
325 888
45 1384
1055 325
853 201
1106 684
553 1301
1080 930
400 551
598 700
561 1142
824 863
1025 982
450 409
836 937
686 784
1293 719
1263 653
629 1173
1376 482
358 400
731 1112
80 994
1112 7
1031 356
1324 486
955 384
955 1319
681 1157
1046 1222
854 1140
397 1345
412 633
1340 589
67 171
383 1355
1166 868
975 1057
403 733
1323 366
89 496
711 442
611 546
115 823
588 1352
1108 337
1101 28
507 392
1094 873
850 172
748 440
1111 528
146 264
1477 1255
1383 1165
693 1027
740 694
1206 150
1483 1320
153 1219
871 851
584 1368
1116 1066
192 53
413 1332
1164 1050
28 800
988 1105
214 925
1226 470
616 730
1131 1458
1237 84
337 1253
365 189
1112 1334
78 543
1199 301
17 901
1092 137
334 382
698 131
1303 864
1174 637
978 558
984 566
1166 857
204 1343
220 1239
409 1226
451 858
1232 910
840 723
1256 379
1118 778
972 434
1137 997
681 1459
401 1500
222 590
362 780
1097 508
601 302
1177 582
181 1305
305 647
471 1126
414 938
875 1329
371 1018
740 429
1095 953
1294 1064
1116 643
921 99
1111 447
1409 882
917 1090
1492 1040
1240 1023
1000 406
453 655
1394 746
216 1359
821 1470
1204 1394
439 841
117 418
1356 889
969 1077
54 373
1320 493
642 673
916 1340
283 1499
640 501
1325 526
1459 1298
1432 827
903 364
228 319
774 563
87 1002
940 125
1259 1239
1347 412
350 746
111 721
518 486
381 261
1122 20
222 1227
206 332
572 1349
978 1215
465 671
422 1437
275 898
320 1055
135 123
35 1295
1400 297
1067 663
954 9
833 819
1435 1120
1195 352
450 128
191 709
1211 259
1001 575
739 423
651 420
740 942
756 1219
1323 1116
167 763
171 723
397 936
373 477
1453 566
130 757
1444 937
916 387
1189 197
1289 1413
1273 1443
1040 58
518 880
206 1281
1496 508
772 223
952 713
1246 968
497 58
11 1119
1256 450
985 35
201 669
332 328
383 96
258 451
1030 340
1074 1391
475 653
909 289
603 228
1372 1241
1497 15
407 68
682 771
865 100
1234 26
258 1075
1260 1423
1261 917
537 1343
270 1072
705 696
931 444
1250 1247
393 134
337 1326
861 337
722 868
1443 1316
196 268
1319 999
1153 916
707 324
43 558
889 791
191 704
980 1197
1121 1197
520 1310
384 467
633 1473
351 1
136 820
824 1072
914 832
1212 690
377 1494
1291 1375
1097 451
433 1080
250 1465
2 12
818 573
1298 973
137 792
1460 947
415 1253
224 403
1177 442
810 1295
1312 955
865 1160
895 1209
807 223
1159 415
11 780
304 624
97 1200
678 669
185 1338
233 66
1410 692
1453 216
268 663
584 58
768 233
669 318
1415 213
348 1141
870 76
1363 433
1248 1362
561 99
1452 530
693 281
1157 355
1078 1450
675 3
1236 819
152 57
77 1432
1062 950
984 76
1355 407
66 426
727 1454
715 1280
80 246
452 320
124 368
231 1192
1054 1035
326 666
1006 779
1219 1120
274 1417
495 1006
1405 842
30 910
1067 709
31 143
1402 1405
925 489
103 836
724 199
1444 640
431 211
572 608
986 114
735 287
132 895
964 1451
299 1321
980 637
815 1291
634 1107
1080 208
731 1113
1435 1348
342 1448
782 485
520 1376
403 705
1140 1017
222 799
1471 1325
205 944
1442 887
301 868
624 1163
279 1412
61 1001
633 983
863 1059
229 204
1248 1186
882 66
809 1435
1257 495
881 618
1013 132
1401 324
604 1358
391 1366
1469 1237
411 812
938 293
554 7
533 733
525 321
1225 1126
1470 531
400 809
1077 9
342 496
44 55
497 935
489 279
531 21
923 1046
1355 1464
231 1077
739 1209
708 957
941 1065
453 1312
645 1241
1083 749
1063 883
603 890
10 345
1340 1116
928 701
1047 20
158 806
310 732
1362 690
1052 548
671 961
84 899
674 793
964 545
647 1238
323 1253
489 167
1240 1166
581 5
1177 841
1379 32
128 1474
1199 1109
21 749
284 231
885 347
1423 604
1400 1365
1362 105
917 862
889 988
622 976
1180 1414
1426 329
1378 929
1087 1219
846 668
131 901
1028 617
1451 831
67 810
786 996
952 487
1075 531
1329 330
252 1173
1071 692
341 1260
1189 784
104 399
498 1325
103 1452
677 60
37 1125
1099 43
1424 468
1440 256
1391 585
1189 481
182 361
217 472
918 484
1059 1341
767 435
1492 1344
299 496
238 1228
880 1425
71 497
1065 571
26 1354
1425 1094
91 1340
844 764
65 1483
1227 732
17 906
1210 673
292 917
348 43
685 266
577 1340
628 1127
1039 542
582 443
783 297
734 1079
901 327
755 475
1138 55
515 1145
1445 2
1144 149
968 143
1141 1421
1264 578
179 935
356 983
8 105
90 620
452 769
1071 88
1346 697
728 34
1057 1444
1077 541
444 1142
660 1481
831 1428
77 166
251 1383
320 1247
1311 1071
24 1041
116 467
11 689
1438 951
1318 1436
492 53
907 798
510 1440
203 138
1028 710
465 1423
1198 1040
1232 845
1234 1391
1284 1474
501 105
352 1499
530 808
1206 1035
256 679
27 1094
534 943
204 1349
976 1099
178 1362
1411 574
75 338
484 456
941 886
706 520
814 898
557 574
1120 1171
995 517
1237 85
937 1242
942 412
1109 1222
1478 970
671 124
973 829
1473 750
1170 912
551 93
488 1056
286 371
804 1341
871 1421
188 1171
27 238
366 286
403 575
1156 844
53 2
582 89
1201 1200
301 451
1365 1009
1091 283
1109 935
738 955
832 568
305 106
990 1231
193 745
1378 370
512 268
1156 51
572 1404
1474 421
1034 850
288 1346
988 508
708 648
336 1338
991 945
866 283
934 26
262 481
1316 764
349 1439
304 374
60 374
1125 921
1102 978
1216 172
509 881
1242 1259
141 344
1358 1023
140 1413
917 1424
325 341
153 417
849 899
99 419
1187 1432
64 965
553 1164
1286 1071
1007 745
358 406
1112 1026
25 1274
673 671
711 709
624 24
959 79
1145 1491
856 1206
905 578
248 701
740 1431
851 1348
695 182
806 565
90 20
717 865
1177 42
722 1136
814 1497
595 574
342 1171
541 1063
905 1430
613 345
923 919
219 825
662 514
934 822
386 616
171 1304
1199 649
1381 1281
1166 471
1232 1496
567 1199
109 547
309 1338
974 1131
1490 955
1190 613
865 1002
927 112
112 1088
242 408
723 674
483 436
762 1111
1370 1143
1235 2
1113 111
784 1483
358 776
434 921
1191 948
334 1192
701 743
850 1160
570 1325
831 1161
18 417
1229 280
3 408
448 450
780 267
1467 808
307 949
1094 123
646 468
551 68
1208 818
912 602
652 1063
926 671
266 65
102 1037
1433 686
321 502
39 881
576 1042
1138 188
142 775
75 581
1168 989
317 1356
1231 1107
965 220
48 746
860 620
1070 765
488 1143
1021 888
1198 807
378 1464
91 1386
939 1095
209 235
200 1009
333 1220
26 787
1183 891
895 119
1486 1274
1075 515
840 754
953 1152
1292 476
960 986
1262 1163
708 399
742 864
676 185
297 759
1278 60
349 1021
197 819
1060 1122
201 94
378 1474
1136 1096
614 598
175 494
925 888
908 1131
273 163
779 1093
662 663
471 185
174 1405
170 1430
242 1477
556 1455
463 1085
1232 1009
942 485
1223 315
472 540
1497 665
917 342
1324 760
1419 238
1024 748
1209 734
820 65
1080 72
1103 870
290 1060
719 162
1217 1071
464 57
526 618
1336 827
639 723
1374 991
986 15
1321 907
1355 809
998 10
792 1241
1228 398
26 417
30 811
583 77
686 508
346 433
1338 644
1134 818
1056 1352
1147 352
690 779
669 382
1213 869
243 123
757 781
1207 1186
82 821
530 888
1265 1135
1138 1244
966 857
110 1278
1221 628
1122 944
470 942
460 1386
489 17
1390 632
202 615
245 685
982 1371
1405 10
778 1068
1306 724
1083 1473
55 918
611 709
1308 738
641 1312
965 258
51 17
1349 1274
1280 177
693 1092
764 1139
226 487
548 1114
388 1300
989 977
1111 653
1225 405
553 167
1019 592
174 1239
1090 751
29 664
1010 1061
752 559
730 1447
1473 231
1149 307
822 1080
1027 253
1346 777
270 1178
133 929
1286 191
706 858
868 670
478 923
185 915
260 940
1139 1122
1411 6
936 1463
1016 657
459 814
404 308
1151 748
20 1308
417 673
1367 629
94 75
8 108
377 403
961 1262
1006 755
995 303
1274 1152
1271 939
921 1309
456 1385
838 151
850 969
1081 1310
1306 663
39 292
11 556
1137 785
614 387
867 485
327 707
922 1080
564 595
1316 633
905 553
50 607
204 1448
270 1452
672 65
219 522
323 1201
995 1032
100 961
858 927
388 515
640 1076
854 619
616 1304
736 835
961 497
1036 711
673 1353
327 664
745 372
1209 1120
129 938
1001 627
60 173
94 496
693 1161
390 777
299 1346
1414 91
7 1082
1259 249
1164 1354
355 284
823 860
18 555
127 1167
1135 1299
522 907
350 166
842 1388
124 1228
647 173
552 230
29 291
68 671
1373 960
483 1347
847 893
365 1450
1114 1207
98 745
1271 1265
1358 1107
239 1028
724 246
784 1037
1192 946
1010 1011
619 799
286 1273
802 1123
1151 894
734 975
939 253
766 606
248 1448
502 958
967 851
410 566
1044 1310
258 359
1068 1343
660 655
1195 936
1182 238
530 369
266 891
1129 713
220 807
336 1135
151 133
79 1207
1442 214
309 437
324 845
249 1168
125 1365
840 251
1352 1341
1002 1008
341 101
1189 454
1036 672
946 1153
887 1353
973 263
39 90
83 785
1442 401
94 754
987 1132
53 927
619 188
1253 996
1286 174
47 1230
277 1343
194 1386
651 108
864 857
801 220
220 116
950 288
822 1158
571 1203
1158 327
1287 260
1314 551
1039 316
963 803
376 537
1102 783
213 1447
251 121
43 793
261 1110
497 311
1483 966
225 185
243 173
208 208
1 1471
505 1079
202 107
729 142
1094 223
997 1065
290 219
685 767
1226 1336
1340 1301
174 1335
664 1168
1407 1111
1471 1292
1413 1086
1313 765
431 259
848 659
546 1143
114 816
273 1297
1186 40
124 1461
774 450
832 231
599 1122
187 365
1229 126
604 332
1188 728
753 1027
1087 1356
991 18
1220 210
1258 813
1161 127
401 1089
174 1493
1200 877
639 1048
177 297
35 530
39 1171
432 389
190 244
305 903
1071 798
345 798
1426 1405
918 698
369 406
918 928
311 454
353 672
2 708
948 1373
408 283
1096 947
1360 1170
825 1225
516 1177
1176 404
258 611
180 204
20 1028
1237 1338
569 625
1442 169
372 1273
1044 773
1366 1334
1485 1373
1447 1228
1354 544
1092 1346
273 270
476 791
892 1267
632 783
1494 320
525 322
1329 989
1128 307
1136 1368
427 913
1261 940
1283 346
1043 1328
376 697
1078 1404
836 126
951 688
856 1467
626 780
1323 341
505 728
1197 479
1079 1497
439 239
180 408
819 303
1451 301
1330 637
1457 582
1356 509
232 401
1312 1115
812 779
289 377
556 1411
584 1418
972 535
1259 716
762 421
282 39
67 1468
1127 126
483 1432
935 810
680 1347
1211 741
206 282
56 752
387 907
339 1252
785 77
55 1286
700 1253
208 1273
350 37
752 3
600 866
1436 359
159 1125
1414 378
170 864
1072 65
1286 83
528 422
252 37
305 544
541 1176
496 892
1340 689
1276 646
1011 69
371 1336
1395 445
1298 733
938 1121
1239 457
1433 275
273 836
1255 1484
1271 1148
1027 695
797 1499
1285 93
519 593
784 1253
1163 889
1074 225
9 382
845 417
305 737
1244 1410
661 70
821 21
1416 1007
254 1417
986 827
1413 779
1085 650
136 624
855 1080
541 952
73 1049
294 1125
123 624
1188 862
1213 187
930 1397
1126 186
960 643
806 249
885 262
1189 799
153 479
714 292
143 550
1357 1294
1125 90
1481 960
1124 141
1093 455
907 120
585 618
471 703
660 376
1292 243
787 295
1182 1384
552 775
767 1357
1232 739
1048 1097
997 1207
903 107
833 215
174 630
115 906
595 667
223 1127
611 198
680 1352
1301 1063
171 900
373 57
331 339
1392 803
191 331
1025 247
1331 538
244 239
539 465
1486 1090
772 918
894 579
1393 797
1451 1436
685 4
49 370
1273 541
845 310
437 788
671 1043
842 1433
137 1391
607 611
602 1323
284 118
1064 1274
1038 339
1219 228
100 1005
1054 416
565 126
1378 31
111 790
646 620
367 754
60 364
942 1201
681 404
120 659
8 1293
255 572
1303 1383
199 388
798 86
1387 918
644 621
594 886
1440 52
7 206
288 1177
1273 813
1059 153
1287 10
1076 1112
1324 1286
2 382
110 781
1295 99
468 1461
1208 958
1232 961
910 1253
865 1093
465 1464
986 1373
212 1355
1123 1411
17 1436
1337 1333
242 1090
753 539
205 1458
239 493
60 1056
873 1060
264 514
381 1314
1431 691
126 1499
463 1131
576 632
785 44
1273 1139
1290 728
360 1361
724 558
1332 1071
512 454
1308 1177
814 833
597 1394
1363 224
1355 1448
1251 67
745 1459
253 1321
1308 883
1499 50
466 527
1312 1449
92 311
493 988
604 210
1435 1364
447 360
1166 957
1178 514
1247 1422
838 128
1306 1193
174 1237
200 1062
1148 281
382 1160
1300 1479
1297 83
236 227
1253 836
1235 691
1227 786
24 1095
1420 978
270 1177
402 474
1090 605
729 97
752 507
246 750
402 1007
1283 841
989 5
72 714
537 604
832 1202
971 854
487 1183
949 190
74 1355
650 714
391 414
1070 924
1347 291
708 1346
382 881
1275 497
817 583
602 1090
205 723
207 1266
1255 1206
485 984
91 1082
1060 1476
58 1264
178 699
1091 1040
476 384
417 199
854 1209
637 1015
1279 1246
725 17
327 828
845 1392
926 526
1009 648
265 1005
728 1309
1471 578
1459 97
905 508
921 515
774 114
85 765
890 1222
625 1045
393 1006
942 1295
507 951
951 766
145 488
939 812
955 712
1165 591
1028 375
1294 230
897 1230
881 103
133 425
466 846
100 1117
465 961
1067 286
1100 1481
1304 1099
1028 793
90 1279
655 430
15 578
678 1452
816 40
542 451
444 593
980 1400
1261 1494
97 548
691 607
1125 856
1287 154
1223 391
264 319
1390 1450
379 1052
395 183
828 946
891 748
458 1
807 800
1387 696
573 1029
798 949
680 660
421 204
386 1387
242 397
568 254
56 67
1131 847
1245 714
323 965
363 1337
473 1203
1244 209
1193 265
186 48
792 788
959 1245
610 687
1468 399
1035 772
624 900
514 1316
736 404
1459 894
316 698
65 426
708 678
1367 337
1500 1408
1429 1282
957 832
849 269
1125 327
979 347
633 521
940 1137
665 731
406 238
907 102
1320 598
1260 496
1375 356
71 1234
598 270
291 1332
938 40
1399 605
233 1126
716 162
272 1078
764 341
550 1365
492 320
1014 932
135 1268
512 566
980 1319
273 569
1316 749
1001 1490
417 1270
340 1137
66 1063
779 384
352 511
1168 31
1400 1004
1052 1475
1079 322
1262 687
374 472
349 1476
97 288
86 302
956 781
682 773
648 391
1432 77
563 1399
693 657
43 1037
166 1329
1018 553
792 679
76 1185
825 550
1023 87
280 1458
1225 1488
486 382
155 1028
625 410
605 636
790 1391
10 592
366 1141
933 182
1307 241
1260 782
344 1092
980 1344
1176 958
422 1015
114 586
620 595
668 420
67 945
756 280
1311 86
1088 427
855 249
237 527
303 461
685 108
439 410
842 784
934 670
554 846
1311 692
738 471
15 712
440 1453
7 1081
121 1269
903 739
589 1242
379 223
172 938
544 1390
1016 169
490 553
204 1272
1386 121
1053 631
243 1153
771 1446
729 195
694 1156
1299 353
469 1485
568 1241
715 503
404 467
544 451
513 165
442 573
394 1391
312 363
1174 1100
651 1065
1080 501
1068 134
82 616
514 650
116 204
820 633
1298 1487
272 851
1068 1495
157 5
1189 430
613 875
1246 668
788 818
568 727
949 575
1 1201
686 1452
286 1459
995 927
405 213
1393 137
674 89
1117 769
1051 925
390 1225
1052 45
679 736
382 32
254 760
1263 1070
131 1266
955 518
1257 840
250 460
1426 1350
1194 294
718 480
239 838
530 911
111 972
824 1330
1170 1354
530 259
486 891
1071 498
152 1180
1269 1309
208 316
77 1225
77 535
679 1496
288 1154
253 867
1233 244
910 305
1286 1416
508 529
1380 1149
1019 457
251 1058
334 436
54 791
323 357
1103 1059
482 1364
264 1121
1014 1044
1070 136
1499 829
556 566
1475 156
959 636
28 285
409 1170
1313 1177
716 1103
1413 965
949 1118
568 933
1028 312
775 464
1234 1296
1042 1047
1200 1150
1388 1155
1269 476
1363 1308
755 810
708 1124
146 142
1202 748
1465 1003
1374 733
1245 594
473 934
648 1165
1033 830
911 125
1497 1036
686 1399
1392 657
1395 131
1031 1244
145 285
574 91
441 235
396 834
627 31
558 1486
83 1097
286 432
1474 348
1032 485
39 1157
497 880
277 259
718 902
387 133
859 1125
1413 401
921 224
1076 839
388 1006
641 325
41 1150
226 456
179 638
1026 1151
820 1246
899 1350
479 86
1104 1366
579 1250
855 1071
1275 714
887 634
548 851
723 288
1094 13
991 91
135 981
1367 751
1176 672
441 736
1181 1220
626 186
803 1375
772 492
620 586
609 981
898 452
1404 561
724 359
516 136
282 974
742 1096
387 492
1160 475
420 795
94 289
634 1273
320 823
412 303
267 206
58 550
617 1348
934 187
1451 552
221 821
253 649
839 186
501 11
618 218
191 1102
176 907
1209 636
1437 290
1009 871
372 833
1320 174
1280 341
1309 870
901 906
721 1312
46 941
694 813
275 48
1152 1002
349 1488
936 1093
328 84
555 1432
116 1185
650 921
633 1374
504 165
477 880
743 1233
1048 469
788 1449
213 338
1257 1327
1448 405
160 1404
870 886
601 1321
344 504
942 129
168 626
591 745
500 437
441 280
1040 647
475 67
867 414
738 1064
1468 1264
256 571
107 973
568 617
1209 751
20 909
1116 294
497 1315
1092 340
1178 1134
129 443
1026 949
866 413
1415 186
577 182
967 1159
564 656
1234 1177
120 875
160 569
900 984
989 1160
351 448
153 1374
358 544
617 794
64 451
3 170
1355 1170
477 921
680 592
181 72
1453 510
396 689
670 144
104 1092
673 1472
730 132
879 102
1124 1290
436 514
611 376
1468 198
1393 305
375 203
965 1015
98 365
134 1433
859 613
1141 903
635 415
1041 850
34 1164
897 1292
950 337
737 415
1071 1013
257 52
359 560
27 1052
566 1124
109 930
108 868
658 1476
278 742
1261 1063
437 305
1226 803
257 263
69 360
133 837
293 861
207 597
309 907
871 1016
1049 1169
1267 728
1071 877
1338 907
127 800
1137 196
1012 629
425 729
460 511
818 230
1487 1236
116 461
1474 680
792 115
758 1239
29 1026
647 786
359 640
706 480
535 1358
1463 800
405 104
579 777
299 1084
317 1135
663 85
354 536
206 1174
706 1149
46 635
713 833
440 619
1054 826
1422 507
531 615
837 78
361 1242
518 546
537 595
843 870
455 933
1034 628
101 884
1261 1214
888 784
20 1189
370 35
618 581
576 1466
24 70
230 1259
402 953
148 893
694 1460
1496 262
574 694
1445 781
319 292
579 138
685 620
511 215
414 452
897 1118
389 1175
1141 480
560 385
555 768
1405 593
1007 845
1251 1390
1283 1040
184 611
1290 746
698 24
845 624
376 712
75 1104
559 320
259 618
305 1296
708 503
204 548
808 1150
1270 690
470 555
603 927
884 697
111 402
770 811
318 304
383 439
970 396
1244 650
84 639
310 466
345 1232
1303 1240
1454 1496
837 784
941 1068
222 735
306 253
331 61
1223 925
1348 615
256 560
1136 319
717 1450
1454 541
508 1235
990 1192
766 1139
1292 1461
733 915
73 1495
1407 151
1416 120
1149 574
740 171
162 831
958 1287
1050 437
830 871
1147 213
1304 1294
1315 654
665 772
134 701
940 958
161 406
1106 247
3 963
1437 435
43 772
151 1136
190 139
1498 247
634 25
1379 1416
1064 624
972 413
650 886
978 288
1099 970
319 1242
519 54
1374 1143
574 861
1180 500
864 1217
919 44
343 1167
409 670
1136 1134
1284 109
1154 1189
100 925
1084 1373
32 1261
817 331
932 690
1246 157
206 427
542 763
772 1086
613 1456
1057 318
163 1366
831 524
342 1286
1397 51
79 279
1265 419
617 1306
248 822
58 498
1092 93
1014 197
1246 789
609 1458
1076 757
1057 1021
929 1326
848 484
176 534
1274 991
1225 1213
346 62
386 1202
1213 325
398 1040
104 289
312 108
388 673
329 982
591 1299
229 370
320 1392
251 809
297 1369
1092 484
308 167
1362 1476
8 1074
1049 143
1193 482
678 1094
547 582
106 1379
895 1496
1073 1013
1042 468
567 305
627 415
1295 1201
962 378
318 220
18 1360
1428 1183
1108 1365
876 117
1099 834
557 627
1226 1073
419 28
552 1451
368 519
198 697
584 1052
1280 1431
1132 28
907 778
306 1037
526 792
1014 89
656 785
743 1482
330 1252
1084 698
662 847
113 648
623 547
481 799
965 1439
1277 113
1019 286
1415 426
1051 275
235 186
374 609
986 1056
289 307
1433 1045
1355 1481
120 477
1441 720
19 1148
66 687
907 755
1182 1250
1442 792
76 1119
325 339
522 211
230 183
98 250
377 1217
1339 662
50 1258
1082 1329
771 439
754 1397
344 804
1280 203
416 1437
699 339
1146 1381
1499 1371
1056 812
1380 1454
110 64
1426 868
1494 1034
106 1303
90 985
503 475
887 1391
334 1141
985 840
483 764
123 1224
569 1438
1081 620
1456 194
1415 683
760 1165
1123 1277
365 718
225 36
661 741
246 111
1230 1008
895 1011
917 741
1308 964
45 214
957 792
848 802
939 466
770 879
1450 1429
1500 760
1445 1218
1384 465
1271 852
313 245
405 930
994 1423
1268 538
1206 508
32 296
1459 536
1353 1489
595 211
805 1357
1351 126
326 823
1170 1178
913 1303
1499 181
375 440
1375 606
615 992
916 89
325 276
411 279
877 476
1069 1391
363 155
1108 738
690 1183
993 973
714 1235
1079 1384
558 860
1114 1077
1057 130
1356 641
853 1291
200 782
358 165
206 1146
456 1056
107 810
779 766
149 443
534 10
77 201
598 639
1306 902
1109 934
1021 773
186 776
811 190
790 505
170 685
811 710
1040 492
1076 1341
1120 966
474 130
1291 946
206 660
638 1165
543 1034
1169 1207
684 819
95 1494
673 104
1259 116
258 60
806 658
369 1477
1329 1226
706 1081
350 207
1167 1387
1002 621
305 167
1066 390
1156 359
718 871
1369 956
369 944
1206 669
455 575
286 566
171 398
527 403
1261 1279
1276 710
83 1020
587 510
1326 603
1019 981
599 47
321 1280
974 187
908 1074
691 162
1322 627
928 213
561 882
183 277
1094 488
491 72
844 642
1264 1033
1236 1069
1006 1082
36 801
366 1246
1270 1132
461 239
1471 775
1333 865
832 197
406 1231
235 779
1412 1342
188 333
913 120
966 1279
957 515
1272 1433
560 506
1205 543
615 1167
12 1279
743 134
196 685
883 373
1092 1201
1157 1324
353 15
1015 246
475 368
189 124
820 699
77 642
287 875
202 80
802 535
946 204
1134 1453
84 1041
843 143
1084 485
1074 1290
880 474
1421 61
803 317
1199 91
1220 148
784 1468
394 265
1023 1425
653 68
1261 392
311 1386
733 218
715 311
402 668
34 569
723 180
84 1189
1342 1105
674 21
610 364
606 939
1161 1061
598 1341
502 21
1172 721
1252 1109
817 119
252 1202
409 929
759 1230
1179 438
598 224
478 1234
245 1015
1142 5
578 653
986 110
220 974
1162 502
752 625
953 1352
66 427
925 215
1179 401
1138 794
493 316
856 1044
36 68
1040 201
620 643
112 1247
943 180
1470 456
1352 150
518 19
1415 839
726 1492
959 343
1448 162
314 143
182 671
881 558
753 210
1415 193
682 1133
1186 1058
1072 672
427 111
1436 370
1413 1215
377 72
913 558
1157 1002
80 1229
351 51
734 553
985 44
822 1108
1213 473
466 947
894 134
359 542
166 611
1032 101
1465 1231
420 776
413 714
477 1278
1448 998
308 1477
153 650
594 1389
1030 456
984 530
898 437
690 11
94 102
180 1292
390 501
301 942
909 944
851 157
576 1405
1384 1363
39 1083
184 1196
61 636
862 1476
271 672
355 140
586 417
905 591
208 1150
652 293
1323 221
323 990
88 1204
1080 1131
511 780
1489 437
608 957
138 136
598 289
1283 203
430 1283
960 666
982 833
202 569
430 957
207 171
1202 1256
801 1237
861 464
675 1416
142 348
424 296
1333 774
1336 106
945 100
1180 1093
1200 1138
946 856
1106 1050
21 583
1389 1221
206 539
151 801
911 935
754 1200
631 1253
633 764
1364 1243
602 1291
98 898
153 965
1276 572
122 139
597 536
579 679
520 166
436 1226
1342 889
677 472
1365 911
372 526
575 133
1373 265
351 1103
686 394
1477 954
151 1241
324 18
294 121
1217 934
171 427
729 273
613 543
371 1460
1204 568
1227 1122
518 836
166 1103
211 323
183 343
2 798
585 1413
629 671
10 359
1360 199
380 529
601 769
1386 546
382 945
1417 1397
1103 1007
875 1148
582 301
28 305
760 1294
251 1250
926 105
815 1094
623 1109
543 40
252 1146
51 244
1057 1476
868 548
814 1178
1317 1189
66 174
887 62
807 955
758 1019
674 1099
453 1362
1260 630
644 422
482 702
795 29
1220 253
386 412
432 1152
823 64
1177 897
991 963
1062 1283
501 959
561 544
1268 862
424 756
151 511
702 637
434 497
597 2
1178 817
1286 1259
88 540
769 233
867 937
1132 1474
479 1060
406 152
266 460
177 266
1089 662
55 1387
946 1286
1179 1141
1169 94
1404 821
1340 1385
862 1086
787 705
353 987
1351 36
1070 1265
209 887
690 427
430 709
1414 836
143 1118
125 1442
210 1067
744 1304
1455 1325
151 107
396 1040
518 673
925 731
279 1050
365 217
43 806
193 65
1319 322
13 605
1460 1345
236 1071
536 1439
551 221
1412 1073
514 516
1167 1140
503 579
292 603
371 777
1223 586
535 163
495 385
830 1318
8 1147
503 876
663 175
225 37
1471 492
1277 945
395 273
388 324
287 264
517 322
379 982
309 644
673 663
1422 278
1103 1202
141 545
749 1316
891 1204
568 1117
390 403
1187 1051
235 1155
1297 1014
1075 624
196 1424
1066 1380
672 1093
811 343
1358 609
1358 27
934 1441
1034 786
883 1304
675 94
914 447
362 965
1454 1163
510 825
151 321
1356 122
852 1394
1210 121
990 900
837 455
157 425
678 130
21 770
465 1491
1257 187
317 545
334 657
395 160
1424 708
154 1190
1220 1202
1434 738
761 283
852 1206
1313 923
662 271
1154 1137
688 598
54 1270
1081 477
335 604
785 111
1423 651
323 100
1219 361
491 4
624 1113
1099 1497
543 1068
525 283
1317 522
719 224
50 1106
194 164
1387 39
848 743
554 565
785 604
705 121
1175 1500
313 204
1045 316
984 495
757 1063
1324 251
106 827
607 881
328 1081
1356 293
241 423
604 1322
884 655
232 141
792 825
1096 1403
1259 1021
1221 1112
1147 661
811 466
973 43
10 1474
900 535
214 61
357 592
861 24
1109 656
911 1384
394 525
1200 772
1213 1402
709 818
75 962
272 1294
1330 135
45 864
395 418
121 1439
222 894
1330 140
98 874
395 925
349 471
482 167
470 770
363 659
765 1450
1387 436
1438 960
1104 788
94 824
55 1275
255 807
951 184
619 953
1380 1111
962 921
1140 719
1215 963
417 833
1323 1446
907 1440
864 646
1331 706
786 399
135 1003
711 638
404 933
1244 739
110 844
410 212
1411 1451
1410 633
283 693
997 557
706 757
1251 1320
1095 248
430 153
1203 1133
977 498
861 679
725 941
352 89
68 649
1481 886
616 1266
668 1118
862 585
361 505
1188 896
343 762
204 1229
735 1351
618 892
1365 1095
652 385
821 1084
612 426
1284 1175
621 846
797 1344
797 1163
857 986
54 1226
1417 142
784 149
675 158
487 488
1180 350
1358 878
1301 1226
1143 329
599 1159
1119 540
1047 838
384 582
65 1385
445 49
1312 177
342 680
1111 156
785 1311
783 200
524 482
776 1348
993 873
597 1274
359 1102
499 989
185 676
457 944
873 973
359 1053
828 1265
701 174
1075 1199
1426 331
138 1324
859 1306
522 1360
505 293
1283 1099
88 803
78 751
740 534
902 536
827 233
586 404
1041 1298
1130 1269
729 112
94 1255
449 984
444 254
119 161
1416 731
949 303
278 650
966 873
471 272
298 929
1063 946
836 1352
878 74
493 997
869 424
640 539
923 1408
1060 1035
1261 1090
1358 690
874 218
479 147
175 1253
812 884
1138 631
1132 1486
763 1382
674 614
239 711
688 357
125 452
3 443
1167 74
1204 308
1150 184
1210 643
1040 1116
1437 195
669 584
718 571
687 1159
976 5
955 1305
922 1238
201 1412
406 1068
639 520
274 879
205 966
597 346
794 1372
1432 1441
1103 784
1469 1035
580 1035
199 1382
307 20
260 1309
1358 389
1280 1353
375 799
91 418
614 476
528 348
1265 1198
958 1290
342 403
131 1382
62 148
1388 583
728 482
893 138
194 1477
1421 50
1048 259
417 365
226 649
1414 1420
927 1258
351 415
941 731
1136 275
73 706
1229 1267
546 1241
22 713
786 1031
926 92
1167 565
65 1255
885 462
259 203
764 1094
1331 168
285 1387
1012 1362
504 1322
879 169
604 1256
460 997
299 672
637 268
219 964
1057 560
405 1286
110 1166
1364 949
914 1199
429 43
1354 681
3 926
607 417
1040 738
536 982
194 1285
1156 1026
202 94
874 903
1188 410
1254 1105
317 400
846 994
613 338
205 1111
413 844
1130 1473
369 737
576 1454
749 680
201 592
465 1453
528 1178
84 252
460 786
773 1320
962 855
49 352
597 229
1200 262
500 1025
912 369
235 705
558 521
1136 15
762 1103
1161 329
90 327
1369 1037
741 145
1355 838
1167 1466
522 1377
848 305
1241 956
980 1095
90 1013
710 1253
1296 189
582 1442
1217 1489
132 467
664 847
978 1091
241 1297
1411 693
246 631
1171 1463
856 236
1278 340
740 101
1100 1108
882 428
718 1246
229 1026
486 674
788 375
1026 1500
1405 631
503 893
388 490
141 901
394 331
1122 1432
211 1176
1263 701
88 1481
1396 611
961 1327
424 1222
1394 955
732 946
852 1023
648 903
1343 1432
1368 557
954 829
1020 1296
714 631
175 562
446 6
108 936
298 787
716 58
467 642
846 207
107 541
1017 400
521 1021
1266 1332
1399 613
310 300
714 1377
1452 92
350 416
530 1142
462 1058
739 344
698 387
953 464
1080 364
738 207
144 559
849 1203
911 1176
806 927
917 11
1144 439
217 1288
734 1019
1137 514
735 22
360 687
355 407
540 1022
1042 409
1411 510
279 1144
828 1086
1278 659
409 1125
126 1275
1021 305
462 120
1443 1438
161 759
693 588
883 620
974 1237
5 1320
1428 1340
1000 73
1382 851
274 1421
1408 678
402 332
337 956
813 1414
1490 1113
901 325
180 264
385 707
824 747
73 1254
180 1114
207 727
1317 1128
1118 1004
1075 452
526 926
948 762
164 958
785 620
1044 132
993 891
176 1096
1148 690
1290 1439
155 275
1253 1274
56 1475
1404 756
516 1315
1268 1046
151 1132
1463 226
168 907
248 1070
386 753
993 1395
551 40
315 1079
106 663
153 514
234 291
952 127
1448 1275
969 983
525 272
98 1376
1202 1004
1014 107
640 320
955 1262
1168 588
999 620
765 1368
623 285
1051 1460
1445 210
1156 1323
936 360
173 720
932 1201
356 976
105 36
1091 936
1193 68
56 618
324 499
466 845
1323 475
666 54
214 1254
411 76
335 250
1443 1112
824 587
283 1042
1291 1416
1481 1311
1292 135
652 1319
251 57
191 1092
1280 845
854 499
659 1308
597 1187
1019 1430
1458 300
1150 574
697 966
273 1019
102 1498
702 353
919 68
243 382
1219 338
397 1275
1014 907
1485 893
1138 355
626 684
1057 494
43 1016
360 1176
646 1107
411 1136
257 468
190 636
747 649
1384 411
1087 47
1401 432
433 1332
1273 366
