11000 5555
232 1284
1149 1149
592 599
1161 917
95 1325
1396 700
885 743
1156 561
343 530
706 880
364 763
295 284
1066 1200
634 35
487 82
663 975
572 187
906 1133
330 610
975 175
1371 368
1005 1358
803 69
216 1266
1452 712
1231 1373
978 967
1325 1006
492 479
948 914
1035 1022
528 1480
364 374
565 550
1471 525
247 526
37 45
9 281
639 1314
1324 573
240 393
1062 147
861 1312
586 565
1482 959
861 1240
781 1013
597 752
54 496
933 898
333 1481
1350 510
127 707
9 291
697 1133
777 1288
986 586
1085 1228
388 1499
1221 952
1058 41
1241 1403
632 111
1287 895
1291 461
1479 1466
1350 93
235 267
413 731
568 154
1328 1019
914 546
280 559
386 94
90 1495
1222 225
1010 77
581 49
1190 547
629 77
1262 167
1365 1187
1383 350
863 270
405 784
946 356
1310 944
423 546
640 371
1209 167
316 309
590 3
63 746
1336 1233
1137 962
164 1298
893 68
1185 475
340 1380
308 1089
114 255
1027 560
501 179
232 590
591 642
1224 589
1338 680
868 274
1249 1485
1158 1263
10 1367
778 159
574 1412
191 1464
17 450
1120 861
287 128
1500 182
882 744
386 77
429 946
801 250
243 1195
1216 1126
32 1485
1323 1394
501 951
637 90
970 936
1365 500
1098 237
1499 823
1141 106
388 586
321 496
1436 471
149 1180
235 456
277 1119
1302 675
916 499
608 100
154 273
949 357
945 1131
1049 381
618 1092
615 1041
1432 918
916 584
537 1199
283 336
1289 1003
1483 1458
1034 1088
607 1173
372 1035
1181 1032
596 1034
1232 554
1135 319
582 1118
734 704
1258 185
884 619
875 472
872 1024
334 300
351 860
196 1295
1463 913
1422 704
1377 1088
868 1362
381 646
356 379
1180 1073
197 171
1454 1240
724 718
188 950
1057 1226
1284 552
77 627
808 154
1186 885
900 47
84 916
375 250
195 675
643 88
696 1359
187 1459
53 984
174 937
387 239
78 282
1486 806
1086 466
812 1110
404 915
998 663
801 813
7 557
1350 1334
649 37
371 784
1441 1085
1002 101
238 1449
910 1243
169 146
984 904
1079 388
1478 163
884 1407
618 1359
1299 245
706 1480
617 439
949 676
1110 1197
440 800
322 1287
739 1379
304 1174
1261 709
1069 202
379 699
179 328
11 643
180 11
668 32
453 963
78 187
686 1011
1166 1171
387 1155
384 605
651 452
250 1463
196 1483
485 64
96 735
399 309
327 735
627 581
1168 247
40 1463
1252 1365
1198 483
529 747
1387 1204
1483 592
13 314
1053 740
1357 784
1053 1380
188 1407
1105 905
1255 127
1489 895
848 257
593 1
923 246
185 447
734 1288
506 993
809 183
1330 1438
565 1409
426 1071
383 792
944 1353
1331 15
728 1240
1361 1343
563 82
87 396
778 1067
9 193
1167 1458
474 697
789 191
1096 1074
21 539
894 1318
485 1
155 731
864 374
529 1303
1177 296
1131 169
605 1246
1144 94
1091 727
494 1176
774 1056
58 946
95 583
148 836
111 953
708 342
1251 1150
1238 1335
469 1096
216 1328
209 301
450 72
1365 1325
635 391
713 1439
309 626
11 618
1013 681
986 8
868 447
1316 994
337 1189
1294 738
664 893
147 385
1478 53
355 475
742 1045
793 469
1332 1393
367 918
1124 1159
1077 1273
1220 1183
1001 673
1129 180
513 1152
728 206
493 50
5 456
679 58
24 83
496 711
363 640
1497 780
858 191
821 551
377 1220
1369 327
679 379
825 1084
343 1330
41 637
680 649
1308 236
532 361
4 184
378 662
1054 891
708 1128
11 305
226 207
924 1488
1209 45
405 38
10 1366
620 76
622 450
668 372
882 916
940 245
1023 939
26 241
756 1477
1231 1340
1143 841
301 1344
1300 1041
1067 476
1263 1357
1207 1144
453 1351
1161 621
82 1115
323 461
1374 541
1472 394
524 308
846 963
922 821
1075 875
1302 636
1294 1109
1028 1470
186 1399
1457 905
1418 103
1099 1212
965 487
343 1462
1361 528
1315 1236
1228 1329
1016 612
187 529
563 1125
908 714
754 1125
1043 1064
781 606
1065 169
905 1460
1147 50
1430 1005
431 1006
992 78
1334 1109
23 1354
1113 1264
1287 288
1237 799
684 998
868 1375
142 943
295 353
1285 1004
1229 298
497 123
893 872
276 1124
699 1414
622 148
954 1224
92 850
342 1278
56 760
880 152
713 1455
1135 240
276 1251
530 1104
1346 361
781 666
355 909
620 139
1358 902
989 475
1097 344
398 341
579 1161
1407 246
585 1243
1125 1114
126 385
1467 1491
734 768
852 1393
161 512
674 950
71 1235
1489 1402
480 818
334 1321
1213 361
233 1144
588 1059
1417 1414
1100 478
1479 1228
1323 1316
170 175
1370 1435
294 1012
82 970
1330 924
1011 1165
1015 125
1333 1217
809 381
1074 688
491 533
647 223
1219 625
334 996
343 450
55 719
91 904
466 1484
351 1469
509 83
327 465
542 394
214 292
730 1162
266 985
715 300
97 125
1100 742
1241 751
987 1050
776 1256
428 939
1123 658
614 1438
1179 221
997 1142
945 14
463 571
30 335
836 279
1442 226
445 234
438 714
946 1111
455 1300
31 720
802 1266
1164 1191
1005 213
1340 309
1363 938
224 616
846 109
883 1135
764 867
1201 140
544 833
1076 1281
295 82
270 967
414 612
1173 73
105 853
1144 1368
985 213
707 438
682 242
484 1308
972 124
1378 819
1251 750
729 1494
628 1365
1388 758
678 491
812 1086
1445 591
90 1469
1066 603
563 537
391 366
746 1385
808 503
890 466
1039 1261
992 1110
1415 1261
446 1157
63 1177
665 1273
1493 387
1128 383
225 473
1498 793
224 285
7 1103
1132 248
1226 501
1146 507
13 1212
1377 558
540 1289
645 428
495 656
956 763
426 921
1072 160
1198 1450
401 862
1045 953
1083 1152
678 1413
87 463
919 663
1491 288
1439 304
60 918
75 855
792 996
139 1160
1067 946
1197 90
673 1456
585 289
1041 1426
651 112
40 402
1401 956
289 1251
832 1271
67 564
710 714
275 272
386 673
1100 619
995 476
629 577
1236 193
790 598
975 733
1149 666
1008 227
918 1453
352 592
1008 185
747 1248
563 534
919 1483
1219 690
1263 791
974 975
567 553
489 914
1040 434
1270 125
402 832
114 1448
1239 1278
773 203
827 1392
1099 1399
142 310
1058 78
582 595
399 71
466 316
781 150
210 1478
503 1008
340 5
1426 1295
1327 238
599 1437
509 232
518 966
510 497
723 130
734 1162
828 328
1031 173
903 111
529 417
585 718
634 784
339 1279
874 388
265 1079
257 315
348 130
450 385
296 72
936 1490
554 947
1047 32
345 95
754 481
95 642
218 1213
1075 734
969 375
746 1443
148 1094
187 1165
1358 226
614 925
198 522
179 999
1494 1364
379 1249
1037 975
474 1410
822 1193
1152 560
771 153
902 898
164 526
1015 1084
103 1153
56 921
412 383
496 1216
893 451
632 974
228 1482
262 35
1396 1000
42 514
964 118
829 826
694 673
1182 1198
555 690
483 118
1451 621
397 1199
288 35
870 798
374 771
1350 209
766 1117
311 1371
1123 442
806 1368
659 766
963 536
1120 1033
1062 1458
1065 758
908 580
1429 68
778 606
693 30
1254 339
1153 1328
1356 681
215 188
883 1126
645 648
838 402
485 41
60 1190
186 21
529 1099
685 118
426 595
533 542
222 391
696 1106
881 70
1093 1171
865 1261
1438 1214
1380 1400
707 210
590 887
195 375
199 948
1247 529
615 752
1347 611
1424 565
1015 1354
1384 1131
1191 549
107 1333
1115 830
1319 1050
522 44
822 1439
1264 163
1383 843
757 593
870 1342
1092 302
137 1198
1404 714
1095 1407
1381 1453
843 401
1266 983
520 1324
858 577
288 1451
1325 340
581 371
1017 25
47 86
184 885
1259 1463
943 638
263 1125
179 37
599 1496
1331 233
872 490
626 864
1443 1262
123 1132
1269 1437
710 1129
1140 885
1361 337
956 1071
1263 1205
1059 856
215 982
13 360
612 258
100 798
1187 75
1023 789
1446 248
1206 623
1172 200
73 1459
890 967
612 925
388 1284
679 1395
1398 675
465 196
1484 530
527 675
1188 615
34 537
507 1040
772 100
751 219
835 1408
200 1467
1206 806
1119 583
1418 494
1083 837
564 829
2 1181
179 1076
791 427
100 1180
666 1486
768 194
507 403
215 896
1143 1034
1167 641
20 766
450 941
699 695
943 1317
125 1111
1418 518
1029 1242
599 684
799 995
1345 1424
154 6
1212 41
829 1191
763 1259
1469 1207
1238 637
950 950
1014 1469
10 160
1350 946
1390 976
1330 1013
286 1442
898 463
404 811
1262 834
1268 1251
1240 337
1047 1346
753 1445
1186 623
819 701
697 817
726 1170
1439 702
230 1420
146 1479
1081 1007
1350 964
984 113
395 168
239 1239
473 21
1233 1439
429 291
1105 1117
32 766
1223 929
1397 1349
230 659
490 1038
750 35
1394 652
1497 1368
1383 826
1269 360
1023 269
1248 1114
740 555
1038 1386
1401 898
359 1312
786 685
695 476
383 508
94 533
907 322
475 416
26 1242
98 1335
1284 875
133 985
1200 569
148 1337
1158 1087
313 1315
89 23
443 973
1076 1026
749 450
913 512
469 455
1051 472
1045 1443
92 679
686 1057
606 23
727 495
1267 974
1153 696
1322 752
608 849
276 1202
1136 1453
771 1271
173 1020
410 452
396 302
1289 270
568 715
146 874
519 553
1372 50
1172 951
1491 1371
1361 853
640 983
52 869
1175 455
1340 976
586 1463
921 1414
487 440
1267 53
69 102
1351 197
1095 1188
1407 288
222 1337
324 944
336 1060
225 1141
1332 78
1205 851
1228 18
1037 977
817 13
19 43
958 1036
594 133
383 1379
1244 1036
80 731
812 365
536 790
311 316
927 825
1049 771
931 1402
435 954
1469 1307
1404 693
1232 399
197 952
758 16
1241 1302
536 185
561 1477
631 1260
515 993
311 722
1229 1203
314 1202
1060 1124
244 1151
274 167
1466 1222
665 839
252 1464
649 100
824 336
227 1299
376 1363
123 1484
1246 1051
487 1323
1050 205
677 1231
1016 871
768 227
928 1390
293 233
374 1380
431 504
501 80
380 812
983 204
1426 165
829 627
1022 80
813 792
518 148
837 484
1261 81
1206 1496
371 474
645 477
801 689
1081 843
972 1183
21 23
1325 631
1223 1044
792 687
333 1288
13 545
682 692
782 400
337 1061
783 196
954 1493
1154 437
1141 1374
1110 826
635 392
1102 1477
1294 97
962 1126
764 924
670 1490
1171 1454
1394 1185
867 833
1040 150
953 1310
320 73
827 190
289 1329
972 1139
1500 1193
281 1256
1294 197
951 474
1197 1425
719 200
559 837
1172 369
731 1325
1076 357
976 1147
437 701
1451 167
749 363
531 770
236 398
1255 1398
154 145
908 760
1097 158
747 411
627 373
1277 205
1206 1305
793 1320
1175 814
322 742
1086 772
726 1256
1145 1077
294 519
347 1141
626 1036
890 221
619 1490
986 1485
796 1457
1224 729
1026 137
691 1171
584 1043
730 1438
1 1000
507 158
963 876
1330 1270
572 477
1492 158
1407 31
1214 359
1029 1386
1080 1123
728 762
175 1469
131 1158
1391 205
880 1165
965 748
987 1320
852 827
415 356
780 904
1482 1219
208 336
356 29
348 1382
1284 1053
1187 341
1234 747
1071 474
1500 1360
845 1176
424 840
1298 140
1174 47
854 810
142 1012
1204 849
296 426
806 163
1202 695
679 1100
225 38
462 969
1208 927
1432 910
465 314
1137 25
1466 1284
847 65
1043 1397
1251 1009
672 219
201 231
101 721
1410 1227
213 528
248 1000
1240 1226
533 440
1312 1271
207 1091
942 1161
931 1450
756 934
851 1085
194 1493
634 1155
269 1342
1299 1388
1375 101
1457 376
856 1474
833 822
1409 1480
644 1019
411 807
771 348
198 1252
668 557
515 1322
283 47
346 832
632 44
932 804
223 306
480 470
657 898
872 1309
565 1218
859 1233
316 568
409 1318
428 657
158 812
367 1208
234 1431
1042 247
609 121
387 1072
434 786
124 1024
633 139
1073 1341
470 798
1309 1324
108 897
379 517
1409 881
679 513
830 1436
92 673
839 574
920 1393
1173 405
690 468
747 223
850 1458
134 525
538 121
360 1265
588 28
58 183
1480 893
557 327
183 594
1110 433
1220 1283
1328 818
1441 1214
1351 403
537 558
1115 344
1374 544
207 255
1202 718
258 1253
122 594
734 51
1072 556
927 1281
296 523
514 1215
669 1433
635 988
486 1116
611 1476
809 1235
1286 169
1398 1130
160 1294
756 249
850 902
59 1075
475 299
121 1465
904 622
1034 944
1141 601
1174 1121
1194 468
934 992
1237 1160
125 991
707 205
789 1084
152 1317
972 88
322 806
940 433
547 1396
206 610
536 755
610 645
981 1284
1008 442
1213 593
1325 146
1168 326
954 151
368 253
604 686
268 1105
667 1248
368 615
1268 617
296 689
184 150
947 607
163 1166
1408 167
1029 56
334 832
360 171
697 58
1306 637
955 1136
565 200
408 846
432 574
646 1005
743 1024
960 927
686 273
1460 1167
762 1496
151 491
868 723
1003 68
934 1033
968 1081
739 671
660 435
319 338
1092 367
1475 1008
1320 909
958 800
125 809
1460 1035
869 643
401 1069
521 171
1470 535
638 49
1139 722
281 1455
121 1107
1181 789
710 529
228 172
1477 524
60 1318
200 471
267 1097
1262 520
1004 1034
6 1038
1024 1264
589 684
853 209
1192 672
1020 719
130 367
449 559
1011 415
843 638
1 997
1 213
1185 1115
448 1268
1429 485
166 633
429 808
442 501
296 1426
73 74
540 1269
1457 1286
1492 434
1399 1432
885 89
818 1317
119 598
50 1330
326 458
347 669
572 944
390 487
948 693
484 487
1200 350
689 428
291 1380
947 1172
242 160
436 353
496 1128
153 365
1484 601
84 1232
426 475
1067 1056
1152 50
986 1401
309 1459
710 698
959 1142
63 544
1250 785
735 104
1461 460
236 254
633 1286
968 880
1022 1341
483 740
753 822
761 1059
135 1020
728 238
1112 156
1300 821
40 91
325 21
1380 51
721 914
1040 620
175 1394
279 1073
235 69
1244 22
1095 661
735 1371
969 1015
71 1400
861 887
223 1214
286 649
1491 282
1344 1449
73 1124
853 1111
683 719
1169 1022
1114 408
1081 1346
199 180
539 864
997 245
618 567
552 339
937 1456
1368 1079
355 649
1369 1433
956 1169
917 735
1235 1075
638 705
833 409
943 462
452 963
253 1415
941 741
822 1214
990 601
748 318
440 380
235 1381
1012 1394
845 1062
37 355
1429 1028
1090 129
1198 1322
56 120
837 1357
1446 350
813 427
1355 1171
691 298
983 609
109 1380
858 119
1206 1195
417 899
563 1284
663 167
552 1363
495 934
502 1451
462 243
1224 660
284 340
1332 480
414 362
779 1231
350 1456
895 204
718 355
291 617
582 53
52 1314
913 1289
623 1085
378 361
199 534
143 621
728 887
502 375
608 1243
145 1475
386 698
499 1450
444 500
213 1093
1497 887
1139 652
847 1166
872 928
1477 216
91 119
248 80
231 622
438 842
827 107
719 874
422 34
1044 331
1154 270
1338 1343
612 832
225 1497
1071 899
1296 719
92 84
574 265
302 860
189 1465
57 639
565 937
1305 792
785 170
11 1246
1446 246
695 1273
540 641
344 1394
1034 887
1252 139
827 1453
1397 1014
1070 1456
566 1375
1338 630
958 124
322 1104
1330 1361
1236 28
490 148
211 776
1353 418
23 902
884 787
680 713
172 355
413 1144
847 1230
1318 1462
25 328
1360 881
506 480
1276 1491
1491 850
818 406
1169 300
155 163
213 110
302 930
1439 1384
1151 79
176 1208
33 668
1469 71
1329 1401
741 1329
158 324
813 208
1459 1194
1156 240
1087 98
1061 748
1487 441
515 1125
1009 665
684 9
1024 1074
1227 1193
52 1001
796 98
1043 1111
1363 355
1484 161
1155 795
99 1490
1116 151
641 994
717 1335
878 516
351 878
1248 1075
336 1313
1106 696
1143 519
73 219
96 1430
97 178
1158 761
135 198
848 254
1085 405
17 1074
1126 820
159 1423
928 86
165 461
740 1032
543 937
633 1234
662 533
780 426
677 1408
1054 604
16 341
985 802
1443 853
732 685
353 1178
766 863
141 937
1166 1258
1252 607
748 668
1493 1312
38 121
573 956
1169 362
779 467
870 1372
175 1031
421 941
729 687
1284 1484
277 1270
1059 779
424 484
11 355
334 188
1312 788
1341 1395
376 771
320 684
49 832
645 532
2 645
1264 1408
404 1182
1266 1072
1450 1480
757 67
1355 787
1272 537
883 1187
1445 483
553 454
249 129
203 586
199 216
1467 1238
793 283
1260 609
763 1419
1212 1159
1278 886
793 259
1416 656
241 977
685 55
327 509
1278 1145
902 100
611 1055
432 876
894 497
623 1318
1205 691
691 1359
808 1458
164 1067
1332 490
645 163
1232 802
154 732
862 755
814 25
840 770
567 256
1060 897
1206 1207
940 378
958 1370
1102 752
496 1475
351 286
393 506
430 1043
195 1211
1299 909
341 1036
1045 644
1048 1191
1065 1057
569 520
732 742
1329 1358
1226 548
1223 1332
1476 488
1309 217
463 577
806 337
1306 1491
862 638
334 1020
94 1473
976 255
589 607
967 1382
1275 1050
766 862
802 753
28 638
1482 666
1286 940
689 1097
873 1411
1391 1054
1201 538
1458 398
905 820
481 692
100 1144
766 393
183 762
793 1412
504 127
1051 872
742 1189
112 1474
230 1179
393 575
661 472
216 718
627 1377
491 1158
1468 668
419 439
1365 1390
994 349
469 621
1080 697
1056 390
899 1339
1384 1113
1300 883
6 27
835 292
1491 155
358 257
1296 1296
666 802
1331 565
367 1295
722 330
1189 260
1201 522
1135 864
1039 34
127 262
1053 229
278 1425
1319 1368
629 1406
451 192
1472 128
691 1034
346 662
189 150
1061 1173
861 1091
160 356
875 1402
2 171
37 1229
1217 697
739 998
54 428
1341 307
47 222
258 653
265 1427
824 1018
323 1472
1086 1083
472 326
1142 1318
106 140
1038 1241
1137 135
1272 1184
316 787
217 284
515 8
788 65
32 1211
729 525
474 765
319 634
1169 451
1033 870
948 442
836 811
595 757
141 798
897 509
1129 943
745 873
1202 1289
255 1426
784 437
125 428
940 965
778 893
1247 1491
479 950
842 1175
489 1408
600 177
966 1144
62 862
411 1023
282 446
141 671
1418 267
1207 1006
323 1292
1220 1312
259 1328
105 1454
184 15
429 937
730 309
226 412
688 282
927 102
1286 553
244 1480
1157 846
1170 970
120 142
1292 715
425 832
737 1098
867 497
886 806
903 583
1046 557
492 1075
1333 969
352 132
1270 339
419 360
428 868
106 509
1454 233
644 1170
1130 314
771 943
179 699
487 1262
59 637
1103 56
675 1326
432 1183
412 815
734 221
978 1202
572 297
1267 5
675 1020
398 601
1066 475
1149 818
969 724
1439 434
1155 1438
26 1124
1412 240
352 471
1471 868
1144 1015
140 1024
352 1216
169 1285
1033 729
806 1412
98 282
1347 246
440 1036
553 990
226 960
220 1477
464 235
1119 1429
929 521
536 1270
1373 1353
605 465
312 508
1483 1005
1037 600
671 931
1198 231
918 465
1136 800
489 7
706 1413
1304 1358
749 193
475 325
646 984
135 57
715 441
290 147
666 1151
25 1039
792 275
832 79
1266 705
59 289
1374 1429
1204 290
59 1032
346 467
296 1015
1392 886
1362 1239
1320 533
557 109
1318 1196
574 1052
923 1001
546 397
283 499
453 439
131 367
720 71
519 999
927 1465
127 947
1223 972
1443 15
1291 306
688 1262
721 1020
1473 1147
1084 1332
1046 1405
819 1368
711 587
1032 1274
1 518
1318 96
681 814
228 1234
941 1347
1416 629
431 599
531 1114
182 1480
1065 1284
1003 752
59 1483
877 1029
1367 1377
501 686
1163 1457
1349 321
1210 929
634 363
576 800
1391 1009
1000 73
52 440
267 231
987 1451
686 377
317 747
1288 636
944 1051
1413 1142
1428 1358
1358 377
936 262
1010 257
750 1186
1165 502
1393 646
835 881
662 89
339 1132
633 1307
1148 1461
214 817
643 331
1016 681
686 903
464 610
1249 1098
65 352
1035 1054
1330 1112
312 82
908 498
1016 689
118 778
170 1166
966 244
18 521
727 860
384 18
1012 262
686 191
278 702
51 555
84 238
605 284
1101 379
184 424
743 1478
645 1388
363 491
1074 893
1106 327
1138 572
314 993
854 282
92 934
1113 259
928 538
1174 1092
653 598
1276 1472
220 944
107 553
947 1488
1056 931
610 660
481 1440
216 146
778 1379
829 745
823 1354
228 937
439 1187
673 1310
340 1463
1477 11
608 166
37 248
719 169
914 837
858 721
462 630
1176 1147
844 931
1251 969
820 430
373 1368
205 111
1103 42
1498 1087
126 521
339 1085
128 1133
798 909
1085 111
86 398
323 759
1415 995
331 1227
974 1240
1337 924
1297 1278
1477 1100
1386 128
51 452
481 223
31 337
1300 296
138 238
711 1265
85 1092
947 1374
567 1264
1197 604
933 1032
10 199
88 1084
898 1499
959 503
1144 224
729 267
1429 1487
1105 81
499 453
404 1064
910 1134
1255 231
1059 800
101 17
465 1181
1164 821
61 1299
523 814
723 1487
298 1133
698 1235
54 660
346 132
1318 1101
120 194
1199 256
1193 786
214 1093
1496 314
15 785
266 971
518 263
619 59
631 270
530 1384
1024 721
44 1329
1445 1298
1361 624
1227 118
891 224
298 445
1051 703
472 1345
713 151
1095 166
1112 396
380 165
182 637
1208 1327
1045 748
1123 1140
490 275
1328 1134
101 613
276 528
353 1115
1179 324
1405 551
155 28
1139 75
598 973
676 1366
218 976
1100 1288
1250 190
383 386
596 669
157 1171
1361 151
550 729
29 1098
357 540
1356 73
334 1245
1012 662
281 985
552 816
825 235
923 1051
692 1296
721 86
625 54
403 1497
208 183
1174 1315
1425 322
134 1273
1067 197
582 663
114 1149
1375 1334
995 883
256 1095
355 1077
205 1155
931 1313
1125 1464
1474 992
1088 1183
119 841
897 422
101 686
394 600
1424 156
1309 859
1218 343
1463 345
877 528
212 197
1223 911
426 424
1296 591
433 599
134 1084
10 1428
911 1243
702 757
1150 335
198 572
179 351
29 912
1276 1087
386 830
1372 1121
154 303
580 1241
535 401
1311 214
1390 1024
434 734
1491 1376
183 1315
927 396
536 1228
822 820
1432 248
201 599
851 893
1102 370
967 1084
323 117
238 1018
100 307
80 794
672 27
1164 562
665 42
311 855
446 402
1188 809
1162 617
1256 678
1291 23
196 953
156 452
1195 782
1231 866
1241 912
345 733
1484 383
995 1455
1278 600
1253 814
484 454
373 668
1462 1238
966 375
374 1304
729 1473
1461 1175
1284 1169
399 339
1357 302
758 538
578 412
1250 258
1310 377
924 632
666 1293
968 804
1054 1305
1140 1087
369 1413
482 392
488 868
257 1220
1002 520
1235 1016
151 202
152 1228
958 251
114 633
1307 956
177 891
634 915
1042 1196
342 1254
400 1448
593 191
892 233
972 1045
892 390
249 1451
403 367
331 366
716 31
70 1031
1393 218
1408 541
1005 323
271 1292
827 1488
56 1407
149 1093
244 1347
157 791
1125 668
799 742
586 1239
184 549
622 349
437 209
1046 1208
714 1391
1042 843
108 57
1279 442
493 1403
790 1019
1223 742
1319 386
212 58
858 692
1141 49
157 378
597 587
948 268
463 975
942 841
1249 294
373 1027
579 742
548 528
483 1229
1102 30
583 868
897 1459
966 626
588 562
474 1261
726 1428
546 300
5 458
1406 257
1130 202
447 201
301 585
473 936
1482 580
822 319
289 209
652 1121
1180 388
1210 919
199 745
51 1084
1213 928
943 1339
1492 84
3 700
1405 1400
871 454
729 728
1006 685
715 1342
1344 891
687 80
87 1370
486 137
476 962
1115 1002
587 133
354 23
781 726
1311 1066
1453 894
1148 987
1325 492
798 1496
323 712
1158 1128
432 766
64 458
362 432
292 311
876 73
1460 616
654 275
1308 765
1060 312
1400 811
384 684
359 1386
1230 86
153 1419
1226 1261
1378 191
775 292
727 648
223 1373
390 1422
1335 1477
1361 128
1289 828
1052 113
394 1245
400 56
353 1059
1390 1430
513 1074
903 46
1254 719
796 966
843 722
186 514
74 443
1192 853
820 195
1452 1102
1259 1323
1450 899
909 41
222 1024
111 1258
749 859
182 659
935 724
64 228
488 218
183 1334
719 1175
477 104
266 933
879 1041
331 1393
420 472
718 864
1076 583
516 963
534 736
527 784
21 1109
832 551
1050 1143
1346 1394
1155 1278
611 507
426 270
763 1093
569 505
103 114
628 1471
228 1424
108 518
396 683
1499 1131
438 225
663 292
1217 419
495 1000
149 1112
164 32
846 1447
108 836
456 1210
25 601
144 168
1132 1268
703 866
832 123
752 978
272 830
348 147
247 908
915 977
380 319
298 596
925 410
1179 687
908 646
505 1263
695 447
1261 1216
1107 1187
1184 1387
120 1279
206 668
52 169
174 814
530 221
290 897
76 68
1314 479
162 823
604 674
333 260
154 641
840 989
36 709
462 572
403 554
1120 894
1351 1098
728 396
1024 505
1239 1132
906 1374
723 1432
566 337
983 478
347 149
891 686
303 908
727 509
587 820
1459 483
1408 880
561 12
586 1404
854 547
1053 1301
986 67
331 1396
281 1077
85 81
1005 1221
409 143
982 1184
1203 267
1240 386
1431 584
1097 1393
1403 17
1214 242
709 477
409 570
1111 994
623 591
1136 977
1479 1084
446 532
888 1191
954 177
899 426
1192 1294
772 600
660 990
1029 524
407 452
1395 290
1322 1001
106 629
824 478
119 1065
630 347
168 517
416 1221
870 1396
1258 331
1201 300
28 1475
293 659
797 1050
73 49
1366 1421
269 930
1034 918
11 872
1245 1096
181 1215
89 1334
432 1193
80 749
1237 408
1456 1136
305 946
56 699
822 975
1176 103
544 857
806 1230
739 1300
1385 689
927 627
814 1290
633 67
829 1487
1212 302
1410 1392
584 1399
797 1256
590 416
1239 1037
416 1488
1291 478
1346 1050
376 356
325 1338
955 305
1043 474
1018 181
76 779
1098 413
447 94
998 1369
551 837
194 272
96 1247
1395 623
985 42
447 1490
616 914
611 190
56 614
791 544
1017 638
503 1028
385 1077
451 709
737 1192
788 968
859 594
1060 628
827 189
1494 341
444 473
648 820
917 484
365 257
307 1230
946 442
164 629
1067 500
1052 748
914 799
575 739
343 690
235 339
354 719
912 211
593 144
1021 1058
1170 1331
241 475
1180 1228
230 421
477 292
496 1105
291 1136
345 948
1209 1290
684 1061
1117 1139
1256 70
1195 1002
710 230
904 428
25 63
756 448
1240 89
381 1445
522 719
906 714
1418 740
179 153
41 397
101 923
448 197
912 362
772 120
278 1457
741 1340
187 1228
807 929
155 887
31 473
752 624
189 24
1493 1279
297 392
122 638
567 914
89 621
1143 671
1153 780
1217 690
232 86
1454 1159
394 953
995 857
619 619
621 223
625 1122
590 1068
272 156
197 1363
1062 124
556 153
1411 137
1314 1419
1347 1452
799 1042
1189 884
224 750
60 186
566 1413
1368 373
715 919
220 1471
586 1147
277 232
307 443
861 747
523 597
537 711
824 897
696 615
72 774
785 669
355 589
306 652
1271 1267
626 168
712 89
144 1342
355 657
210 920
545 867
1468 818
1492 563
676 1374
1074 1241
1446 877
334 1312
392 982
347 671
444 482
174 918
121 1049
1404 1245
590 1316
116 326
1113 459
1226 87
487 254
1067 1233
576 682
51 767
234 1485
265 954
153 922
361 174
1102 217
152 161
1280 815
1315 1079
871 577
937 1214
1194 310
623 39
1106 682
129 320
649 1216
743 79
84 632
1015 291
377 382
252 1489
760 733
1124 1198
1072 595
1094 767
452 19
1395 1249
435 1225
406 571
1133 835
405 1172
1347 580
530 925
604 881
1122 1283
716 1205
37 1224
821 1385
1322 1488
201 700
852 666
120 877
913 656
819 711
438 1051
495 120
1132 202
393 633
989 537
58 169
93 453
1218 832
927 935
775 365
291 895
339 1308
630 1114
814 325
1156 1257
797 1337
48 723
1241 1050
1356 1420
176 1028
1087 864
1025 1375
821 659
239 1422
830 662
960 579
849 79
894 1312
626 936
1325 948
1170 710
594 1158
686 887
39 348
743 404
1392 1173
292 1068
10 1020
705 124
1370 1196
10 894
605 996
899 1300
1313 866
506 101
1066 1165
745 1269
134 523
271 755
1445 1076
161 328
1205 1034
429 1227
833 227
1457 636
405 1130
268 833
1289 803
1150 1150
514 218
326 863
301 1340
517 1024
881 803
1376 1488
831 735
628 1470
515 570
821 703
1238 333
101 48
906 1491
1259 364
18 554
1092 1053
111 67
1336 160
950 1479
1396 125
998 127
275 996
1224 971
1138 400
957 759
148 1274
749 10
974 346
942 1036
1067 624
306 213
1292 1265
28 1442
218 339
248 760
1108 326
422 183
667 872
505 532
1066 1060
1209 374
823 199
1117 909
1187 1315
1049 348
1277 1463
398 885
1094 642
1391 1323
847 35
321 1467
188 478
58 1378
412 1425
174 1145
761 221
1377 710
917 149
1375 983
433 1339
534 696
60 879
318 82
691 1373
1095 1053
1492 66
679 1025
485 1265
1079 1448
1103 177
851 607
954 987
342 52
1198 86
943 1163
1214 403
139 1479
820 422
1282 955
550 1244
3 696
1152 195
187 1338
1122 935
1364 1118
919 870
776 1426
117 562
719 11
1095 113
897 1218
544 785
410 1050
890 22
286 65
1184 341
1216 1341
719 402
1328 841
571 836
328 636
1076 1459
309 445
803 1446
1130 688
1230 318
629 1359
783 135
1364 53
529 625
1285 1111
1415 114
606 832
1246 651
1440 486
812 916
1354 1041
878 811
661 488
642 7
1161 206
1122 773
1187 1207
869 699
752 155
157 861
1016 1434
917 849
1013 108
1283 86
1477 527
406 419
1295 1398
130 84
665 680
544 445
674 714
784 498
202 950
948 1023
64 1049
1391 1305
175 781
101 160
1280 562
241 835
1053 1425
956 1225
1311 527
760 77
1041 125
1461 1060
494 420
1090 925
195 523
851 1250
1059 682
1274 553
1238 1077
460 729
989 1377
1489 974
1326 519
647 1278
1226 1271
1158 1342
593 1030
924 948
688 983
643 1042
38 1466
579 123
464 331
1046 1113
837 82
65 371
222 1262
597 295
149 783
937 586
672 1266
1146 379
12 512
777 574
1359 1160
1439 1446
259 693
51 1220
244 223
839 1441
491 267
496 698
1300 985
792 538
1421 1137
333 758
248 905
471 136
380 862
372 732
1042 1426
439 287
1201 289
1195 948
1367 915
482 1013
1306 1208
1182 422
11 265
962 428
1236 1070
952 36
256 104
774 313
1091 1477
142 1283
1315 1318
762 94
598 21
448 779
804 1450
766 449
504 159
94 86
1414 418
960 867
464 1318
1156 1158
570 1070
1193 254
430 929
1366 224
452 127
957 1184
1068 1255
397 553
765 165
340 1389
198 241
1480 569
807 1481
797 781
1170 184
616 262
1231 1268
1494 323
1337 429
64 1077
1 938
998 515
316 499
102 442
1424 920
1118 386
583 757
400 1344
1488 1050
413 236
502 1149
1120 1322
818 685
1137 1333
335 598
605 1236
516 1055
559 801
934 474
971 950
462 1098
107 1474
281 413
31 952
458 1208
713 786
728 1100
928 1372
381 102
1009 42
1034 195
364 1424
980 877
740 700
133 1236
1457 145
331 840
576 1174
958 1253
252 801
525 100
224 1197
467 1066
649 1014
1470 287
194 1159
964 621
333 1428
1452 1256
1299 590
711 284
55 696
183 1309
423 151
1439 1034
1095 95
161 126
1206 223
1265 214
471 251
142 1067
936 145
10 1183
513 674
657 141
426 1294
1118 1454
1073 637
942 998
239 1123
1168 384
333 675
877 441
544 527
444 1389
52 1383
921 527
908 871
640 830
714 881
359 1468
40 620
659 1064
900 301
1267 582
544 920
441 1070
49 907
1459 761
121 257
1021 39
706 6
1335 1006
709 728
746 685
331 1333
58 161
1418 55
990 264
1163 353
787 834
519 1424
1442 1037
176 528
853 791
945 545
1328 1055
1484 1388
1148 672
403 1022
1035 245
761 486
221 238
567 841
923 1114
874 1091
902 1014
306 1397
1438 868
1384 875
1048 795
720 203
1120 202
1019 1325
627 1147
214 272
1104 1414
1022 20
89 174
1387 397
353 119
1286 1077
748 1173
1480 386
1086 1020
463 846
35 1024
79 1259
1471 151
754 445
1009 1145
759 1481
1169 1235
637 555
1371 35
1242 1091
1066 350
1266 1041
196 1119
1270 583
162 892
476 1407
8 1023
849 189
1071 215
1141 744
802 1334
386 603
566 661
211 1203
45 341
425 544
1428 128
654 1477
1356 186
70 932
562 221
32 1425
197 1359
751 489
269 613
480 50
982 1211
369 37
983 515
622 249
559 674
887 54
196 73
943 1244
838 1263
271 825
534 455
550 796
1036 857
1236 799
497 1206
1384 1487
1297 28
1110 435
228 334
599 1403
241 1138
782 1016
328 802
491 1465
854 1370
445 145
30 1247
459 401
1148 1011
807 1261
740 316
962 1292
740 361
764 1489
1345 1146
1119 123
1097 796
645 430
157 1175
1167 1462
1066 891
1053 1287
1481 1144
1174 862
759 430
638 1187
1016 91
1431 71
320 1363
604 261
975 423
1277 751
1157 1209
402 390
1018 255
186 414
1011 1392
1428 215
1026 1146
859 904
38 878
283 1032
457 1006
1426 655
1300 705
916 873
84 676
267 1198
1157 39
22 1453
312 194
1139 810
1293 1397
335 1202
29 513
1157 217
380 129
1118 1287
118 1279
872 1425
1366 600
256 386
112 815
1486 1430
151 1400
1127 243
1018 584
1088 858
373 806
853 435
702 569
983 1474
1377 1365
1211 13
635 500
1232 1220
94 242
1264 1036
5 1346
869 367
697 850
890 59
161 1009
595 825
442 76
684 200
1034 1007
1258 182
246 1060
1446 1249
1421 87
672 702
1487 1240
1199 1466
829 1147
518 1294
1011 1435
906 145
1040 225
961 736
852 805
914 461
1360 349
870 830
934 60
327 140
1467 62
626 755
13 223
710 1229
120 121
375 447
503 413
625 314
71 1480
989 138
652 78
716 823
1257 916
942 1205
1317 3
1477 238
41 1240
499 860
1264 497
1297 1480
64 808
549 621
479 226
345 822
178 1194
453 872
781 1428
918 298
683 1432
1372 345
1163 204
141 234
491 1305
1467 1181
833 1320
812 1052
591 775
1420 1137
438 65
523 1100
1330 1316
663 497
1411 869
200 305
572 382
22 1082
1437 659
951 1228
442 5
1406 477
935 198
495 1185
1440 1264
1336 1070
845 34
163 1149
1342 660
96 1170
339 1099
1094 869
972 152
1029 237
835 1116
391 729
1366 1224
1000 265
714 53
706 1258
432 506
184 521
1055 1489
729 717
1306 108
1304 767
592 1333
519 725
705 928
961 726
639 39
529 385
741 874
1096 548
1314 556
924 59
162 405
322 381
120 234
964 351
627 406
771 723
858 663
748 446
1177 1492
694 148
1135 1072
588 215
129 967
1083 159
468 326
1482 981
38 1357
804 1299
485 21
1269 811
252 100
1021 962
218 700
173 1047
1300 1194
804 932
1498 575
413 684
901 383
1085 1149
1139 1433
564 360
548 1199
263 447
824 1354
933 766
709 601
9 701
1251 274
342 417
832 749
870 761
600 892
700 627
205 530
462 1399
220 160
778 1439
957 757
495 288
1475 1381
557 720
1071 884
1 180
1161 624
83 352
1079 1204
745 880
10 547
1265 21
770 720
810 509
762 275
279 299
340 496
335 43
1202 2
672 120
685 259
1459 663
1348 1242
683 555
388 1405
213 1485
419 816
1276 1018
635 1294
996 1406
1013 458
381 499
817 981
1089 1455
196 102
121 1055
1247 669
851 1436
1409 568
248 602
1420 1331
598 99
1288 656
56 909
1349 726
1089 1471
649 409
1282 168
1089 570
1331 1061
77 975
903 752
1497 818
1383 1314
1099 258
500 747
878 26
960 1270
395 969
1015 1358
574 22
1430 1179
1007 509
1499 646
1399 492
838 1384
893 403
103 116
684 546
994 363
103 917
552 879
814 1366
1326 536
58 1145
679 1474
984 1320
92 995
1386 84
1436 144
535 1272
1158 1009
889 880
961 1422
1439 1293
663 712
1031 131
599 301
1252 327
497 1490
449 554
697 469
562 58
390 906
1479 1447
384 783
98 301
306 8
1468 852
301 588
903 1027
1303 208
1229 669
995 1415
869 1449
1473 219
1434 982
104 1230
1141 306
371 425
440 1126
1489 54
1499 1070
840 280
730 245
1335 203
759 584
1098 27
629 552
1442 1069
812 141
1062 864
847 1427
522 518
792 702
1354 1356
355 1062
1245 626
194 369
746 1177
1436 1169
858 1001
1003 669
468 1335
1162 442
997 20
1346 105
504 1328
1180 411
725 37
1435 677
1360 990
932 981
1037 538
452 1085
1053 881
40 1447
324 586
979 244
568 86
419 293
836 860
241 414
1311 533
815 597
806 94
767 1031
181 179
877 257
101 1275
584 1474
757 325
429 154
303 5
772 446
60 992
423 735
791 160
851 705
1230 159
602 133
781 173
331 932
1345 1264
560 1012
1293 1424
1482 820
1090 204
412 512
1184 411
1313 440
1106 326
119 82
510 1061
340 480
246 947
852 382
482 899
679 344
115 1145
509 52
124 250
1314 1043
787 36
731 760
278 399
578 988
1071 579
117 896
28 914
646 40
579 625
1234 1426
1397 1268
443 1063
1261 977
1178 164
1155 1157
1061 127
590 1293
553 50
251 170
1088 188
591 304
257 1459
2 1444
291 1054
1489 480
415 792
1365 487
1300 253
17 1441
989 1352
102 1420
246 888
705 8
475 54
581 600
442 735
805 809
769 962
1476 1014
839 1253
899 289
919 725
580 1333
5 374
892 1473
253 1299
569 491
742 242
113 737
788 356
209 936
1248 1156
1055 1193
315 1349
810 397
896 1468
1043 852
1038 915
1120 793
55 754
130 336
479 675
1476 1500
195 1437
494 1327
444 757
1123 639
731 545
719 81
482 512
520 1273
152 97
851 295
153 1039
1185 1496
596 1285
711 978
1370 363
399 409
1031 785
799 1346
1323 1039
1431 1468
1121 861
146 584
823 1059
973 461
1338 1171
1028 201
1143 989
1329 174
250 228
582 212
1290 427
265 1126
522 467
486 692
502 167
897 432
1233 1396
420 143
1281 1314
159 421
1231 982
14 1208
1280 70
1223 2
217 1137
732 1070
263 452
1391 1432
483 1493
209 747
1216 1357
368 1106
152 738
129 1150
1496 281
952 23
686 1226
1484 249
533 104
926 796
1276 1438
349 1375
546 1396
909 1282
1274 1173
665 919
1433 1006
1081 11
1048 1379
96 92
1268 984
45 540
1067 1163
1084 707
529 596
315 746
215 617
393 1476
286 276
143 505
1335 717
982 945
210 224
624 806
900 1071
150 713
1130 92
1321 355
1354 385
264 1330
628 1267
690 1481
670 1496
1292 1477
560 1484
697 1337
1114 1099
1363 1244
1370 341
205 792
1465 202
1087 979
969 255
1446 1058
1036 548
641 1088
1047 784
1203 240
321 529
746 540
638 1433
634 921
640 1194
678 1065
361 132
152 945
1309 760
743 679
1405 878
1274 1113
912 1444
871 203
1233 566
589 933
125 1434
422 1052
1222 445
1299 542
789 673
1065 448
1096 1356
1180 844
1350 1493
118 632
1487 778
1246 357
95 662
346 495
794 179
510 1112
618 62
1225 1223
172 1365
728 1123
407 810
437 920
378 223
1054 978
476 322
20 139
422 485
922 570
275 620
461 1237
767 1474
940 970
646 97
63 754
810 450
5 1497
460 440
1138 534
243 888
1498 778
958 461
492 567
578 285
714 635
654 375
1046 992
615 1447
744 107
371 1287
116 368
622 1439
138 1404
687 1267
1284 1365
351 1259
1052 1281
1076 1191
1047 34
324 104
1422 113
12 244
3 386
766 1345
1137 530
692 248
1495 1350
252 1019
1487 223
641 827
531 282
1327 388
608 1430
190 1197
433 916
383 1124
1465 1203
1439 1213
937 260
540 1134
493 1119
1394 160
1122 703
1306 364
763 206
953 220
430 1177
954 1115
1214 1310
705 653
438 150
711 8
116 1014
805 1032
919 520
686 189
1035 1432
1267 35
579 492
1054 1325
31 1050
1263 646
842 429
981 1424
269 181
799 409
1282 428
157 564
35 793
1058 83
295 826
147 638
302 662
186 485
1259 804
959 1470
1279 1055
791 637
863 978
547 551
526 174
771 608
263 1388
466 1429
456 1048
1179 130
796 326
27 880
1064 1186
1022 1252
1146 1351
79 232
70 557
557 789
1488 948
625 1329
1422 1493
1493 966
1004 488
809 1486
769 242
1120 139
1432 775
26 1364
1095 183
1231 168
1434 468
586 662
1175 871
259 814
836 1479
58 96
138 1106
1053 1230
777 820
279 1131
1380 1009
1171 585
783 494
966 694
1086 350
1220 479
303 37
650 136
226 1105
748 529
204 292
578 122
1140 1278
680 360
786 744
450 97
921 957
737 1207
905 1467
853 860
591 369
197 222
1165 819
424 657
679 40
879 392
297 184
215 1281
690 1422
468 1228
16 1275
914 246
1165 839
683 819
249 1079
1293 522
1417 1012
1185 135
744 985
1480 1070
9 117
187 1369
368 155
178 1497
1326 564
1118 881
324 136
197 498
1096 1484
1063 369
809 670
506 1370
834 1408
1343 203
1010 883
494 1468
883 933
347 1394
1365 1416
1050 863
1364 920
19 365
1472 975
283 763
416 272
959 1318
1189 314
938 1199
569 817
701 968
287 741
5 41
404 1282
833 441
578 836
1216 369
928 101
305 397
267 1303
725 253
816 1
241 813
462 1221
528 1280
812 891
136 605
1022 17
32 187
940 1094
1392 1103
129 959
1450 1321
1446 825
624 1260
296 113
1055 941
528 1383
967 758
1062 1112
881 104
642 514
635 1034
1332 1027
984 744
554 1343
1346 722
1441 1028
360 1085
999 102
272 1318
467 438
161 807
830 695
124 895
94 292
252 150
372 237
163 679
665 740
1259 1287
1037 265
1437 159
75 801
1252 506
1408 1392
1017 318
788 957
1019 67
1005 94
1397 467
649 1404
863 399
294 1488
685 442
1295 495
113 533
878 187
155 91
692 722
146 1250
1469 462
214 1358
737 350
1243 332
1070 1028
795 1070
255 787
1352 1477
32 1123
789 1106
1454 519
895 1005
1 758
398 1183
1421 294
488 1399
598 1257
1256 712
67 1320
344 1004
1089 888
1405 936
175 1342
1211 1222
1329 139
1179 1359
1378 1029
75 1407
682 1041
1410 733
428 1313
1156 748
330 324
85 178
1230 1131
523 1126
817 1439
592 1397
679 1456
198 1388
1246 208
1104 917
306 32
1324 891
620 538
1209 1339
313 28
954 809
1090 656
1219 1426
486 37
450 1226
1096 1084
31 313
1 78
199 478
1035 105
319 864
1447 1061
503 1129
1029 821
861 160
718 51
112 309
118 616
1493 686
259 579
1148 84
848 172
1210 948
918 643
1293 676
496 550
929 1349
1013 1404
1370 205
847 443
546 1491
517 945
1328 158
578 745
1012 524
1048 96
1142 857
422 886
929 94
138 1148
721 686
1085 869
349 1350
452 176
912 687
563 1060
1414 1194
1056 67
189 783
950 1455
1198 371
286 642
1078 1255
1018 1123
533 412
640 1077
954 356
378 1060
1003 984
216 178
1241 1092
821 735
735 1228
1181 1332
1444 524
1137 1065
283 223
641 101
838 367
420 614
1409 160
1178 473
588 1018
34 531
163 1395
1492 1073
702 150
812 173
552 81
245 1377
1339 705
861 303
1041 407
89 846
694 1301
1067 1036
25 127
434 1101
915 1220
602 63
1146 596
1473 1478
1262 1310
458 985
1222 1413
67 630
1249 330
228 2
1098 85
1038 41
844 346
252 705
626 506
365 552
1424 1226
1286 1343
1311 1429
1319 336
1122 969
189 1192
1412 1144
1009 310
971 1156
1467 1206
549 1052
399 373
954 1272
387 808
1035 1015
199 675
262 248
70 968
1062 36
1194 1080
140 237
362 186
1334 598
593 1161
1039 885
1425 331
1375 597
89 1287
1080 801
4 1478
620 1012
596 73
1274 483
630 1174
1420 727
498 434
1338 444
453 1034
1012 627
652 916
1340 670
804 1164
1330 946
1260 18
740 599
219 1450
62 648
987 1143
730 537
225 836
1376 308
402 1109
1200 132
1021 676
283 451
754 867
994 380
690 437
1448 1320
1300 1059
1348 820
572 369
316 174
1310 1305
1064 1307
1004 1007
770 1218
279 1413
868 1295
16 997
990 1122
1435 793
550 329
256 755
609 111
869 693
780 563
186 1322
418 1212
735 734
1404 566
199 1110
754 1497
1274 339
148 140
504 1449
861 1257
966 1035
947 355
562 1362
736 1471
326 961
70 876
538 234
485 641
903 398
804 336
1198 1478
1025 213
997 1243
1075 591
406 1463
97 838
893 188
857 168
56 677
1029 189
305 195
184 1058
28 1205
1140 513
726 1023
1250 1127
973 583
54 337
332 665
78 1020
1030 344
1013 646
494 873
845 502
1270 1260
36 615
672 750
49 1091
104 474
51 908
1119 890
154 1126
1384 804
1198 1139
1133 1239
1244 1282
36 268
1470 866
18 502
1402 1267
1123 1277
1082 1203
764 470
950 1170
870 958
1270 274
1432 238
622 236
642 929
248 719
1486 1092
161 415
203 1086
1102 1209
217 1206
1216 629
388 370
1302 735
189 761
1438 439
281 944
822 855
1051 664
156 311
348 1119
184 43
1020 638
773 439
664 790
627 450
614 946
172 663
225 19
876 293
790 1280
689 1026
950 1361
78 31
101 991
219 1454
186 710
922 876
795 281
257 820
708 13
1036 1039
435 437
44 661
1378 1113
1064 128
649 982
807 775
805 812
687 478
942 1293
704 181
1496 409
1263 350
411 1219
680 1011
473 1331
1170 451
674 1420
807 935
479 716
403 252
1348 305
361 1211
1162 774
643 473
437 474
1430 492
469 101
282 661
900 705
807 1376
1183 387
1412 1225
528 890
858 1441
779 263
9 776
940 17
1078 1072
957 399
1452 1158
688 660
1109 603
151 1041
100 1106
1369 718
596 67
1220 538
1154 1039
733 904
27 851
152 598
1040 182
749 1107
346 351
1245 1478
966 438
493 32
685 446
972 662
1147 1311
859 791
401 1113
1314 279
405 900
1261 273
605 357
320 706
202 745
66 623
786 1453
936 1175
543 1390
1229 1032
1495 401
1217 768
437 1238
646 219
38 560
1318 979
1179 1112
51 798
1008 795
396 247
10 1377
189 100
1141 764
824 99
1125 616
1204 892
1338 1296
1058 1070
1258 1177
314 1048
981 1138
436 181
343 347
48 1375
617 1486
575 485
1061 518
148 1403
1351 1122
1058 694
464 822
730 1332
1175 944
250 920
708 1290
1343 1386
1404 825
796 1302
1266 609
433 1351
471 232
1211 127
1225 976
1212 847
821 845
1137 883
622 311
854 1399
624 371
207 116
433 1031
288 598
1139 247
306 934
670 1235
656 635
1307 18
738 985
152 1392
189 1309
846 203
487 659
1173 950
130 593
271 18
655 287
1424 1458
675 340
1212 1047
1297 40
50 159
101 158
787 813
981 816
874 504
51 224
918 1411
310 458
1037 209
380 11
628 1114
1247 744
914 958
1226 987
1081 1048
955 261
482 846
962 377
1005 263
1384 480
1162 849
577 1249
922 668
1039 123
676 387
593 969
1097 29
987 201
1482 1019
474 244
361 1292
1350 1376
551 1201
629 235
1213 502
743 12
1368 100
1248 64
1241 624
850 1102
368 884
1064 1074
316 389
1463 14
1252 461
1150 70
1365 1302
907 38
1188 850
1499 273
1393 876
1474 356
388 1223
317 408
1151 1374
147 788
664 164
1327 227
313 265
150 1180
1393 168
492 450
100 1282
633 1074
369 94
472 215
887 1183
612 830
1199 1288
1 1278
321 1266
882 945
197 1291
380 1315
42 1408
913 1103
919 892
970 891
466 152
1462 1453
383 262
1416 1148
1034 1202
314 156
16 693
27 1193
417 1060
1126 1476
409 393
961 287
925 592
968 1326
1088 949
1061 658
1328 1316
908 551
561 817
971 345
567 125
356 966
707 1440
622 162
501 1268
377 1462
23 966
76 578
273 1268
115 33
772 487
1477 1075
208 1126
108 383
279 750
1476 1173
1377 1396
1366 1265
613 1360
1249 1288
1061 314
1177 890
336 1070
1469 185
1095 68
1078 122
1082 1022
666 453
560 1114
818 873
226 1459
580 989
88 1175
1360 1000
1152 348
1073 396
780 643
226 85
1194 366
622 324
94 644
397 786
746 367
580 897
1032 832
682 551
901 867
596 940
985 1034
705 225
327 938
566 101
234 877
846 1083
984 344
1482 806
134 1328
535 1436
268 700
906 1266
160 922
884 1498
873 663
1242 565
159 1397
911 921
1400 8
731 1357
1440 1291
674 61
536 396
1239 668
773 1118
197 266
569 981
1297 1299
1135 1065
995 1244
1270 353
37 40
292 154
994 725
1019 1317
740 104
799 757
1277 1442
1241 1185
1166 428
1011 1288
660 410
497 949
1490 160
576 498
1171 525
1342 1463
402 1447
1369 1004
207 878
1066 947
388 656
1104 207
1080 741
289 522
1062 53
1305 739
329 1306
854 103
175 170
339 1381
355 665
916 237
100 1222
701 595
531 972
459 1343
999 1235
1119 234
487 1012
1108 242
503 469
1063 1011
689 464
1040 935
603 1159
364 1015
1340 784
789 406
55 286
258 749
184 1163
116 1240
826 739
1496 613
643 210
129 778
262 857
776 1443
731 223
958 156
526 1437
979 608
1425 566
529 31
1119 1273
1358 1201
1237 1475
426 631
1048 590
506 1217
539 318
57 13
1093 1356
1099 254
1250 806
52 462
1399 1007
26 831
440 623
1073 232
1210 517
1067 765
1012 299
1041 1387
739 869
711 422
529 892
924 62
747 405
874 99
58 147
22 1477
425 969
299 1464
293 791
392 232
1106 478
564 1219
272 553
342 1177
1473 1259
471 1205
1219 1383
1278 979
1391 1459
554 1361
995 264
1204 905
478 157
249 1179
366 862
980 519
994 1467
1231 1090
800 189
146 762
73 255
1248 683
3 709
50 763
232 454
346 208
445 236
24 584
1363 1340
1155 526
1437 225
634 559
406 1312
812 1267
501 1330
649 353
755 331
709 204
567 387
419 604
397 1037
1067 1444
491 393
108 1405
743 229
877 151
523 1488
881 263
761 715
668 664
211 321
135 1414
854 132
371 1448
525 188
1226 173
329 728
583 169
258 1163
971 1136
1165 1409
320 1036
1144 1122
641 1027
1332 14
1398 1067
1270 1333
157 89
864 716
293 427
1231 677
1238 53
1397 956
1069 815
1339 659
1130 297
492 1139
431 223
519 1015
30 1462
743 225
986 1359
1021 1259
122 6
859 11
811 521
843 442
419 118
517 1057
709 182
60 321
1455 1124
1013 53
238 394
410 1421
361 862
310 969
1157 1219
314 550
403 741
36 1121
1377 138
453 1058
394 115
297 238
36 135
753 1112
785 302
1368 1188
546 756
775 41
569 234
361 809
445 1465
1195 1147
1066 587
1443 788
916 91
1427 161
982 580
160 116
661 1136
756 984
649 961
1281 994
238 384
1383 678
91 570
683 1183
1237 940
1253 817
1073 1282
783 131
3 718
95 912
895 193
152 214
669 1214
103 1451
1241 218
399 291
1242 1456
666 1350
486 78
1114 1200
422 1356
312 549
348 1319
614 708
418 728
563 459
613 386
471 1197
26 1266
372 547
1180 138
1420 575
1262 1175
95 1101
1278 646
144 78
706 25
1127 391
706 335
74 1184
1326 662
401 777
437 40
902 1405
710 1482
1337 796
746 1499
730 1480
119 417
612 1036
419 111
1386 709
1140 823
32 146
195 484
1228 666
666 122
686 1063
1166 1249
581 1013
1277 424
1314 1015
952 1030
534 785
1140 1318
427 747
754 95
535 661
17 458
789 875
487 1372
1224 99
922 1350
461 1304
760 326
299 641
325 214
1321 811
201 1212
656 404
1466 1382
221 617
1358 599
945 1068
976 238
1203 1197
987 281
1062 406
1391 345
80 781
1376 263
202 87
768 1346
1145 1281
1325 936
1307 1197
1047 1446
1178 555
431 1376
1050 1317
201 71
510 757
453 481
629 80
1180 1278
57 30
1061 573
1052 1212
1294 375
41 1081
621 577
321 1130
1150 1176
950 456
1174 1124
1176 1358
1420 894
986 918
684 722
203 1056
941 583
1181 610
560 410
198 95
169 421
1002 354
1008 729
1112 572
80 341
461 313
142 29
764 1356
674 45
910 373
293 670
1374 179
1139 327
12 373
79 184
680 1450
1475 1471
1060 1305
138 1163
1253 806
691 774
1370 569
623 221
345 542
1082 1429
1496 570
1398 1240
1159 397
781 1410
310 393
220 749
1318 865
103 615
1447 1393
555 135
668 1249
914 1173
74 729
66 14
370 1128
40 747
994 980
42 1028
658 833
1223 1028
339 335
10 179
855 605
454 468
1130 835
1036 153
365 964
225 804
1205 1321
114 470
1338 700
989 833
125 600
394 114
293 745
366 90
942 1261
388 1306
506 50
851 639
1212 601
1043 953
1145 993
899 1360
35 1371
442 1212
948 357
1381 1181
1121 526
761 397
704 725
128 335
631 1463
134 1047
590 1141
584 1104
180 615
684 1288
5 1438
528 190
1098 408
923 796
1481 49
721 536
15 1276
665 240
943 428
901 1045
193 772
1158 1244
503 194
1042 1250
767 583
1458 522
449 433
699 144
462 793
1442 457
1197 975
610 964
564 788
383 1039
1043 682
661 910
101 322
419 759
663 687
672 426
1121 537
854 543
165 72
793 1346
983 882
482 142
1051 1298
1481 1058
989 6
79 1152
1078 1148
1120 218
57 764
1492 1089
261 433
160 736
926 493
1016 450
1154 1046
1390 908
1177 1319
945 1173
1239 782
1036 434
829 787
73 79
474 780
1029 979
1428 662
36 609
1069 1381
460 1039
491 452
671 1412
960 1147
342 1000
757 892
1285 239
1073 1255
947 1231
929 237
1304 997
431 939
574 222
1003 65
1100 901
404 505
498 988
51 1092
669 76
1205 231
969 553
1094 909
1144 478
374 145
160 1077
451 877
1297 722
459 782
209 273
1040 503
1120 1117
357 650
1200 1491
1038 78
512 927
791 1022
630 785
1293 822
215 398
41 1444
86 929
329 248
965 209
116 27
895 1248
1418 153
616 854
868 261
1463 1014
313 23
789 125
1429 1040
1119 1173
1081 1336
1113 915
787 244
1140 1499
851 1300
569 287
270 800
1327 251
213 979
728 848
654 77
222 1248
431 985
1440 737
1411 905
1498 716
114 137
40 1083
831 969
207 486
1303 1203
300 495
331 484
939 1177
966 1358
1251 1010
1010 937
847 1207
72 1278
1292 971
1038 1105
68 938
512 326
1314 869
277 411
211 419
331 1144
625 478
561 830
1397 178
108 1380
530 89
508 783
512 1396
1417 125
831 408
189 156
132 1157
1324 488
645 1375
433 890
1007 814
310 918
435 1019
460 460
606 199
1035 890
1102 44
533 654
1058 342
1269 1002
819 572
57 479
1232 674
257 1153
822 114
1260 1363
993 478
545 879
975 579
142 521
1242 940
268 877
584 1440
780 1118
901 366
396 564
213 90
144 1252
642 1088
1179 1339
528 237
225 80
799 975
499 790
877 26
465 297
949 1160
1058 580
683 1016
525 647
1389 543
1227 1453
553 1267
232 1061
644 53
959 508
562 1304
1072 930
758 394
1064 631
1357 331
1168 1136
875 1340
585 954
26 1385
1284 241
1141 742
116 756
999 1314
1413 784
1484 177
319 1342
611 1017
662 1330
1010 847
1097 366
1251 143
1464 450
1403 1019
922 173
1092 1103
690 536
1247 586
154 277
1098 548
1357 1403
682 1397
718 968
412 1214
630 63
1395 505
308 639
1282 517
1179 19
654 762
836 320
178 561
1150 196
65 492
1014 536
1483 997
1014 1228
1228 637
1233 1230
1126 1411
1156 744
989 529
180 810
27 882
651 455
252 656
59 231
540 596
385 289
156 864
1374 1233
175 524
1144 405
380 1380
1446 956
262 997
501 1091
639 334
1082 223
950 1109
832 1202
825 778
448 690
1214 183
657 1411
888 933
69 320
544 438
817 909
1100 867
60 1386
223 267
432 883
662 1397
780 170
867 139
181 769
1201 496
89 965
1159 707
812 794
60 152
363 698
118 650
651 84
618 825
1476 512
1491 659
333 1500
378 218
769 892
446 1159
202 298
247 1237
697 772
653 655
1470 1199
478 264
1181 1213
743 1285
1073 337
1403 79
789 1274
672 1282
1364 617
1343 784
973 1111
742 658
479 463
801 1418
213 739
1162 692
62 520
716 806
678 698
149 1302
824 142
426 441
987 828
756 1354
230 1316
1117 375
1477 1500
665 1104
409 302
665 710
1243 550
1435 426
1332 451
551 1069
635 166
1189 338
187 1070
129 942
1290 1046
856 535
946 1472
995 1332
1024 180
777 568
931 457
452 614
550 1265
1412 32
836 586
31 102
1026 611
1336 436
758 61
454 246
1311 1480
1167 1357
1341 561
242 447
822 1253
1459 799
29 862
937 1349
362 696
848 130
406 515
1207 281
1293 479
1447 513
1409 620
582 935
589 167
775 1258
786 356
1163 607
276 41
478 648
1500 1091
1206 696
300 104
1389 982
1223 729
1333 1201
1499 1428
933 161
129 1045
1465 950
1360 1125
650 321
1465 763
1259 653
1145 43
724 1144
1451 242
1309 922
947 731
797 521
243 783
1163 18
941 604
392 343
377 541
987 190
21 287
82 1032
874 755
41 1021
957 474
1203 991
302 285
535 124
1315 3
457 22
696 799
226 109
806 330
10 1200
1498 608
1107 608
1199 838
1280 1019
1054 904
288 1098
865 304
45 496
249 287
640 1350
577 58
1105 1199
200 300
286 446
710 378
589 1243
110 1347
1183 687
1146 408
43 552
856 1079
211 368
448 680
727 643
301 1380
188 475
1064 1290
1097 908
342 70
1307 453
1002 40
786 1393
843 420
145 1429
543 311
286 340
676 550
831 36
250 430
1352 789
545 528
443 400
1108 965
676 1414
327 761
524 1148
1385 1252
1144 245
1209 1361
1126 826
1033 110
544 166
955 1119
1368 830
975 670
639 966
1114 795
636 1244
1398 1409
1171 352
1134 125
1447 774
563 1202
1097 1232
726 764
494 199
1188 1085
1474 1055
1480 184
46 1037
256 892
695 845
683 1309
40 224
353 89
1299 768
787 978
246 93
1096 526
1391 266
460 59
888 1088
1473 927
85 338
1047 1479
556 202
152 108
214 1471
1204 834
395 776
1285 225
393 147
122 700
1438 429
45 1344
163 1326
822 773
1418 860
315 82
1038 1321
1033 1103
400 624
1152 546
1274 1331
513 431
945 1359
971 1217
1412 1280
824 343
935 96
861 688
437 1104
1001 33
194 104
570 709
1316 148
1125 219
240 896
206 1078
807 286
187 1490
170 761
1077 949
895 468
1048 1184
688 963
693 74
89 1130
228 265
565 1235
754 1380
821 908
19 789
549 634
893 97
635 604
1381 1236
285 1223
1470 985
37 1050
602 669
155 625
79 770
847 1409
315 760
615 890
348 1455
1007 61
1295 944
1499 709
250 941
429 1192
795 1030
1243 813
207 909
1119 108
499 44
1258 1499
293 689
326 1020
119 1142
432 997
955 170
248 1206
506 76
997 1053
1015 935
480 598
942 490
268 586
1278 1449
345 830
634 883
658 228
1499 493
1495 981
1307 99
607 1043
412 782
541 888
1319 445
225 88
779 48
201 1279
109 142
52 891
1330 317
1467 277
1179 132
1287 1046
323 1296
210 684
1091 687
1433 968
1445 993
929 254
411 1411
865 255
170 766
1356 367
200 1072
791 99
1439 978
893 221
851 1297
1045 1141
1287 1424
679 1466
995 758
11 809
16 456
150 1129
1305 130
34 293
905 259
97 1098
628 434
649 839
1110 538
150 1269
1177 720
67 1262
1107 923
230 267
1320 800
1102 590
441 540
790 709
533 1359
656 191
931 1445
695 114
616 1247
829 299
578 358
351 1474
497 1072
262 181
693 516
42 934
1481 598
281 90
35 1327
523 97
1243 488
623 504
1356 658
776 506
700 1326
968 386
935 515
1265 259
196 624
1274 1157
1119 446
1452 955
1402 266
319 1150
1006 351
174 1305
1324 402
526 502
216 213
314 1428
1461 1357
742 336
1006 263
509 957
1237 750
947 279
616 603
1052 1057
1491 866
990 894
390 1487
1011 1426
767 1285
1244 1142
942 516
290 623
795 875
6 344
826 539
592 385
165 1122
1149 626
98 127
1014 520
1346 125
319 1386
6 1468
584 874
1444 1174
831 425
644 475
391 936
774 748
1347 445
39 1154
581 529
548 787
573 603
802 756
1344 1265
132 35
986 1273
905 915
600 200
1430 549
1298 1026
1023 757
512 512
1065 766
406 237
395 554
569 86
183 165
1172 606
1272 4
1215 810
101 533
1447 685
628 1201
730 954
564 1045
1428 821
501 345
714 1363
1286 687
682 306
727 1434
1463 952
663 1405
194 119
639 594
1342 697
1009 1311
548 1233
336 577
1386 986
692 823
397 438
1456 740
1100 1333
1330 135
871 523
487 595
1216 1196
852 179
1280 1146
1192 1427
985 1072
347 84
67 941
1002 1429
829 1243
1392 102
77 721
85 1473
87 1135
789 455
633 404
1247 1048
359 948
1278 450
265 835
535 1043
949 678
844 93
1011 121
297 821
594 1272
1482 1055
1001 1462
1168 93
401 775
1259 1247
253 1181
698 606
736 1369
312 1439
414 123
928 389
1385 91
1464 1101
281 461
436 422
65 955
48 1450
1432 1401
408 948
548 130
1375 1170
746 838
154 1096
1467 1291
992 621
418 1088
750 518
185 450
1211 1129
1168 1437
558 1076
867 967
378 542
259 995
131 1329
1380 1141
170 140
521 807
277 647
1485 575
392 69
165 1063
967 961
590 1497
753 256
1232 669
888 1302
970 1156
34 343
564 914
1207 937
1023 1346
520 367
913 432
852 831
1033 679
21 1270
1435 1061
1197 319
1150 1339
565 283
389 1297
770 1225
310 427
861 316
1201 1075
419 119
733 580
990 1345
551 1127
399 165
963 1077
1205 344
877 404
695 613
593 106
1252 1142
1436 608
765 1293
240 1387
626 535
261 259
552 162
889 1234
444 323
629 1119
952 924
1234 830
182 590
635 363
633 1089
247 572
1396 1470
933 928
888 293
858 1042
1457 125
655 343
716 1281
768 1375
164 1392
768 605
1335 911
1085 1392
162 225
914 1288
1147 836
248 90
289 534
1270 997
481 466
937 533
1420 852
770 389
1289 843
421 39
733 29
694 1214
1272 1416
809 383
673 1359
12 912
501 1022
1480 1091
96 1303
700 302
272 321
216 531
7 202
1116 29
154 815
405 519
127 927
524 757
763 130
167 485
940 1351
879 875
3 1183
366 1032
1408 1191
969 971
802 892
209 190
1136 838
283 608
776 499
512 667
55 456
298 715
889 737
1152 1131
347 1473
1320 1420
774 384
67 124
245 1064
1337 42
690 84
1430 958
1389 444
1056 110
430 794
2 1090
1348 510
568 1411
5 92
499 1284
168 1480
1259 468
1209 91
1480 872
288 500
990 1456
796 634
864 809
41 616
499 658
936 396
138 421
1070 892
1113 607
548 813
1443 1158
913 78
1472 883
320 266
3 1268
180 333
1462 264
865 1108
963 468
565 166
99 1248
1159 637
1190 47
1178 121
262 207
265 884
223 29
17 1490
1390 96
860 1307
1236 899
1493 806
411 1187
1380 640
987 993
592 658
466 54
809 413
1160 185
323 971
1464 25
180 1155
1316 162
1309 1048
263 483
428 144
89 38
192 647
843 628
673 765
128 892
682 532
522 421
572 452
289 1270
85 1125
820 1242
897 275
1398 113
579 641
725 829
132 36
401 320
703 532
154 1089
121 10
617 501
1323 52
616 36
1052 315
589 263
704 1483
253 1453
65 224
1453 961
1282 67
1069 22
197 1110
283 1066
1385 1121
630 1018
1375 577
1387 142
1200 1090
680 25
1288 1392
1003 684
153 1197
338 655
1375 1118
433 310
795 843
1135 393
1354 1292
1352 423
519 986
102 700
935 961
374 934
656 538
1034 1156
704 444
517 1308
259 331
770 1259
832 66
1257 22
464 433
686 1147
915 1373
192 332
1283 1219
825 863
310 222
518 747
1231 237
313 838
500 796
581 668
351 433
830 1043
250 382
1350 1015
524 322
572 895
736 977
1390 184
84 592
1408 374
122 288
995 1014
126 741
1114 619
189 334
1188 1087
148 267
186 427
1259 1108
140 1429
1139 136
759 890
1450 292
1272 968
991 1093
1311 510
6 419
1484 386
4 288
314 1454
594 1084
994 1414
798 314
394 44
1263 686
559 1465
438 989
1372 59
1072 874
1396 892
730 426
150 918
903 1475
1134 843
689 1364
942 476
1315 1364
1463 20
145 232
58 1094
244 894
507 846
1440 975
1083 435
323 343
827 455
1263 1244
124 655
571 612
865 1123
666 1139
653 920
33 1096
526 1034
694 1166
241 488
1232 1302
119 321
629 604
1255 1494
74 1151
633 718
906 645
1054 953
1309 1086
1297 1448
1114 1263
718 931
471 531
1353 375
1412 1477
788 1243
1066 84
1305 394
650 1402
302 1315
669 1119
1350 1460
1473 1250
381 1415
729 21
90 1102
1409 606
492 828
165 252
114 989
159 203
1236 1282
899 1047
939 860
1074 43
1058 1423
300 361
1018 254
674 592
431 1285
756 1106
604 394
1088 447
1220 804
1195 945
1218 1073
724 406
890 259
1134 4
133 1486
1444 445
1472 594
1412 195
645 1149
348 485
357 1091
470 888
882 86
34 459
722 625
1041 1121
126 288
1125 754
315 924
1273 705
1059 1335
1500 686
732 635
313 672
448 423
470 536
1080 1330
1057 671
415 1003
1150 300
913 640
266 1381
509 807
668 1039
227 578
1478 528
441 946
904 1362
969 1061
1381 57
1179 177
714 41
1469 1391
275 626
172 940
53 1170
714 598
1006 581
220 553
67 365
562 855
185 7
1393 757
900 1297
1328 1447
17 1245
430 742
46 417
747 635
1055 1470
1433 1227
1394 451
776 816
508 807
972 85
1169 631
1439 82
726 1200
1182 1398
1361 37
1439 436
1374 491
408 1047
131 409
1238 158
412 283
889 1423
1308 146
891 763
126 1054
435 1170
1112 1498
1175 1095
1298 1263
1031 663
78 532
724 354
1262 301
641 174
1074 87
157 503
903 18
641 1203
345 88
1183 1222
164 529
408 708
1460 1163
1142 346
307 1273
477 295
1277 254
190 708
815 739
932 1134
421 1390
1499 1462
612 884
1346 341
100 1377
1241 1461
1313 849
431 896
1281 346
336 967
477 909
1170 870
459 237
1470 1454
284 474
897 807
261 1050
296 43
207 764
579 214
711 1174
1044 1428
387 1305
428 1260
1414 558
450 75
422 760
541 528
324 231
1158 568
540 118
661 673
650 1092
168 1203
279 1451
1156 1263
976 895
501 1287
816 1294
1296 1197
900 1336
1371 1232
640 1053
791 45
844 548
745 1438
540 1422
963 240
879 528
968 1112
202 1145
1438 1258
1236 1479
483 954
885 888
1314 900
783 936
147 951
985 1193
242 1457
1458 561
948 169
664 11
1087 1188
746 197
975 427
770 917
632 841
1067 1427
754 1490
998 1298
1002 195
1343 940
1255 1497
659 919
953 204
612 326
113 347
1108 1416
825 689
549 1160
361 717
400 1248
990 1446
549 958
542 705
678 376
461 1208
1400 959
98 1313
754 1452
1101 1290
484 1494
315 241
955 78
818 1319
57 768
31 301
1359 525
541 1147
961 1085
968 1360
71 919
1102 394
1437 587
544 558
1484 1116
1100 1283
527 974
1022 872
1410 345
249 218
1274 398
12 946
769 9
1392 311
625 844
883 200
1439 291
1149 308
480 213
854 1110
911 874
484 1119
1160 1429
1399 1170
1298 436
1346 858
244 949
1064 370
636 1403
963 905
327 62
1263 647
399 336
603 376
823 1248
715 792
721 1099
561 798
773 316
769 1321
293 979
1418 1044
442 1114
1107 772
358 748
1219 963
92 55
1281 111
223 232
774 1049
659 1397
1011 411
1484 1338
1182 421
1024 614
688 687
1459 280
816 178
885 1073
1454 300
645 296
1399 1152
447 969
1072 1178
1231 1106
1057 1147
523 1119
823 1457
589 1244
279 650
1078 792
569 118
1214 1244
169 1229
58 297
917 317
1097 670
91 168
926 397
1164 190
434 1184
1349 1090
885 863
1121 669
1347 1144
560 287
1299 1146
555 908
1092 190
1183 802
179 782
430 1137
204 867
427 1075
527 766
514 166
661 406
436 826
983 1172
844 431
656 1007
1082 658
359 459
950 1339
483 1375
648 1260
740 1050
395 55
304 558
1084 1037
256 1486
541 1342
629 782
1305 975
1258 43
817 683
298 209
140 1461
326 1307
255 602
429 398
359 1370
703 874
103 1048
1359 92
549 1014
351 797
57 705
1171 29
1328 649
458 300
1334 1241
1410 765
1146 1455
879 256
128 409
58 797
425 698
1262 593
1310 574
1411 152
355 567
57 624
570 1121
978 9
1386 1133
263 22
1114 174
1480 63
288 767
828 195
428 616
388 1484
301 175
1118 297
1201 1310
1197 367
344 390
853 1023
285 241
857 1186
206 469
1125 46
769 264
920 205
1067 91
287 1239
1168 367
286 1012
1451 260
743 66
119 380
232 237
1442 1172
457 1233
565 897
503 1468
25 606
1231 499
144 476
190 624
1026 450
340 826
562 1218
971 1145
652 819
773 309
1337 1357
726 1205
813 1274
87 1054
1435 137
465 1402
1389 21
775 1034
974 1258
1173 1203
522 1468
845 1116
1249 441
820 1446
491 779
1188 1190
89 63
201 783
503 82
200 1312
650 1226
411 1176
1196 1324
1147 1058
192 275
838 191
990 333
1125 562
29 256
561 1460
136 1364
863 1360
1005 735
1070 732
302 1354
720 852
1090 606
861 619
1118 193
547 1004
656 369
5 1251
106 101
1471 1408
667 1136
274 602
763 434
216 1300
909 1362
365 612
1078 176
1379 1281
367 474
1223 235
101 598
1377 132
656 1138
918 413
430 1160
484 921
1086 999
426 929
129 682
165 1477
1051 611
238 194
277 1202
572 493
1218 475
256 399
943 1185
1004 1153
139 1357
1137 154
995 194
1428 857
407 178
838 1137
301 1094
867 152
881 365
692 391
589 1451
1236 176
878 699
110 896
484 357
871 71
18 17
109 1089
984 1256
1375 766
1372 1294
451 597
392 295
677 1108
239 994
1085 487
585 6
1044 971
439 1223
1015 1149
106 886
51 1183
1132 596
1135 938
786 1228
96 1218
995 609
323 1321
1056 705
993 618
159 313
695 209
846 553
1402 382
458 1304
359 1259
1007 1375
1228 809
213 1481
172 867
1403 1363
405 345
376 141
402 695
1263 345
1177 14
1143 853
119 889
495 1339
1222 632
1186 181
884 1429
1194 530
1482 1025
958 348
257 409
885 1174
776 1464
1113 852
454 1044
1061 333
1098 151
1314 1328
341 500
1236 712
618 702
35 541
413 808
452 850
932 197
1222 749
785 1047
92 1307
994 22
468 924
165 303
772 855
1360 141
1029 201
1464 226
318 1388
1240 1167
578 790
1193 1184
1143 1471
667 1184
1325 1256
1071 327
390 1012
79 1153
360 484
309 77
766 693
71 1390
1267 1116
1446 1354
799 1343
978 288
1118 815
789 1448
946 826
316 1168
711 889
710 45
533 332
1018 1314
674 1376
1008 117
991 465
575 787
740 201
361 313
1285 957
186 688
583 1184
1189 705
810 445
705 553
1057 848
27 1298
13 678
1305 1223
417 928
810 1077
1205 1118
1183 55
52 33
174 206
1460 1407
992 1176
365 1181
1429 1394
1037 229
630 305
1430 585
1126 894
1132 1028
666 1352
597 380
1313 253
1214 699
480 1364
772 402
933 1010
1283 503
494 656
285 306
236 168
1166 1338
197 1141
363 232
499 12
1044 689
834 1233
79 492
804 582
1097 822
786 982
359 1317
1341 609
526 318
1023 1251
322 7
1120 1282
1353 1105
476 76
1046 1406
1257 741
640 105
9 616
1225 168
850 140
515 198
657 1166
469 234
1188 562
505 829
682 914
1421 1484
1047 1133
531 1120
973 107
833 1437
670 1344
1197 980
931 852
793 600
980 214
207 871
653 696
723 826
880 1033
385 1306
44 816
648 849
34 829
675 880
534 529
1040 1338
320 422
462 1422
271 739
1235 1124
770 1393
1421 717
801 875
96 979
1214 1364
69 891
185 1422
74 198
1253 545
109 910
940 1424
1409 838
912 19
31 335
510 905
894 828
416 1244
485 480
1402 1032
1064 531
606 532
1345 1018
1185 755
1120 575
1459 901
666 101
206 1132
578 915
306 550
1312 1455
1292 236
578 981
37 208
1040 432
724 18
496 800
56 160
1206 225
1091 60
1212 1277
798 426
525 676
1354 518
915 463
678 1375
1258 886
569 601
791 1101
838 97
1001 482
307 478
1187 788
720 810
1063 1183
188 105
1397 1242
1300 520
106 693
174 1470
678 1357
1359 691
1364 1296
261 1203
1162 121
840 166
1097 1100
123 543
897 746
569 614
764 324
533 253
687 432
82 722
446 1307
1159 899
825 1420
802 1406
1206 1186
1292 1459
550 1226
521 1275
1402 91
1219 638
779 338
500 917
77 1447
647 552
1023 753
880 1017
1124 1238
73 1242
971 1462
43 763
869 422
1285 888
975 778
177 230
1234 92
77 479
180 479
993 1202
1475 954
829 111
468 527
318 1493
496 1038
1380 1458
197 1238
274 951
1284 1401
905 956
118 1127
726 1436
525 373
1179 1269
108 1035
148 827
545 308
1074 330
122 360
371 1413
998 1359
351 264
742 720
1003 1030
196 156
52 691
890 336
934 748
1445 200
514 505
803 1049
1184 1321
188 1073
149 864
906 506
868 1413
611 1453
1424 1435
506 560
393 735
355 549
1094 146
827 381
1227 351
784 775
1038 1438
130 585
1479 1090
1043 645
327 1126
1006 736
526 1306
126 904
1109 1004
1121 930
1498 1174
863 1010
903 861
161 1025
111 1148
338 1332
1246 149
1416 619
187 714
1366 1253
580 1088
969 466
1447 544
148 324
583 759
576 146
1184 1364
863 298
1354 435
89 178
750 909
1249 165
836 669
882 612
657 413
957 723
384 709
568 132
1051 1450
55 765
830 279
358 544
1440 1229
8 41
792 493
930 231
126 46
903 1208
238 1359
211 238
1089 46
1393 448
755 741
1241 618
1184 793
309 504
1033 401
848 873
1178 332
1101 930
833 914
969 792
106 1148
1335 1224
157 566
783 1354
767 613
829 652
1140 1229
1351 488
736 1213
1414 1255
1114 788
621 1131
625 1110
650 759
1061 871
1185 185
1213 907
1286 773
533 663
334 1068
630 791
233 1428
1493 705
459 1290
1292 489
685 227
1031 57
1181 499
631 210
280 1115
64 1024
182 182
1020 1190
111 283
541 82
1369 401
739 628
1082 198
304 1492
15 56
1252 309
1250 33
677 615
1424 1142
930 617
389 222
165 1092
296 1272
23 42
442 514
95 242
1015 1391
971 1079
735 1184
730 1171
938 730
1136 38
745 847
1252 931
747 1170
379 1490
728 1136
1194 319
1024 1389
1302 342
1491 1058
1341 356
828 992
1124 777
756 972
1002 1113
837 1241
120 644
422 179
887 729
901 645
418 130
282 441
945 1170
521 1222
1056 915
1015 339
468 891
97 638
582 189
1362 752
1018 483
1182 1231
1463 1002
310 136
988 1220
1138 645
1374 513
389 126
719 1473
675 872
142 225
45 1381
1096 108
465 483
851 1264
276 1007
712 165
708 561
279 433
481 853
693 1176
66 860
1197 718
928 1241
587 1239
999 421
733 643
230 273
1117 522
1076 1358
821 749
1498 589
757 1370
275 1040
602 324
353 1408
1379 395
1294 1301
1221 1002
323 903
323 809
468 403
887 377
724 701
658 942
199 1078
5 1141
645 413
829 1031
440 190
284 544
88 868
194 1426
1322 356
1331 1028
1079 596
201 279
1218 1100
784 384
729 686
352 1200
296 445
731 772
1107 1497
536 907
186 253
799 1296
461 937
1254 116
1076 665
871 333
1243 869
1235 768
814 942
1226 456
293 1349
300 1115
66 1170
751 381
323 688
562 1246
1425 1148
774 229
1257 1115
642 1063
1182 815
965 860
407 1100
1475 1420
551 643
863 24
1238 1372
871 1068
790 217
401 116
1306 1166
22 90
1266 1046
1420 863
339 306
484 659
923 1112
928 962
1208 539
637 904
1313 797
237 697
702 1041
408 962
1486 1230
636 1035
82 211
37 1465
207 69
70 357
1383 1442
870 1285
780 807
126 131
897 497
1247 412
1253 1283
738 491
133 1203
986 458
865 569
1069 1063
790 1436
499 727
1215 52
444 1048
841 287
1129 1381
1159 405
845 498
930 1349
1027 659
878 1393
1378 525
1021 841
452 239
1032 578
1128 539
578 247
1000 721
1179 511
78 411
746 1474
1093 410
899 52
226 371
975 618
1196 403
291 631
404 1469
391 514
785 818
397 473
443 457
1404 815
153 946
699 63
405 965
1329 824
493 917
992 1164
1470 816
1321 1088
839 1037
960 978
665 1234
355 782
122 491
1276 481
620 674
810 1168
1116 841
853 1259
1474 1057
1411 1137
1171 116
25 230
20 1146
266 322
904 3
1024 910
429 812
400 532
1163 858
1356 624
230 1339
788 196
281 592
1202 1432
1386 343
145 883
516 1446
1055 800
538 607
1013 132
1378 921
940 910
435 515
1086 1080
295 56
11 1066
863 1490
1444 341
714 115
1299 654
384 1085
76 1318
1112 1185
936 776
309 1003
1040 121
1482 931
1088 639
199 987
708 961
1226 239
803 1146
1497 501
1087 564
449 702
48 368
256 1041
1484 795
168 99
138 1166
928 1006
289 113
1059 1086
396 1128
781 668
1300 1004
1468 1245
649 77
348 1074
1296 392
214 1202
1472 1194
1103 369
652 885
355 1362
1253 887
804 1352
1173 261
685 688
483 1318
54 634
896 1328
1353 124
780 282
978 15
353 1299
896 1373
1217 393
68 27
370 721
1273 636
459 567
120 913
376 705
1328 990
1286 1289
1237 1025
1500 542
446 1414
854 486
997 923
1076 589
543 1424
45 633
1143 838
1392 923
1183 1063
1354 1401
372 1089
1086 876
885 925
362 760
791 1045
890 1046
1239 1330
1377 660
1288 802
1254 1091
935 48
1073 1453
1329 1421
711 1170
808 469
1124 762
904 381
190 1231
983 907
1421 127
754 1035
809 30
150 803
711 1113
584 683
679 1353
1245 651
305 70
437 34
1359 899
1496 1393
1035 1429
301 387
618 482
1106 1338
491 927
1480 861
504 677
1029 751
602 1329
892 200
111 1286
572 1323
597 840
1091 460
68 1033
827 823
548 1091
994 1308
264 1364
1471 64
1490 68
365 261
1228 957
151 1
882 895
800 584
814 219
712 1403
924 26
1227 1387
74 861
1042 1267
206 539
959 1141
993 1173
1184 347
988 1133
384 337
701 1135
1453 1169
1309 1112
904 399
1323 343
621 678
883 1264
326 1263
1080 587
1308 377
139 778
1217 981
209 426
1356 466
107 1115
288 455
147 194
834 515
1453 151
917 273
107 839
220 1118
691 99
679 940
1099 278
722 289
861 147
1099 523
783 1467
1412 417
1389 1378
376 1113
1293 215
354 283
1276 325
1290 703
1210 642
1321 174
1414 483
123 567
1307 454
1307 355
1313 432
1249 1065
93 859
818 1108
1194 1193
289 145
1069 729
269 1433
1356 585
92 1247
72 981
930 1282
1276 1275
805 390
1420 464
283 375
947 518
624 430
1213 227
1393 431
308 740
1449 214
709 329
996 874
358 560
166 66
941 876
253 1058
51 976
1453 1222
389 912
798 1401
175 1007
187 577
1028 718
1190 994
598 304
587 1084
1382 1399
1146 228
1369 1249
1400 384
32 1066
653 1066
1469 1190
35 511
1136 889
161 1130
725 1103
18 1032
854 469
152 1121
283 149
712 547
28 310
1224 1336
1063 1330
494 794
66 888
655 890
543 499
1136 1234
851 1084
107 1276
444 1149
473 1186
779 1175
1151 1084
740 1106
947 66
322 458
732 23
1462 848
1461 450
1500 129
1013 1258
1209 826
615 1
231 1137
568 1237
337 898
685 1227
1162 1057
523 1371
1197 1220
924 636
678 32
32 755
247 529
624 342
1023 638
109 1151
987 265
144 454
136 1246
1173 391
1224 778
401 1443
1028 1323
765 1418
466 370
88 578
1278 1244
448 22
682 969
351 56
334 554
287 1495
1017 1053
1208 1136
538 1138
441 532
1081 856
1146 954
710 740
1300 414
50 149
693 1085
507 1329
1266 758
419 903
1323 1246
364 1238
586 435
1094 565
1066 1386
536 291
856 1470
468 36
450 481
1274 1065
1480 1457
234 753
541 681
253 512
1132 349
961 780
226 699
1280 1378
670 1064
832 1354
826 1110
771 478
795 699
332 1472
500 1074
488 1381
586 132
1227 285
12 1454
1176 845
921 662
1202 348
135 731
523 1149
935 688
1497 1343
372 1115
423 1494
1329 426
511 1149
181 1118
662 993
593 1240
855 757
1493 1093
403 1367
170 1244
1116 602
127 525
1465 19
670 1101
941 1097
1133 469
568 124
1494 74
655 698
267 1062
802 1264
637 1027
1262 822
488 616
532 410
1110 129
836 1374
596 1099
18 213
126 505
174 123
884 644
358 1211
951 1017
340 688
305 1220
1457 779
1051 459
18 40
509 1144
1197 795
365 296
1346 405
709 1032
97 247
1447 894
19 1034
1142 1140
377 124
554 342
692 66
351 509
1375 986
826 947
41 842
149 94
3 1402
1060 441
213 843
19 272
820 1160
241 1367
1223 1118
806 1325
1248 986
394 1121
1026 414
614 606
1076 1248
1418 655
837 1373
1275 516
1289 634
1173 976
1163 975
781 599
305 981
1045 79
1351 534
1016 667
296 1214
1412 1338
705 1224
1005 626
548 794
176 158
796 345
835 1296
901 1152
1383 1029
806 1266
1135 1358
1287 600
1123 351
760 930
885 1212
1250 1497
286 1397
552 1176
514 571
143 1286
1466 1413
321 845
1417 639
95 408
303 783
997 723
600 1490
857 713
611 812
1035 978
311 443
1279 15
373 973
1095 770
239 820
23 778
1213 373
1038 211
1423 572
843 173
738 539
328 1007
1098 1389
1077 1418
738 534
684 1275
178 896
495 1290
226 1131
483 215
187 1304
520 1126
520 162
1102 541
469 915
1086 565
1046 150
399 1050
306 924
426 931
1086 1004
328 1118
521 278
591 1171
1456 960
644 419
1326 1312
659 538
258 1392
635 1013
1379 691
748 538
785 1407
794 1061
1061 11
80 916
1049 691
165 133
149 662
186 1259
297 455
316 890
860 1155
999 902
188 46
147 438
215 1448
1182 301
593 1242
1142 310
703 1321
1144 253
1448 362
673 1282
1374 303
596 1296
867 753
1053 432
997 670
189 1323
118 749
885 960
236 455
1131 1439
1035 265
882 939
772 123
149 1039
1419 767
408 355
1476 786
530 779
1103 1362
646 717
180 1181
143 887
1280 1068
678 1019
9 1076
71 90
991 917
534 1150
884 101
1056 1084
253 1487
736 746
1007 219
927 921
133 733
40 749
358 1339
635 631
1257 408
396 424
803 662
1335 1040
765 1357
1359 981
1051 69
251 1417
1328 1052
535 177
450 1429
119 381
365 190
917 1364
179 1053
1133 540
1254 1385
725 349
122 1054
1022 56
941 1342
732 567
1324 1030
1321 979
906 630
1028 1206
1366 72
867 1266
898 466
275 730
1331 1254
336 812
96 950
893 463
9 956
356 853
62 1311
1037 608
528 1310
507 1460
372 1492
716 720
980 329
894 938
649 433
922 116
469 1363
800 133
457 767
1207 874
942 1255
490 901
989 1338
775 1440
419 262
1483 38
462 391
446 439
1054 368
48 668
190 102
744 1352
523 1359
1081 633
1133 1337
519 1451
667 399
771 79
970 907
684 158
1293 225
347 799
800 647
74 451
1088 881
178 212
945 162
1139 372
1351 515
823 394
1310 604
957 196
205 629
243 1251
1337 875
1087 764
145 1332
166 85
593 23
537 140
1320 1386
755 1042
690 1172
1351 706
1122 1323
1207 710
1254 651
998 411
508 1173
1110 1497
577 6
613 553
13 238
1393 1147
706 423
45 258
1452 126
947 346
588 1369
1130 452
472 834
1037 95
1159 435
661 762
1300 550
1237 1345
1264 739
940 1422
631 392
1182 989
320 392
428 853
1229 863
1350 492
1157 361
846 1036
1236 124
1007 276
1495 856
474 483
1309 1305
951 271
1392 887
323 865
740 729
1112 1330
1305 650
1486 109
95 653
525 600
299 163
107 1220
328 27
583 429
926 149
82 405
230 1237
741 503
738 902
526 175
1084 978
1424 304
849 752
402 6
534 346
887 702
3 932
1099 899
822 896
84 1214
470 1030
671 191
1032 1475
557 449
270 410
1162 280
142 391
89 294
1494 467
1100 1125
694 775
853 350
1145 499
860 996
1335 1114
563 971
726 1016
940 1339
151 831
1210 234
308 414
618 137
1400 743
435 900
1202 703
852 1144
1298 571
729 9
488 1069
397 805
1451 1119
463 1024
949 371
1466 1176
991 980
1005 196
755 1088
1363 1104
540 566
290 670
986 970
1475 1308
1271 1115
521 357
614 1253
1103 181
1257 71
1156 145
1248 1194
1035 130
764 1050
1412 892
405 749
139 838
555 222
875 333
282 995
328 194
41 86
393 327
1025 572
609 580
79 691
478 554
1083 262
82 461
881 499
1058 559
168 816
772 560
101 753
337 135
878 836
815 744
1004 682
1471 1032
810 149
163 790
743 1187
926 992
302 454
1052 493
259 500
1035 1451
77 1189
1362 1125
410 299
1253 1005
914 1230
1189 700
328 1359
545 1030
1409 53
253 1199
814 94
423 73
872 363
663 1418
282 1060
1328 1202
783 838
855 952
1377 1257
1161 1320
417 588
1477 437
916 1134
563 367
1417 1260
484 1260
324 669
53 202
1346 185
522 261
1338 668
116 999
792 441
1208 1046
763 1170
269 427
251 1359
642 975
935 1034
516 349
1199 523
1077 959
133 196
201 791
202 608
855 343
1275 173
958 550
995 201
805 75
1151 632
700 170
396 237
416 213
1467 738
40 345
127 605
881 1305
1370 353
459 157
1397 380
925 391
1109 1042
330 90
1026 658
77 580
1147 1499
366 1418
1142 1445
1083 365
1194 405
910 1375
466 1259
243 302
1400 1423
336 972
306 134
447 644
1047 369
1468 1429
1157 145
1168 284
1005 706
973 910
1196 1150
294 1310
1045 1174
398 1476
34 263
176 803
556 1368
1098 1296
1477 1452
1254 691
16 670
624 574
896 12
725 704
101 244
1380 223
1375 1156
135 381
607 365
200 627
1191 1499
232 220
597 102
1163 792
967 1287
486 1144
105 873
902 905
955 206
402 111
1309 251
1066 449
1045 1295
1460 1469
1468 1050
95 413
571 981
1395 220
675 288
1073 837
1447 1424
1215 406
793 122
25 712
1395 1240
1317 570
631 846
364 711
881 1267
1130 956
717 558
624 487
653 727
443 1002
718 1411
329 1210
784 1138
560 545
34 688
587 724
1059 900
798 1097
1494 114
567 872
1473 47
1328 894
316 1229
378 1195
1265 727
408 1072
842 1437
606 1360
43 1023
242 1486
1161 940
1448 1335
1292 946
667 288
492 1097
404 475
1053 172
839 705
69 1198
403 1047
192 689
78 237
847 1211
348 156
806 38
140 1237
222 1442
1169 1117
1075 1112
57 454
585 313
967 770
206 319
602 83
1431 147
1317 1422
202 148
1085 760
984 902
1138 245
894 915
249 271
885 78
326 179
546 521
216 510
551 517
1377 822
3 499
807 1106
1052 1197
779 924
1459 122
26 1310
856 1354
669 803
363 141
726 78
973 1409
699 459
3 590
1052 153
588 642
332 724
985 945
1345 1107
1394 543
66 329
471 923
1388 544
688 1086
611 642
4 532
153 63
1128 1331
1453 766
1055 526
438 1032
713 1223
42 1238
1196 484
993 867
579 355
157 1209
1409 888
124 566
860 223
15 638
883 626
1312 1115
644 219
759 705
510 794
905 1439
1098 241
99 354
684 1165
765 1380
809 373
684 1200
1219 1109
1380 464
300 1296
1442 499
762 1248
1375 1336
938 518
869 1479
180 1149
646 222
1266 48
833 998
1 1096
796 1092
408 318
287 342
347 237
662 1274
627 246
1031 1069
446 1021
1476 780
242 383
1080 1391
880 1104
315 142
1363 671
890 896
1130 1140
686 161
858 14
651 971
1478 144
1242 1481
510 153
1198 184
671 1318
1181 1214
979 843
498 579
932 1427
730 1405
651 511
1494 67
1365 418
1463 465
222 656
39 219
763 1300
42 504
939 853
481 274
213 353
890 1297
1278 1242
86 445
1135 1205
979 375
1143 935
696 109
1084 1327
415 652
1027 623
628 355
804 402
397 195
795 878
119 1079
761 399
1104 90
1113 1180
903 742
700 1448
1119 712
687 487
656 1149
665 555
278 16
700 781
1231 57
1132 396
371 995
1117 1396
335 913
904 999
599 1206
49 1060
1143 1427
1063 224
927 1146
213 1241
1441 1232
1016 1137
199 1166
1489 1359
701 1411
480 383
882 1080
801 644
1111 518
1186 517
475 1000
1405 1312
337 1132
1252 1139
878 1404
426 152
1322 108
1147 1313
721 1430
1370 1387
438 908
958 158
1500 1265
56 1456
168 619
1276 533
722 1237
1278 268
487 781
221 179
569 1426
804 168
1272 285
457 2
1278 777
1132 463
846 1370
1370 1001
347 43
1497 1238
1340 307
910 1356
879 1322
863 16
892 1383
217 221
642 642
1500 1260
1043 1075
1116 314
338 13
761 1334
446 603
197 46
864 708
828 187
441 351
1001 670
196 703
438 80
576 1167
888 241
1005 452
984 1125
1463 649
1372 326
900 67
558 1170
884 678
1446 777
626 944
1087 1498
796 357
73 1130
993 971
1456 931
550 199
806 113
579 1115
1404 1423
904 25
338 969
971 984
1119 1234
3 849
844 916
70 1373
976 529
859 1
827 865
1383 286
896 553
981 863
1245 302
287 211
214 1027
1011 719
854 306
586 224
22 137
588 492
26 284
428 491
965 131
973 1139
814 874
1253 1409
744 491
233 1491
167 215
633 153
1368 64
594 1231
1416 310
289 542
1120 1320
849 1395
211 1341
1012 126
1458 942
1178 648
1440 66
71 626
1182 545
866 631
1353 401
1470 683
1024 151
1156 742
1139 56
437 1332
232 711
197 598
1276 1454
375 706
1401 127
175 1046
1031 1025
582 1362
703 270
869 47
1239 1280
621 379
1376 231
897 1414
1260 101
1428 1281
952 1261
393 1358
1181 400
684 1491
704 605
859 339
964 206
377 106
963 15
121 451
345 715
1258 451
1320 505
142 93
867 69
477 445
338 1178
239 341
1274 826
116 805
1285 88
1322 1013
1039 1438
788 713
194 1152
967 3
1311 1175
134 141
258 1160
178 873
1400 27
373 1177
223 268
1122 1468
522 57
462 1340
1294 314
281 238
408 1492
764 334
1059 308
945 884
1164 1303
276 55
861 1213
257 800
1223 1415
1186 963
871 748
430 108
246 1289
1486 120
1352 1273
1451 1164
806 13
1028 491
728 671
1221 416
554 884
256 99
768 1168
488 829
247 118
1295 1320
622 1473
676 611
1119 893
336 965
386 749
172 1393
1359 321
848 499
1371 1150
923 409
1211 841
1459 1312
1356 1052
1478 971
42 1356
624 400
1067 511
735 1113
901 1332
258 783
481 240
1345 1106
573 1042
1397 981
373 1385
524 7
348 798
237 186
1459 1348
1062 524
178 1188
488 392
275 786
1238 370
184 739
98 1439
1377 469
1361 471
593 136
1217 887
57 854
196 1121
1163 725
1063 413
1127 1135
580 963
1236 194
159 1303
597 438
198 1456
429 540
239 572
984 328
1123 654
1115 629
713 1117
619 235
357 564
688 1397
149 334
1339 884
755 581
158 604
1277 389
560 1109
765 338
229 685
821 62
1158 245
502 304
1116 969
35 978
665 699
485 356
824 914
889 1073
1146 667
1137 729
849 628
326 1051
584 965
713 589
987 1460
184 279
1380 400
688 708
426 400
537 1499
465 1100
1377 656
1442 476
605 277
1029 1236
624 899
1256 80
1329 213
554 581
1200 225
115 711
172 416
361 1421
1291 831
880 1034
841 1267
1482 273
289 801
1299 115
1394 886
1395 95
469 1492
639 603
744 1126
976 517
1238 1401
142 656
596 1392
206 348
240 1240
430 583
75 127
841 502
757 1034
121 1463
319 1097
1312 392
1044 1280
839 940
601 1495
93 49
461 1413
1335 1074
1309 413
1214 1241
351 180
769 555
1105 215
93 1287
240 436
790 949
718 1398
812 528
1377 978
1203 401
329 851
570 169
852 430
310 345
363 1247
381 876
559 35
168 1059
494 190
254 844
516 1298
1390 635
893 764
320 385
312 1175
427 1161
664 1483
969 1281
282 564
1227 180
814 615
1095 174
422 864
1212 569
845 433
1232 605
51 1285
388 382
1154 232
1223 760
1348 1062
483 192
78 935
813 77
244 798
559 1357
222 1333
209 841
114 1331
295 1359
999 1187
1132 1414
594 700
1260 1419
1043 362
569 702
1338 1312
156 334
1242 542
1286 161
314 793
821 19
1382 436
734 1231
896 777
1359 31
764 381
1217 403
585 524
1062 1036
609 433
1103 169
1218 1200
1041 491
637 1164
269 1086
1492 312
74 143
559 21
878 714
1184 1414
1120 327
452 538
484 117
1279 1377
126 1127
635 53
1460 375
116 911
47 935
675 418
301 654
325 1296
457 35
1325 439
742 844
246 1397
1408 1013
646 1403
51 546
1090 982
1133 915
1375 1355
1240 1246
1476 501
589 1234
1040 980
619 350
786 593
1154 300
148 299
1157 619
970 487
297 727
363 279
736 1203
1244 276
1039 187
119 459
1240 392
593 469
699 825
652 1013
385 143
200 922
1161 946
572 500
115 293
863 388
974 1204
1428 459
1319 1245
1394 66
1342 101
1128 276
1379 1404
420 1188
185 1438
667 1206
193 679
1473 1179
1483 9
1108 1003
500 1029
1286 139
1136 708
1095 1063
1434 846
776 801
124 876
630 11
809 1054
261 1169
400 1442
1012 1307
795 860
1437 133
507 1162
1470 720
1429 511
987 724
1290 139
1160 162
1219 1096
746 837
8 1100
1125 355
343 365
1308 1101
775 1270
48 1283
905 32
1010 460
129 1139
1176 622
446 799
1066 1036
256 497
121 657
970 66
47 937
663 157
1116 25
951 811
301 1311
786 416
211 162
669 1457
690 1243
1022 474
947 973
217 9
243 71
934 810
1012 703
1373 543
9 237
1336 531
309 1064
72 1311
940 500
186 1014
1101 997
854 182
439 1207
1241 601
507 295
1144 169
625 500
501 1474
571 749
618 1265
614 282
51 538
178 1237
31 1001
740 1276
842 454
1090 596
1229 1167
727 1484
1082 754
315 93
554 755
1137 1172
676 1485
536 1463
748 1183
163 292
180 1362
1436 832
890 734
1070 690
630 1070
553 1058
453 588
1486 77
654 496
1105 706
435 1227
627 2
1492 403
1419 1072
40 965
111 858
1336 484
799 696
100 308
454 631
239 917
603 1240
1382 836
1430 166
1144 527
539 724
1436 1493
527 655
827 888
434 1364
1429 1495
804 713
978 1482
450 166
1273 776
1036 430
399 223
88 1021
1033 1290
784 1306
590 1263
204 1445
1389 95
304 165
1295 80
279 1337
1132 996
878 769
311 869
1254 66
507 1024
1193 12
92 1074
848 735
1301 523
850 1431
162 196
244 156
1152 1265
888 1324
492 20
882 539
1412 524
1353 858
108 958
46 931
521 560
206 1407
471 327
5 480
824 386
699 1329
966 919
22 948
110 981
825 755
443 275
1227 633
1312 1217
1466 72
1045 229
1044 755
608 98
1012 1499
36 1245
1259 1402
194 492
380 1387
936 559
905 665
706 480
377 1426
961 1064
1352 938
1241 610
1085 948
648 342
1397 304
878 873
1081 30
204 966
1418 1486
1316 1280
1354 1045
42 207
338 214
131 321
953 576
928 1026
940 888
811 957
96 774
374 1096
824 1472
5 886
436 225
1433 331
268 731
552 849
541 360
1126 1098
792 99
12 428
1141 122
401 396
103 1210
231 474
1405 65
171 1269
116 503
591 54
1182 840
75 1173
166 1065
202 492
293 361
1334 846
1005 998
842 823
1339 252
311 535
1223 1224
841 332
918 1289
720 887
1259 1244
1018 465
1087 154
1411 1378
517 359
646 795
1038 563
1310 53
903 695
157 357
720 1373
19 481
30 820
794 302
12 780
324 1124
283 1416
1442 735
958 1276
1416 676
647 625
1041 1179
135 7
820 570
695 419
35 178
460 1221
1115 296
1413 1364
17 258
799 1087
1251 1403
645 450
1134 1081
36 34
726 617
736 748
354 933
985 257
598 1125
513 465
870 1070
1435 754
49 1182
611 60
1018 867
1163 21
1430 1132
1117 1115
1374 317
138 314
1174 899
318 56
133 1407
1153 668
35 1234
73 879
1365 1381
293 1253
1268 865
1218 789
349 1397
1455 215
1484 631
859 390
254 825
10 227
251 1201
811 980
935 1055
545 120
1220 1092
979 538
501 1291
185 1225
845 1212
1444 839
607 984
1033 1296
697 204
686 92
1447 583
404 743
913 150
1257 397
1395 159
965 251
168 78
1186 501
1105 1312
964 999
315 610
1390 369
967 828
219 910
1049 603
1464 981
132 905
1310 751
740 860
278 19
1229 1301
795 719
787 1353
539 425
281 556
1022 898
106 897
276 215
650 1426
646 729
1449 832
1211 688
1105 434
1254 502
813 1122
922 37
662 232
77 476
1485 226
1002 185
945 1467
1219 764
1147 88
138 1087
187 944
1342 219
964 807
68 753
902 681
430 469
1335 212
519 1211
997 1463
164 1463
1295 1221
1355 1023
1326 1053
151 1233
953 451
1435 1135
618 311
910 97
895 660
294 625
1176 1188
336 415
707 854
356 246
350 608
376 179
444 1114
302 1287
1427 459
1417 1431
540 434
981 579
367 555
656 610
396 276
503 892
1086 1362
673 1129
256 1488
1304 754
114 646
1001 381
356 362
630 1038
355 807
1084 1237
938 888
99 841
886 1291
857 217
157 282
1105 711
1180 1422
774 538
1052 682
1259 853
867 617
1348 1135
785 1476
438 587
535 303
922 936
859 1329
57 1359
1145 167
826 1496
378 161
1052 575
31 1363
909 341
1248 727
304 141
233 922
431 54
525 904
1184 185
1302 615
853 932
1380 1151
297 903
1481 320
45 610
136 844
219 322
168 312
1310 1483
820 1116
1074 1450
669 393
81 992
1267 839
1286 927
199 1499
569 999
292 1206
1152 1364
1410 90
1420 270
987 1245
1050 1260
308 1420
16 733
119 94
1211 88
441 881
167 1000
1011 364
1077 79
812 734
727 898
741 253
801 233
719 574
283 635
1181 1189
730 421
599 560
532 612
350 1204
362 695
54 995
484 809
912 44
1396 1011
655 588
642 374
721 1193
932 532
165 428
428 1047
745 1407
986 10
1461 163
984 1318
570 936
59 744
283 1402
756 441
211 546
1395 726
53 890
1059 1117
117 101
1313 184
1008 831
45 133
898 539
1163 1293
585 686
234 500
221 951
1307 805
1142 1027
1440 1059
1305 447
1307 488
762 1456
916 1001
933 658
25 909
512 184
17 664
1177 331
1111 335
97 840
301 59
1099 483
1457 283
609 50
847 579
404 963
370 1429
78 1161
815 648
257 988
1191 259
141 214
1389 898
6 1236
264 337
659 1398
134 1074
890 12
441 879
1437 710
1021 364
108 1217
407 1317
997 138
1051 1364
1332 354
1480 154
1167 1138
1436 806
929 1049
1330 561
672 352
340 108
1360 817
432 695
1346 504
1166 960
407 1241
1315 912
554 1042
581 1204
756 1124
139 310
293 500
1290 808
841 772
827 605
1236 753
759 639
1435 1159
1217 365
60 1183
415 1162
407 941
272 146
1254 286
824 404
243 1379
1192 311
496 1027
1315 1308
27 245
857 395
490 678
356 930
1121 1134
324 388
806 792
1059 1483
766 1127
497 1479
801 609
592 1147
862 803
743 73
988 811
304 622
1123 1485
564 1229
312 1190
558 389
1046 1280
166 95
50 1166
1366 287
290 1471
743 936
1394 871
1068 1487
1173 76
217 1165
208 855
1385 1416
866 466
544 682
1221 1408
728 280
894 884
1454 1362
790 193
1336 1282
996 1050
256 1323
1432 923
403 200
1209 668
134 1193
1408 985
189 1101
533 530
35 533
861 363
302 1184
508 1018
759 995
636 1383
299 611
770 441
1091 1009
573 671
1097 45
88 1262
661 1254
978 781
531 1245
340 713
905 148
691 310
987 453
101 474
1433 1255
125 183
813 1234
434 1295
338 395
1395 1107
1124 332
256 1001
656 1155
258 227
180 639
706 1454
350 253
1160 1222
507 965
1192 195
1186 134
640 1082
867 51
1275 4
217 592
501 806
1447 260
80 1109
142 1272
607 1032
684 496
261 1404
1139 216
281 500
1149 698
1175 77
254 986
1489 227
258 414
307 717
1125 8
667 469
1229 184
297 279
1027 510
666 1088
332 108
436 510
589 1135
1198 702
384 652
235 833
1229 69
1204 519
1121 413
1189 1341
906 36
837 600
684 382
75 1467
99 663
143 694
648 559
989 1003
88 1395
110 885
702 1447
1024 1198
864 781
669 693
1369 1466
1391 469
797 89
234 77
74 193
1281 1152
1342 1310
634 1290
201 837
1257 140
256 398
1106 1012
1402 1143
1162 933
570 44
923 626
457 1059
1311 1288
1265 25
1008 1449
274 556
1092 875
132 406
318 493
370 726
507 1272
374 1230
359 689
1132 329
1309 1285
1223 189
1324 173
1457 1043
122 743
170 385
157 1143
1401 1477
1117 895
542 1197
765 291
848 110
1049 936
917 153
1463 657
781 1423
324 831
860 532
114 1491
914 834
732 34
837 194
1070 1221
150 1327
1 300
108 570
1393 347
101 706
1425 727
1021 685
562 606
584 714
109 1367
211 372
658 948
255 1216
553 1152
749 1459
950 1423
529 542
595 1400
1488 933
743 1466
447 1096
1380 1302
1019 788
1226 560
821 1055
994 748
171 1423
708 1015
148 769
733 78
782 1099
1427 898
823 1390
18 1061
1040 1106
510 1324
1246 1126
930 769
1169 144
837 986
549 1128
352 855
57 880
831 1377
377 941
619 387
581 288
711 630
162 239
857 407
351 1161
940 1272
864 1310
595 795
394 148
1205 493
1171 987
791 323
155 655
253 321
1467 976
636 340
645 877
403 82
956 21
1241 1355
598 582
699 802
19 194
131 608
539 1376
952 560
1135 1246
1154 313
1372 1376
316 508
289 1254
1372 1061
938 202
187 322
925 304
730 1077
808 315
506 689
493 1390
1186 1388
358 576
434 87
1486 1276
617 1352
449 309
1260 1219
455 1357
317 547
135 792
1064 416
888 536
1297 450
139 1351
362 270
946 378
1038 959
557 373
603 289
1408 421
152 141
236 1433
1106 879
981 132
1368 1179
706 1141
1485 590
87 685
1313 481
952 589
202 1247
223 107
1496 1315
532 118
1490 1268
702 711
1475 752
113 1300
1333 1379
317 779
842 781
446 896
1308 352
326 35
1 546
591 118
1490 1295
1253 95
655 664
1154 656
792 700
693 939
242 873
1367 201
1293 621
264 214
376 550
17 1183
1198 599
1218 87
712 978
823 165
431 154
779 654
3 892
1148 738
1444 629
440 1385
803 945
1407 32
613 183
930 876
612 1099
240 110
934 24
1039 1168
494 1287
465 135
307 896
1240 121
492 872
1126 257
1230 199
1473 816
404 586
797 1402
233 1167
623 1498
45 24
483 854
804 186
301 595
592 739
1257 1035
1217 693
847 856
1271 156
1052 476
1442 386
1322 865
253 670
1417 523
1369 47
923 799
903 1137
1305 803
1373 1476
592 171
677 776
1291 1318
66 49
745 706
843 1048
9 104
757 1230
792 615
216 211
1035 50
1353 89
1378 828
843 1199
316 216
588 352
1127 297
813 60
1243 808
40 32
154 616
980 301
935 488
322 103
619 175
1359 515
807 1012
1026 1199
539 621
912 184
814 494
137 637
468 1361
297 698
212 468
670 79
1226 481
1311 1345
1152 313
633 13
1347 213
174 797
204 1309
808 1308
695 701
122 1286
148 944
1057 950
105 506
316 49
115 439
728 188
384 526
695 1366
1373 1011
731 265
219 1151
579 489
1391 784
1393 520
138 188
646 643
322 283
390 1049
767 169
254 887
256 500
1335 460
1254 1194
1152 1226
857 81
967 725
1216 172
656 738
812 653
291 431
896 1192
83 381
1192 99
763 217
1489 577
691 1235
327 304
190 1328
1266 258
363 43
58 1236
6 666
858 782
948 1178
603 1309
589 773
1232 1074
1497 302
1 1155
1377 142
1241 447
1332 29
1336 178
1 786
553 210
1239 844
742 1255
18 621
97 942
892 852
1216 248
920 342
148 761
845 196
1311 855
214 772
993 787
1112 225
1215 1359
289 736
1251 869
48 640
335 1399
793 525
1425 671
1119 56
258 141
1458 570
146 931
1278 530
372 976
29 1459
954 396
396 959
479 687
385 69
463 543
827 929
575 31
894 1109
1034 782
225 1034
922 69
926 917
1235 520
1376 1060
1485 506
1194 851
104 1294
1207 315
33 1213
933 312
67 65
1199 1350
127 924
430 207
923 574
662 246
788 483
621 1175
1391 525
1148 150
1373 268
1358 929
1391 62
1229 861
597 325
890 95
1173 1059
788 831
6 1490
588 946
489 140
651 601
1056 1244
389 540
362 429
760 184
1078 495
1212 307
767 1340
146 882
1083 589
1219 109
1362 405
1110 480
1046 1316
1332 1126
1472 828
999 721
1010 1388
1153 737
595 510
1347 762
294 362
1261 362
919 1451
231 840
450 974
500 1146
1022 505
378 585
769 1363
475 38
1276 45
1282 947
1357 1322
77 820
311 565
966 432
1070 882
319 375
1004 1316
1255 1184
352 95
589 294
936 58
1231 954
1016 498
1068 1112
345 1187
433 568
1355 1326
942 983
1466 1421
839 1190
306 511
248 420
1486 343
150 1311
1219 934
387 277
1466 746
470 1040
783 462
779 375
90 1175
1115 122
1450 394
303 944
520 423
845 748
1058 576
988 443
1493 1499
9 831
408 687
1373 115
1402 82
357 1081
382 206
552 419
928 489
616 1295
639 851
296 293
901 678
1364 1302
198 81
1253 1414
193 472
387 610
395 1387
804 1464
845 65
318 1194
280 519
1144 133
1244 1328
1225 557
1073 740
566 449
541 80
633 1229
521 904
1073 479
489 1011
1232 1386
7 1242
247 776
59 951
1205 784
67 1364
354 575
1191 221
1121 258
794 166
1372 163
1107 549
851 387
1409 1326
288 773
23 388
457 421
426 867
618 1067
616 558
797 165
181 614
295 1066
1432 1416
144 765
1120 720
714 1289
40 762
1146 586
92 774
280 336
1437 130
865 1190
450 983
805 26
788 956
1070 1138
183 745
1157 562
1058 488
599 1161
1100 1092
208 10
480 187
575 848
1459 846
747 539
844 826
1492 349
304 1253
81 63
618 973
928 1452
484 1444
874 84
468 501
217 1444
1330 882
479 806
1339 1047
1121 415
981 246
1428 784
859 515
266 537
492 750
1225 1031
1119 1266
1399 338
154 1004
994 1214
1263 1044
122 1361
1294 1064
231 293
996 127
428 474
520 891
144 1374
336 334
1276 576
1442 381
597 1043
1039 1210
548 939
1075 356
339 674
1047 997
903 876
1328 1319
1210 151
1105 430
1141 928
1054 765
757 409
1165 1406
110 537
1433 1267
602 845
434 974
759 153
557 877
315 478
928 495
1342 865
655 401
478 660
16 1021
991 631
148 831
1410 358
1135 1380
710 1172
867 131
919 483
1256 250
182 1091
222 814
1102 1012
1249 699
849 224
852 42
1138 1164
1442 954
1290 1121
1320 215
378 428
486 218
762 143
344 100
996 1253
595 45
351 1056
1190 455
324 560
1064 261
1116 810
106 875
551 405
1118 145
516 381
789 1381
458 781
1041 589
1259 72
1182 1208
419 1456
701 559
807 399
617 1354
1235 287
1018 537
1028 715
111 34
362 1179
1108 472
1285 1492
624 52
443 392
103 454
581 1100
816 114
1489 158
1437 1321
112 278
266 823
71 1344
707 22
924 1283
425 200
123 383
643 1213
1445 25
1404 1004
401 161
110 583
1406 960
906 112
1130 307
1100 1306
30 341
120 790
287 209
96 547
861 331
342 617
608 42
288 438
453 926
882 654
554 275
344 248
192 21
142 130
1268 673
532 966
880 684
673 1101
1343 271
482 233
587 1183
918 1405
666 865
237 507
659 1449
1422 365
842 74
101 1464
459 601
1404 47
1303 487
984 651
1064 1228
1064 1386
886 1326
446 1469
5 1477
229 261
293 680
894 1133
1315 1420
1337 1490
1010 788
1119 43
1034 104
138 491
616 1373
688 1392
1178 1217
787 1437
356 1480
136 4
1367 919
1123 1440
1253 532
50 168
558 1465
146 1333
729 395
1490 900
94 70
22 812
14 332
227 862
363 691
879 1373
658 783
320 457
738 1044
611 1455
399 179
31 1038
636 293
1331 789
160 859
821 300
973 915
697 1382
1039 176
1266 1291
1380 1071
87 1237
885 625
457 487
1283 841
1314 866
23 1179
958 733
794 722
1077 844
960 654
214 228
178 235
98 457
214 555
1384 487
530 1431
1367 1361
840 1407
944 986
1389 1160
242 1286
1487 631
572 901
149 802
690 1386
1305 654
846 1123
295 725
308 507
661 1127
1023 352
1108 1376
919 1050
46 1148
128 804
258 261
624 809
211 1408
1220 1298
697 1234
1054 222
500 642
1071 549
1482 1100
579 1362
943 427
537 523
1328 1086
857 1222
481 832
820 609
382 486
59 61
319 1401
1258 744
670 1445
214 108
1237 1303
320 1475
137 1094
896 404
246 1364
554 966
708 1070
692 8
1281 46
572 597
1292 467
343 113
1018 339
122 123
71 952
409 1248
1292 432
1301 627
890 1003
598 431
336 1057
1280 19
1469 788
1125 952
1400 90
1248 600
258 1127
433 984
174 1394
293 419
1141 1230
807 830
328 995
303 1407
1145 1112
1257 186
371 195
1005 848
566 27
1290 82
1444 870
1293 1014
14 147
248 1180
1001 109
830 1216
53 1309
272 1222
362 636
1157 1206
1240 1461
1374 129
1393 1409
257 1419
997 64
14 678
339 1463
694 31
569 963
100 1152
300 669
1302 1162
53 781
829 1312
1031 1372
7 1319
1317 917
1495 972
178 831
956 1466
786 1164
1431 824
984 1015
1399 302
1497 300
562 433
623 273
1089 1424
1197 1132
856 591
773 840
1222 1105
315 606
1228 564
458 479
645 1094
1020 1449
153 311
273 859
751 416
1144 1008
61 1134
1219 862
615 607
489 698
948 624
492 1496
1069 868
511 373
1194 4
1292 129
998 528
830 1191
1324 460
183 1285
1075 1350
636 108
1491 679
130 839
49 1461
279 11
1302 444
172 43
443 415
141 1097
879 253
725 340
455 407
256 1195
350 412
1450 1118
589 368
802 648
670 1117
903 1217
1085 867
341 1249
1033 626
1203 605
931 638
1380 48
160 178
1112 1308
1426 895
765 286
289 1483
1048 783
1250 1061
325 1392
496 100
898 341
381 772
1071 578
1378 459
987 138
591 1024
1261 715
1497 1288
585 1025
357 182
1217 966
554 128
1071 1266
