1000 222
134 12
12 146
66 369
323 431
35 159
65 379
79 373
251 206
235 61
320 268
347 87
102 222
461 116
238 284
110 354
438 232
125 278
292 98
193 157
176 8
483 407
314 399
28 153
134 371
313 239
472 135
71 245
283 473
79 500
175 449
91 380
97 55
190 172
216 142
202 211
498 458
7 362
329 42
82 348
87 267
95 172
58 351
427 56
248 281
433 295
242 44
464 286
379 318
476 406
72 143
33 169
221 178
465 366
466 432
184 14
439 334
115 65
161 63
356 76
147 323
311 88
203 166
97 195
212 161
328 141
231 301
135 345
245 428
111 249
433 404
395 271
254 110
260 338
480 364
116 33
398 102
499 90
210 318
403 222
296 211
248 287
491 295
71 274
473 187
196 54
58 166
245 304
100 116
418 92
102 182
6 147
389 343
411 455
34 145
372 425
298 120
206 205
230 374
145 431
279 192
97 272
288 31
153 199
245 135
102 177
468 388
138 311
14 330
155 282
265 466
275 119
123 101
330 168
181 229
278 322
73 274
153 113
193 291
40 305
265 4
287 127
370 494
437 407
400 138
265 387
449 206
457 220
447 86
138 234
232 193
129 50
468 450
96 500
191 341
376 375
399 322
377 188
24 154
370 260
142 63
243 301
415 1
44 11
182 334
152 377
123 5
474 51
311 331
391 73
323 450
476 187
428 207
169 94
426 157
217 187
145 194
212 238
147 322
7 342
171 94
16 284
445 278
365 361
260 18
393 152
16 329
200 391
136 303
190 256
31 474
303 406
13 411
29 429
248 318
95 124
104 405
68 126
412 300
399 80
133 402
154 41
284 99
417 465
275 11
128 69
344 442
31 435
50 117
173 250
444 276
99 406
331 296
114 257
122 230
251 408
24 364
118 260
61 448
110 223
333 59
331 111
25 312
313 157
403 473
88 329
309 161
123 262
477 122
313 244
28 405
374 377
26 344
230 45
64 79
39 307
301 394
344 209
86 238
178 251
350 162
414 243
272 40
351 405
402 460
94 407
201 300
299 120
474 305
57 80
469 229
276 463
408 489
407 371
391 16
393 267
9 393
184 50
185 158
12 343
469 214
472 478
335 32
102 331
435 200
96 229
500 381
170 266
154 375
150 89
191 351
342 316
433 398
393 223
448 166
341 221
12 7
231 405
240 356
171 307
480 40
73 376
269 88
417 88
471 341
403 303
359 51
150 378
178 468
429 254
116 89
458 477
133 24
279 388
82 205
439 177
383 94
342 86
43 345
255 205
99 163
457 401
388 135
323 497
35 347
377 48
134 359
224 384
137 472
453 271
143 383
381 131
490 153
451 137
139 289
202 457
477 212
228 255
119 228
344 281
70 376
284 491
262 315
346 315
136 48
52 187
95 369
321 499
45 34
142 27
297 195
121 212
51 80
97 186
251 397
306 206
313 347
322 189
416 438
40 241
406 239
37 410
464 15
360 403
102 345
321 430
73 16
385 10
499 384
103 228
135 279
83 348
33 147
128 192
96 115
371 429
298 326
26 469
124 83
373 69
448 181
88 44
215 308
212 419
274 300
251 134
474 258
90 311
2 385
265 2
458 107
446 53
62 112
373 341
109 470
352 52
70 198
469 208
250 302
332 375
259 223
435 105
325 285
91 104
496 229
457 370
241 81
417 44
20 122
54 216
265 255
29 472
497 41
154 13
399 139
89 111
148 110
249 55
132 256
127 261
490 334
357 460
342 150
481 202
465 476
7 236
365 115
253 352
457 414
26 269
198 330
65 493
331 209
445 118
459 209
281 187
2 148
348 455
205 262
180 426
389 13
102 255
264 445
148 478
486 8
398 463
71 296
462 455
474 255
5 373
186 49
217 119
282 412
438 185
234 308
337 450
91 134
98 347
440 471
112 1
15 308
9 335
294 96
220 491
439 240
39 383
152 363
376 391
51 354
63 497
113 285
45 69
305 226
256 299
219 97
163 173
321 90
27 37
299 235
393 235
362 485
210 140
277 369
264 225
392 151
449 364
18 412
301 470
191 78
86 369
324 43
345 349
316 473
101 53
47 345
385 66
439 169
172 247
484 319
151 106
216 391
435 394
475 241
88 338
483 174
377 4
431 61
297 409
133 227
69 333
94 351
114 278
233 80
398 186
106 75
174 28
292 445
419 290
216 349
374 289
409 486
12 328
401 172
393 352
197 135
495 231
184 112
163 282
52 323
404 405
98 32
35 84
35 454
65 217
86 164
138 75
404 362
66 341
425 224
319 279
157 178
487 313
355 88
378 189
180 470
325 457
424 186
168 390
289 76
461 139
472 143
134 473
64 438
469 451
8 398
29 284
320 390
272 280
150 302
76 172
98 345
382 70
361 401
245 353
362 348
10 267
75 376
44 15
217 458
35 437
464 436
181 287
422 416
236 15
158 380
380 159
177 488
184 111
496 301
480 101
455 363
274 113
173 288
93 60
316 222
165 487
155 183
469 464
431 421
77 500
314 9
116 101
218 119
224 89
229 182
248 323
463 123
127 170
324 100
205 421
276 175
147 430
253 48
290 246
404 51
420 163
330 477
74 474
252 442
317 419
272 136
500 463
210 82
138 34
396 167
112 201
173 243
120 38
240 74
311 89
432 100
205 305
194 441
87 47
167 378
198 390
114 51
353 24
181 174
422 208
299 140
441 333
48 71
114 418
146 64
438 10
427 342
259 134
279 315
187 344
351 25
418 2
54 487
463 499
323 53
253 337
27 273
166 201
64 20
7 355
310 460
41 245
69 75
32 229
428 188
446 412
85 236
186 90
240 264
489 172
12 50
253 241
115 417
421 248
118 396
68 40
117 301
265 357
199 202
90 114
102 176
135 324
308 44
62 166
293 339
293 314
17 16
435 111
376 256
383 442
381 306
494 191
258 131
281 183
122 187
267 496
300 176
192 464
226 384
216 462
237 257
300 181
127 279
469 270
196 9
220 477
222 124
217 298
100 178
277 389
400 481
473 194
451 354
34 191
210 301
22 255
458 126
292 328
349 22
98 342
7 462
165 110
414 143
339 158
410 331
45 142
84 211
348 188
337 237
129 407
433 352
33 168
292 497
310 117
169 220
11 387
202 344
208 27
439 347
186 371
314 481
136 13
489 459
258 188
246 491
361 7
168 410
155 219
347 41
104 460
78 160
1 182
399 180
80 348
127 467
205 173
134 45
263 22
249 485
421 8
165 77
150 334
75 226
335 22
467 419
117 485
386 39
171 340
223 61
281 140
199 268
113 292
199 427
332 370
114 154
365 58
320 174
237 182
398 418
298 27
231 314
490 36
55 460
474 269
302 97
400 457
458 261
408 396
109 90
450 239
225 274
392 48
473 59
361 94
37 318
347 281
456 435
485 370
133 400
332 49
463 156
292 30
366 63
201 414
199 255
110 66
342 24
388 321
53 227
459 26
475 95
98 164
462 282
368 261
58 11
56 253
308 132
169 75
197 161
76 408
239 433
6 163
308 493
12 17
332 199
54 186
353 93
444 119
73 110
27 166
153 48
227 87
439 206
207 24
153 256
270 239
303 125
25 363
392 176
5 144
246 322
206 463
360 63
356 192
81 199
45 258
325 479
207 92
429 320
11 258
16 420
258 368
204 390
447 212
411 442
150 274
234 129
331 495
373 398
118 26
13 123
202 423
335 378
435 409
122 206
380 103
190 328
60 353
222 277
17 172
103 335
43 79
241 16
310 67
359 129
22 330
438 171
438 499
367 454
163 205
294 84
6 140
469 368
313 320
372 162
406 221
61 38
324 295
484 98
450 251
401 197
477 410
356 234
389 304
189 366
187 319
260 465
278 93
459 301
160 492
444 140
446 485
460 375
446 258
109 16
219 264
434 414
398 407
39 417
352 108
152 372
116 85
110 421
279 243
194 27
57 192
460 99
166 374
402 311
172 405
304 201
14 340
51 303
282 293
31 391
319 358
302 176
370 6
94 477
253 476
56 354
5 42
413 453
253 446
33 486
310 2
227 110
462 361
160 456
167 140
40 310
208 289
229 319
375 114
5 253
373 470
14 496
350 297
67 135
359 8
462 179
213 114
36 222
315 493
325 179
139 317
349 122
101 15
182 284
409 41
370 88
274 80
459 44
219 241
422 340
260 316
309 43
312 174
360 274
22 50
230 145
130 326
175 68
41 399
28 465
59 19
455 115
448 109
101 28
9 294
177 86
233 74
154 174
315 480
367 26
190 327
142 441
310 5
6 376
233 289
221 355
458 112
294 489
156 115
34 316
470 440
342 113
445 470
356 271
11 94
157 29
427 371
486 20
469 216
334 65
308 177
368 396
245 216
357 391
49 65
475 490
393 495
391 186
225 408
236 210
231 246
138 92
430 108
2 17
403 229
350 180
326 343
392 132
212 291
418 292
171 411
492 463
383 375
1 361
96 436
163 8
387 430
149 314
126 17
354 202
486 107
20 288
275 247
410 51
355 165
185 385
299 88
309 365
318 60
156 485
314 426
391 89
132 5
71 320
371 454
290 255
