2000 555
140 491
722 504
178 204
548 327
40 113
519 217
588 698
117 615
103 144
732 549
160 31
614 484
399 716
569 468
596 606
690 470
719 198
484 199
55 252
84 562
75 5
514 25
449 581
225 357
393 111
40 115
570 230
331 643
137 176
553 244
511 749
621 35
480 308
640 600
266 463
428 374
421 163
533 358
582 550
131 123
257 346
89 501
691 97
555 179
731 473
63 368
426 33
506 722
447 691
541 315
383 159
37 223
616 540
20 684
168 238
359 431
47 594
713 245
59 501
691 642
234 744
750 124
641 434
713 560
13 106
330 67
657 491
707 271
410 674
142 339
159 303
145 52
216 130
116 238
446 51
248 570
268 518
17 400
688 399
328 41
175 240
481 679
111 61
235 143
579 82
662 28
689 643
669 684
53 229
526 720
610 396
504 160
71 231
220 627
142 505
613 572
68 114
13 541
6 566
326 662
327 119
407 731
200 498
507 495
38 251
750 478
44 229
362 629
309 189
738 391
9 104
452 312
711 695
469 622
320 407
364 620
224 564
727 299
65 312
411 115
181 749
622 414
16 480
150 127
424 111
345 74
67 269
501 402
177 338
491 492
89 329
126 290
427 88
538 147
717 340
363 108
415 132
306 265
508 388
415 481
534 387
114 390
366 668
20 359
209 40
265 53
12 31
637 626
211 518
66 573
38 591
223 555
546 483
243 618
509 164
358 39
629 300
174 653
369 439
499 491
170 723
22 289
81 289
315 316
510 323
329 657
396 369
295 717
710 9
452 85
725 113
95 79
279 735
703 741
617 260
74 51
741 180
35 34
502 134
738 228
338 611
197 93
163 229
345 538
166 127
247 204
115 244
471 363
196 23
188 168
82 338
324 473
276 578
391 186
256 604
699 232
314 165
260 411
464 541
249 229
578 574
486 20
162 142
475 65
208 633
161 226
258 167
508 407
463 312
523 476
40 530
649 128
230 641
508 702
162 393
148 682
194 30
626 465
317 650
3 362
247 694
235 575
375 213
561 273
609 597
373 268
540 284
504 450
444 105
407 444
587 414
291 469
131 564
113 266
246 115
437 626
635 688
297 458
166 521
115 367
412 322
159 189
461 457
55 395
434 8
500 375
109 527
388 450
396 137
507 271
640 160
549 216
293 40
48 197
567 373
694 737
650 554
252 270
226 702
55 695
583 465
680 404
30 178
600 379
61 384
130 157
442 485
306 153
494 66
498 450
68 360
55 665
10 213
725 353
246 194
437 230
110 244
78 203
709 300
206 744
372 46
399 166
316 723
354 457
187 223
223 703
94 81
559 345
512 394
250 98
453 634
541 628
353 5
174 578
708 369
490 750
427 324
473 408
158 605
517 100
618 357
91 314
322 622
337 473
63 333
80 11
246 478
443 451
270 281
474 415
71 423
589 47
176 739
642 289
139 366
30 516
421 471
262 183
472 627
391 694
425 408
242 184
513 473
323 259
189 548
583 149
617 715
141 522
188 504
440 584
129 231
71 591
403 728
712 564
192 287
155 580
226 168
290 574
160 374
341 28
307 385
94 82
631 46
677 242
672 260
479 147
556 1
537 174
154 698
476 308
155 526
257 209
735 540
394 435
332 726
589 465
461 334
718 616
405 253
136 255
438 233
200 649
511 217
443 80
684 286
653 331
269 295
269 621
554 121
483 620
141 332
280 243
536 7
689 468
731 167
190 561
648 342
71 397
627 193
523 361
340 128
134 149
196 603
159 22
173 100
65 67
185 285
397 504
105 206
307 184
373 674
654 623
601 380
86 455
540 552
400 710
392 447
105 360
566 431
339 116
469 141
190 293
351 686
295 585
581 393
146 646
327 168
287 120
219 64
106 27
568 121
199 109
139 409
64 394
262 68
165 577
119 14
224 434
747 176
240 272
11 653
126 582
131 550
27 450
272 485
266 663
605 71
381 184
75 551
72 531
173 311
657 488
492 113
324 190
195 386
480 603
240 477
215 324
7 530
455 688
653 640
746 731
191 63
176 581
274 302
750 115
655 265
510 703
287 57
692 58
274 274
674 296
93 266
422 15
213 305
167 644
142 436
39 660
691 30
188 358
683 283
515 608
86 7
367 506
561 38
129 686
352 517
407 18
406 60
284 130
711 116
584 112
103 401
197 229
172 181
200 575
368 703
307 518
62 173
47 147
273 690
192 521
710 104
176 185
725 288
470 497
517 244
389 548
37 6
89 356
204 16
207 723
514 196
418 704
432 404
512 324
734 37
520 360
690 28
171 628
125 39
372 523
546 210
162 392
299 328
122 448
93 290
134 274
679 89
200 390
284 384
224 451
591 474
561 579
80 58
282 698
608 290
749 698
305 326
408 318
649 350
234 353
399 301
295 134
519 260
494 582
188 305
2 444
146 573
43 621
443 235
325 655
6 446
615 344
218 427
61 412
663 715
226 661
399 318
704 439
81 105
276 186
239 629
645 381
321 47
4 315
41 644
738 746
578 533
69 383
745 105
2 512
73 722
641 98
626 705
319 562
263 47
12 122
230 76
114 557
122 34
310 284
693 606
731 398
130 216
748 569
549 495
288 155
445 62
385 722
385 545
274 270
565 495
34 710
229 463
45 730
442 507
357 501
635 5
368 574
374 587
124 238
582 5
388 591
500 546
377 191
177 233
367 116
643 743
147 70
286 539
506 413
314 153
618 524
675 208
675 95
123 361
674 559
746 316
732 4
45 681
360 192
31 151
89 297
254 423
307 169
440 133
741 495
87 11
112 240
288 147
360 305
80 428
242 30
232 99
128 76
256 345
126 313
422 490
593 15
9 648
690 75
483 329
206 168
30 298
382 387
720 8
539 279
13 567
413 20
416 370
132 691
447 555
258 191
365 680
244 417
156 383
74 634
425 234
485 4
466 351
302 17
257 482
290 237
132 431
618 676
692 346
154 677
33 238
688 81
363 194
50 385
527 486
46 364
548 731
374 610
424 703
345 300
580 572
355 151
231 116
565 46
729 37
108 582
320 495
589 513
618 46
484 463
359 236
453 25
601 725
95 737
713 490
685 202
467 18
651 727
669 571
61 210
645 14
529 185
176 283
730 157
104 487
158 197
262 58
255 67
607 147
552 623
50 505
153 289
588 101
507 65
518 422
687 112
311 317
668 696
414 215
193 262
316 312
153 563
658 11
425 182
288 701
556 255
21 719
332 13
442 127
213 53
626 418
551 532
337 563
452 540
626 82
69 159
202 320
722 39
396 86
242 448
388 96
634 247
64 687
372 318
727 427
509 205
36 19
110 329
333 591
201 379
614 64
330 496
192 140
33 33
70 525
137 120
721 269
522 696
214 570
626 337
739 73
606 234
381 195
648 48
218 570
459 212
657 286
241 84
161 670
496 604
546 638
250 14
681 153
289 617
130 182
579 502
746 640
81 322
122 404
402 357
445 651
686 505
359 89
289 559
682 38
331 492
620 127
216 96
538 411
429 249
151 628
26 289
16 334
579 108
493 348
147 678
524 663
367 42
526 101
261 229
529 426
474 317
323 632
724 671
299 325
379 530
690 22
646 142
499 570
566 613
627 447
706 730
23 110
516 100
39 564
71 515
115 357
338 570
192 425
195 70
129 607
373 305
133 38
67 260
38 211
631 14
735 525
687 679
695 94
593 320
133 629
246 299
416 62
113 310
614 700
69 686
104 542
715 668
743 81
152 65
482 576
92 166
104 456
440 4
622 581
229 561
332 56
675 422
149 582
17 491
144 172
425 204
584 404
213 37
41 354
93 696
214 43
33 376
55 423
652 258
116 256
211 43
592 289
99 127
4 275
109 186
220 406
631 522
673 657
717 298
620 369
488 345
259 244
670 421
50 187
86 719
136 510
169 105
19 94
376 531
140 442
175 264
479 595
565 681
658 493
380 475
338 617
157 701
683 168
713 704
146 553
717 475
242 587
10 451
526 528
293 666
302 526
563 373
365 439
263 221
123 474
628 439
611 705
621 208
675 514
131 689
100 634
699 504
328 638
487 602
729 673
63 581
336 127
166 547
4 432
729 116
308 111
454 108
19 690
555 469
507 15
721 407
229 51
597 272
729 456
94 643
208 350
578 488
476 502
170 634
543 587
125 53
590 746
443 536
700 441
585 358
375 668
343 43
495 198
152 208
99 508
424 292
604 457
694 119
76 532
589 64
636 161
57 221
682 185
657 55
223 331
512 643
522 308
652 289
436 492
70 439
190 385
112 67
256 379
178 350
91 522
217 99
651 233
509 456
167 90
557 383
467 259
531 630
136 159
577 209
558 626
467 329
431 352
88 582
260 9
687 77
366 419
425 601
195 376
230 343
745 544
578 284
10 165
67 251
699 620
414 232
84 565
120 669
66 548
113 305
194 316
344 608
97 40
611 264
128 432
327 666
238 239
268 408
416 494
206 458
620 750
218 315
243 550
501 503
227 1
740 747
376 241
483 235
82 398
504 364
82 287
101 175
90 95
437 416
520 235
462 402
372 460
604 286
517 576
8 19
183 432
317 56
124 34
299 467
293 126
625 260
138 335
336 604
111 332
205 638
646 613
278 429
355 106
500 302
374 682
257 711
521 668
236 694
244 218
695 258
231 499
327 158
133 489
654 99
216 399
288 704
64 415
5 354
31 150
664 103
536 197
717 431
483 210
488 669
548 37
543 49
360 467
218 82
639 709
196 540
189 82
414 286
337 664
727 726
236 512
345 511
443 690
608 69
163 683
70 161
81 333
86 443
670 119
490 438
250 191
225 42
202 130
639 482
531 463
403 521
226 182
156 716
270 21
293 214
43 404
329 92
124 663
532 578
614 400
394 128
260 709
719 629
297 127
543 646
394 116
722 203
57 381
238 704
2 305
61 346
189 278
636 556
214 632
250 222
155 215
209 741
735 506
549 98
331 100
40 4
463 22
248 162
693 415
542 561
19 701
417 272
304 152
407 657
105 631
303 160
737 593
78 394
226 636
298 158
320 700
354 361
745 51
528 26
714 265
82 706
509 408
5 657
481 497
138 635
54 63
183 125
562 469
367 539
40 410
193 249
664 484
215 622
19 635
499 386
538 304
398 387
145 579
169 183
628 727
370 313
593 100
524 533
296 152
559 243
433 394
208 263
81 651
241 259
278 171
527 32
735 311
361 223
71 729
679 234
59 591
472 75
450 404
211 49
131 108
411 638
433 213
659 72
447 592
519 341
507 158
442 220
712 225
384 129
431 77
481 389
439 516
554 409
360 502
19 555
471 728
11 706
321 750
109 232
737 268
191 292
3 172
30 87
461 117
376 419
703 211
306 621
361 631
579 86
367 577
502 27
473 743
367 392
515 530
546 83
139 280
301 367
341 308
319 616
113 303
23 20
666 696
314 327
376 625
313 211
672 179
312 676
474 395
305 106
528 451
91 366
502 419
582 630
321 514
361 206
171 614
514 707
603 571
472 301
431 425
254 654
744 105
381 488
1 390
144 559
746 217
440 284
679 639
478 155
234 142
543 122
11 327
206 79
155 280
194 280
403 579
151 482
553 47
537 664
355 56
342 498
142 727
49 714
51 153
687 253
14 260
139 2
607 554
442 225
214 197
728 212
443 750
437 20
52 663
427 601
628 36
414 675
437 97
475 621
345 57
161 28
95 134
257 447
156 254
357 560
46 680
191 666
51 184
316 152
102 346
656 31
192 320
328 97
227 177
666 680
47 514
605 360
500 746
661 375
6 165
749 721
578 571
554 584
503 244
192 249
690 184
380 397
301 483
266 65
572 265
650 404
224 287
426 148
482 527
180 184
511 715
491 671
235 374
711 622
638 556
509 707
336 734
407 479
179 200
453 420
443 107
96 499
485 432
552 303
491 139
51 606
55 306
641 77
550 59
354 499
605 665
196 234
384 465
614 252
134 457
349 475
237 416
560 42
20 663
165 505
620 464
630 572
117 494
275 201
554 616
599 152
599 396
134 521
426 131
51 312
570 326
382 619
48 386
413 519
546 450
397 246
125 380
204 167
708 42
653 198
646 653
107 421
261 539
730 420
120 662
379 244
733 481
649 412
435 343
590 171
401 507
601 187
596 720
668 277
240 375
199 635
314 698
215 533
215 45
460 446
74 715
287 694
590 480
489 587
4 280
742 247
587 60
46 640
740 192
641 376
389 229
723 49
562 124
267 284
370 344
723 579
21 273
366 530
337 561
661 699
621 503
137 450
311 664
348 108
395 85
279 581
749 463
218 470
432 479
688 648
104 188
74 134
739 277
158 435
169 424
505 60
424 595
720 134
472 658
257 267
711 12
585 124
41 654
302 166
104 414
213 396
48 159
226 375
575 95
57 157
212 42
507 390
135 296
499 716
685 617
702 238
514 24
357 72
82 423
558 563
145 704
336 360
71 133
339 300
513 182
34 62
631 700
42 629
113 253
8 252
554 642
573 109
180 336
687 38
602 414
495 361
191 316
400 262
259 201
484 337
138 740
338 562
544 669
487 680
303 700
630 591
139 702
524 512
230 18
389 562
533 205
30 341
308 616
738 269
657 666
176 520
509 669
87 746
377 663
574 584
504 452
415 695
627 1
677 330
450 576
180 41
556 439
305 294
240 540
65 747
323 647
469 737
422 531
135 501
372 395
376 223
119 329
578 328
197 242
678 655
610 355
701 319
91 354
28 314
189 231
358 587
601 606
446 458
740 56
280 63
133 198
531 92
237 355
272 167
684 127
613 545
11 581
696 133
377 728
331 465
708 737
663 227
525 335
441 696
675 289
385 532
228 35
697 308
687 12
297 236
620 539
28 197
307 97
398 518
47 534
483 164
145 669
69 152
322 592
371 85
748 68
70 569
640 140
220 395
354 561
224 260
662 324
248 664
139 45
25 474
428 230
321 255
410 9
132 652
666 334
544 648
543 120
383 608
292 159
515 266
422 128
130 8
465 333
43 441
266 164
13 313
62 205
69 242
226 282
143 508
374 231
384 585
207 236
683 320
522 9
98 743
384 461
23 39
310 543
13 433
221 294
87 390
365 79
625 14
608 114
132 737
493 655
402 220
161 250
28 170
629 516
409 271
296 64
469 152
689 734
345 666
332 89
193 297
486 673
399 606
135 481
165 203
445 744
282 30
407 154
516 431
73 475
454 738
723 367
234 705
8 102
399 55
739 53
259 417
428 23
261 206
428 209
11 10
617 498
274 656
10 733
658 330
493 397
144 385
361 306
605 311
117 305
387 442
413 41
202 141
463 364
146 394
153 653
692 32
572 237
266 123
273 104
276 689
454 542
709 381
151 707
608 341
542 453
99 183
209 168
506 162
379 427
324 551
448 651
34 161
15 602
402 237
156 67
468 299
299 33
608 189
465 474
223 387
485 495
356 534
688 669
112 585
404 647
732 708
558 42
674 451
650 667
343 199
91 530
690 363
400 540
564 526
209 147
561 397
370 312
52 159
529 641
319 13
749 107
460 297
272 689
339 523
633 552
605 604
609 206
273 321
120 257
624 484
321 569
583 6
147 682
353 238
165 571
76 278
365 734
422 266
554 277
555 241
600 133
525 434
205 206
209 726
684 699
225 251
57 457
564 170
360 665
735 36
710 469
276 425
504 343
309 453
161 52
526 149
252 653
468 271
417 475
491 154
705 252
114 293
101 586
136 558
672 227
484 186
32 386
705 233
88 427
140 506
548 36
135 311
199 54
609 225
229 654
520 286
632 227
565 426
717 221
181 74
619 15
666 97
539 648
614 164
394 99
497 409
445 288
459 721
113 416
186 42
400 200
608 128
551 77
164 334
79 686
474 553
67 257
193 546
70 70
162 661
550 650
221 11
296 111
719 553
111 173
267 32
174 107
532 580
650 625
78 497
671 524
716 61
541 128
215 395
257 44
705 598
304 474
499 707
302 577
116 1
357 451
411 374
744 377
226 740
4 140
248 746
411 108
538 115
149 459
20 335
178 682
527 333
309 658
313 245
417 320
726 171
653 3
273 22
114 20
539 726
275 743
428 491
21 547
532 197
386 687
151 408
685 404
555 208
286 662
708 220
63 213
107 422
206 271
71 51
484 333
46 300
45 501
185 745
159 512
186 6
138 691
215 238
600 391
714 727
575 106
2 310
434 652
710 40
523 36
68 654
61 124
201 12
197 583
628 603
483 392
414 204
353 224
611 245
282 361
55 128
172 263
598 239
173 110
412 31
35 21
569 567
37 27
419 56
37 355
197 471
693 388
324 637
120 695
51 21
22 541
322 616
425 266
205 117
216 746
73 113
272 73
424 594
376 378
276 610
704 264
91 109
423 742
742 381
415 673
577 132
385 680
192 341
16 205
563 386
445 313
428 742
618 713
82 190
741 572
313 569
210 742
623 124
94 415
580 232
65 330
8 84
421 52
514 440
550 276
221 34
267 304
638 282
329 318
266 588
552 279
711 23
701 537
597 705
59 429
284 680
20 281
473 411
434 457
338 480
450 602
309 686
573 234
597 85
545 707
12 642
479 426
598 550
160 340
416 358
481 581
642 703
578 551
396 248
713 733
603 9
544 427
734 260
225 180
73 734
261 573
133 517
199 481
13 422
243 484
525 686
240 423
689 188
178 749
32 41
554 458
499 295
726 420
231 527
371 206
549 261
73 266
556 711
587 185
707 613
636 709
432 393
684 530
86 43
360 698
660 625
681 521
305 515
581 606
62 358
594 649
667 610
501 293
449 608
311 537
92 59
484 626
671 479
432 21
206 356
52 609
659 631
415 65
47 634
495 470
320 685
516 621
263 13
95 284
578 620
735 558
9 452
250 523
607 80
573 538
619 163
15 281
127 288
222 241
666 264
256 585
390 62
495 28
605 382
96 547
486 509
499 581
725 125
499 329
165 628
736 710
252 734
651 242
586 157
607 509
257 266
507 234
452 318
125 27
118 559
581 507
44 655
475 407
704 164
449 594
66 423
479 477
315 555
496 141
491 152
332 316
366 682
260 20
499 436
199 323
674 638
514 39
669 734
23 399
589 603
690 61
555 62
384 287
342 292
155 482
701 462
