3000 1500
160 195
603 544
47 515
473 531
56 261
382 481
332 172
698 571
171 391
698 357
117 613
649 53
213 33
116 268
268 94
178 486
20 423
311 502
621 303
41 438
117 297
595 170
443 364
552 29
118 191
246 574
48 417
243 403
255 52
650 148
503 124
461 723
368 199
414 421
228 468
735 637
627 749
680 556
351 636
32 674
743 405
125 717
735 505
30 389
641 256
44 357
29 25
653 666
359 562
217 312
450 129
466 590
606 312
182 406
121 158
120 722
128 395
352 38
669 222
306 618
237 231
404 286
487 171
486 256
52 520
626 346
203 698
363 32
270 735
19 147
435 399
334 396
316 24
750 145
687 336
316 241
324 69
187 646
46 410
195 514
421 562
453 619
463 691
324 9
228 685
743 362
2 678
127 424
512 642
297 317
172 625
98 645
605 539
27 341
435 512
522 662
169 590
343 62
284 452
235 288
34 176
12 526
55 643
490 593
79 8
94 460
49 503
368 29
20 377
602 450
196 61
691 481
357 490
63 69
732 197
720 445
204 417
314 270
194 46
385 680
613 366
108 404
538 180
671 560
380 34
267 658
683 419
379 545
294 364
518 407
432 417
135 561
382 120
82 599
10 700
24 734
584 427
402 369
689 253
197 3
426 180
191 56
527 621
569 667
432 298
694 482
591 489
344 529
423 641
277 711
690 537
591 384
177 615
390 214
115 94
193 92
611 198
720 145
187 727
215 183
401 541
485 607
440 125
711 692
112 374
55 139
466 302
538 460
485 537
677 707
203 214
627 352
49 670
512 564
167 668
217 488
510 55
639 505
59 62
303 741
142 357
402 129
382 557
555 619
566 533
651 239
135 420
235 66
32 376
635 594
34 189
537 485
298 325
734 287
37 210
475 121
671 112
159 533
259 747
52 739
103 178
138 644
460 384
688 575
567 99
237 709
665 114
601 564
393 230
275 688
540 7
35 749
231 413
54 374
246 364
208 277
259 706
515 109
215 346
464 210
265 31
356 218
446 389
56 174
192 130
82 635
283 491
77 369
105 178
685 53
538 500
688 177
340 339
82 499
268 642
223 110
489 119
634 607
630 20
551 307
464 373
381 429
37 550
130 748
698 328
269 410
390 98
395 674
617 511
473 85
318 444
432 136
741 239
347 289
262 599
260 444
175 716
518 528
622 618
280 411
380 211
128 373
370 394
467 261
19 626
709 244
52 3
225 708
223 252
145 262
396 65
53 571
238 436
636 279
417 16
545 405
164 199
182 297
572 531
295 472
636 15
148 545
292 420
558 269
81 464
258 235
167 672
325 251
456 475
109 689
382 358
232 553
525 304
510 230
439 161
9 346
273 12
550 663
351 595
72 537
583 419
557 541
306 273
706 305
97 256
319 153
718 129
369 718
367 294
541 37
670 305
471 465
411 612
30 484
620 561
161 737
483 570
31 634
35 574
62 40
607 401
325 458
740 396
466 235
23 613
327 547
45 349
568 186
442 351
322 229
321 398
472 135
193 140
542 179
174 92
244 75
75 16
554 315
40 19
308 266
216 711
250 441
157 711
386 353
204 120
261 564
166 572
409 3
569 249
300 160
552 445
610 33
320 155
270 327
41 498
129 746
152 715
620 578
391 173
515 351
446 617
573 11
502 327
572 153
613 552
388 274
112 65
500 99
555 302
389 218
422 375
434 100
180 219
577 705
177 103
85 127
343 452
582 13
396 275
104 158
288 349
26 607
325 21
511 159
437 211
664 387
729 82
217 543
111 533
116 729
258 466
639 364
554 184
235 677
51 93
97 378
36 598
686 389
707 426
302 316
485 124
731 558
472 584
667 182
136 196
437 291
12 3
342 639
98 477
175 591
414 413
743 98
592 650
557 134
673 407
646 749
326 611
347 415
164 450
480 624
141 541
330 442
524 562
221 272
607 65
24 610
675 192
340 481
5 519
272 571
215 59
448 358
353 183
237 43
261 698
647 585
715 358
348 148
499 28
61 343
567 484
218 359
428 381
668 291
440 117
318 58
389 419
59 744
261 107
641 682
449 371
173 683
119 133
425 185
211 181
465 489
155 630
97 376
14 651
582 424
467 501
420 574
740 28
45 149
653 481
576 672
221 574
11 309
179 273
366 447
723 594
462 614
632 128
371 267
277 253
131 441
722 167
348 394
566 703
615 607
269 349
137 417
504 381
521 515
395 545
478 642
318 77
224 324
411 673
524 252
261 157
508 172
729 432
489 427
132 552
690 274
665 646
733 421
479 461
263 87
314 405
135 578
265 17
656 133
263 188
136 369
31 391
117 360
399 341
236 128
728 670
388 580
321 678
65 20
578 437
205 278
160 683
20 396
601 5
53 597
307 398
513 3
391 226
526 747
211 545
527 323
626 463
684 400
300 712
379 382
471 490
27 304
255 350
629 566
319 709
157 181
586 524
342 603
627 6
229 27
567 351
666 381
569 77
569 557
37 603
733 7
334 327
37 65
508 34
253 393
698 302
621 334
443 125
320 489
532 530
646 570
185 208
698 290
71 213
409 361
337 362
748 264
39 159
291 191
1 288
743 549
699 232
559 188
358 185
490 560
115 441
415 520
707 489
246 370
596 66
267 549
603 678
87 315
19 241
717 550
631 39
477 485
593 204
232 356
449 59
136 494
410 336
296 661
358 173
247 523
415 367
131 111
400 378
476 694
638 583
711 651
186 102
182 35
350 482
341 168
704 12
659 641
415 156
279 551
468 182
180 233
502 395
672 449
141 413
686 477
50 254
59 273
588 702
627 119
444 335
538 152
176 1
733 647
386 64
518 425
733 41
87 66
545 162
1 467
573 676
566 630
609 276
259 628
346 202
608 200
584 290
632 302
612 553
348 204
329 263
56 735
26 471
54 688
275 707
376 267
583 649
10 144
440 37
491 427
606 411
2 127
468 164
362 78
56 387
286 659
471 482
688 131
266 563
498 329
158 627
516 631
195 21
171 414
656 354
324 44
365 473
746 548
580 50
660 139
458 400
158 170
41 723
331 247
531 318
610 605
127 526
569 130
53 608
102 348
338 414
579 587
743 207
36 708
589 546
604 375
120 323
84 462
507 511
117 165
229 357
377 643
104 248
326 440
98 114
293 273
335 83
162 612
244 573
703 703
435 559
520 609
731 334
50 360
87 628
588 451
428 479
399 471
565 478
76 46
484 150
404 509
506 307
502 159
709 727
547 211
43 485
88 130
335 478
551 518
738 168
197 101
44 407
2 399
135 341
216 77
659 237
318 548
406 57
646 467
616 388
471 456
77 14
475 226
74 213
392 194
420 691
145 59
115 435
626 137
246 321
372 661
748 749
14 160
94 309
92 220
563 243
202 566
201 319
234 333
499 421
209 474
543 105
473 39
515 82
521 427
66 374
48 128
173 21
267 483
421 294
281 339
267 96
444 465
586 425
618 671
475 587
165 12
74 521
219 668
288 708
181 376
480 731
514 252
297 11
626 451
383 323
47 692
532 143
550 641
584 553
558 590
294 356
233 327
396 108
85 536
548 365
195 637
397 396
376 27
284 301
739 135
338 175
689 614
64 275
96 701
623 740
180 225
60 48
199 502
218 311
699 471
311 494
216 520
675 432
476 678
718 394
530 167
521 423
664 403
674 486
543 349
80 24
518 623
269 604
411 473
428 598
597 245
198 392
689 592
194 392
545 361
270 189
22 14
746 180
608 291
292 177
572 606
53 487
288 568
300 124
744 219
688 192
265 314
698 85
604 307
356 101
66 447
480 255
726 225
5 49
622 259
699 641
463 575
408 736
149 557
390 99
651 392
362 92
633 419
387 398
32 201
477 410
126 562
276 521
734 464
101 442
679 218
317 95
77 670
18 115
172 500
356 445
149 368
118 587
21 177
11 405
67 624
430 479
9 723
187 87
487 677
750 26
503 584
666 148
13 713
740 27
122 345
689 431
279 713
328 742
485 228
653 499
351 8
308 669
713 468
97 177
646 675
493 225
657 261
737 568
384 133
443 434
199 4
395 253
596 127
202 389
265 16
158 171
189 456
629 248
274 210
525 137
288 257
487 554
284 627
742 149
546 652
7 111
616 17
413 451
50 84
565 462
651 181
715 727
423 1
92 31
627 226
643 291
611 127
432 744
446 506
581 271
562 7
329 151
720 215
62 331
288 502
125 411
539 361
348 355
309 542
635 414
130 136
168 676
481 584
639 494
647 119
334 64
732 698
190 560
717 446
381 234
640 271
648 238
204 312
713 367
171 590
662 299
394 297
227 236
580 164
706 208
721 542
180 722
130 480
210 63
162 537
668 137
480 576
542 339
597 232
743 625
315 664
581 483
189 704
593 443
129 679
156 560
429 529
339 539
300 670
242 83
444 420
320 578
610 338
162 112
466 142
681 105
286 287
440 12
61 708
52 387
70 466
405 654
615 201
562 159
518 267
297 238
628 651
276 645
375 308
539 385
269 38
297 369
364 294
213 348
537 621
663 472
113 617
602 328
725 129
692 40
104 153
84 134
112 725
538 326
318 705
384 471
744 541
728 21
351 525
556 451
405 108
85 220
421 533
518 101
360 465
335 740
324 164
219 339
646 533
403 409
507 292
65 128
534 124
99 305
498 343
319 251
162 261
286 181
446 586
140 473
726 539
692 381
183 406
268 87
617 350
192 511
242 123
686 601
172 474
384 26
348 137
528 354
588 27
746 309
608 210
648 146
127 126
241 471
456 47
704 379
303 97
611 118
312 489
741 65
524 148
601 571
644 568
641 86
133 582
59 87
563 377
618 52
258 318
41 547
407 30
716 646
312 80
339 261
509 510
150 140
594 577
563 662
379 90
273 254
120 151
40 131
702 31
570 307
665 168
157 11
264 16
633 306
375 301
400 574
93 510
33 238
470 402
644 386
556 379
237 614
187 691
407 124
190 177
718 257
13 103
4 101
530 747
713 436
610 635
135 556
96 386
168 394
395 102
278 627
660 435
522 388
646 511
350 313
659 592
404 450
358 188
306 365
425 466
447 652
486 78
137 735
267 315
27 395
199 81
447 119
162 516
296 228
410 330
658 60
495 580
735 147
336 416
567 741
423 177
697 446
95 551
352 293
629 688
514 479
614 150
442 178
539 405
442 306
228 506
429 45
320 178
158 326
474 132
332 691
2 692
294 330
377 153
17 423
154 730
440 115
227 744
349 256
253 390
446 438
255 572
24 295
741 738
618 162
418 627
746 67
357 561
473 746
413 318
432 219
336 167
332 435
207 204
67 548
2 50
530 710
745 453
646 188
389 134
703 549
665 581
460 496
189 624
152 389
653 672
174 324
405 501
125 359
382 549
287 650
238 740
92 388
324 176
315 129
594 728
430 576
85 563
474 528
202 732
192 363
148 718
398 212
94 510
433 183
678 668
300 493
648 337
189 687
490 732
38 448
708 708
27 354
414 265
565 436
568 541
633 491
72 630
55 494
107 455
66 473
663 74
134 54
157 226
593 321
589 214
226 482
301 505
118 617
29 575
320 186
463 448
408 348
483 457
673 38
148 698
477 225
235 740
437 443
443 332
200 419
359 393
242 187
714 301
39 122
640 748
639 537
316 140
448 186
276 172
542 120
660 319
331 669
432 477
345 570
402 106
139 130
386 428
66 369
509 90
499 555
595 203
216 46
26 329
59 477
233 371
298 558
338 690
473 716
146 307
358 709
470 253
197 495
378 620
240 380
16 142
458 586
593 12
558 653
745 217
494 637
488 310
101 292
116 688
405 526
153 87
738 202
550 23
322 575
665 677
315 709
18 710
250 84
224 603
214 651
147 312
682 588
62 381
677 37
678 733
79 193
585 120
342 220
248 435
677 346
461 178
688 620
300 363
424 399
676 367
314 342
570 416
749 642
99 154
79 663
161 20
123 541
690 61
37 303
474 251
82 283
300 648
16 516
690 652
187 279
242 48
247 700
696 552
464 403
573 572
620 603
259 499
341 310
339 529
36 269
341 291
58 559
636 250
569 381
426 694
693 524
370 547
16 496
352 552
558 616
581 485
209 589
116 643
469 6
539 460
79 607
214 666
262 298
242 485
397 246
58 107
257 314
591 675
366 562
443 3
423 279
643 632
32 4
594 5
168 587
98 269
237 301
215 441
338 337
295 350
306 7
582 285
120 596
77 613
405 620
537 35
415 338
344 411
105 10
112 320
297 170
280 476
336 218
448 276
319 230
59 394
734 128
268 647
6 229
348 6
503 666
242 554
15 455
124 130
721 369
541 653
87 660
150 492
305 577
256 68
168 729
218 395
381 706
606 135
495 595
315 47
376 104
419 181
184 740
343 714
483 194
505 109
538 377
428 635
629 140
467 507
60 88
7 234
7 616
586 214
132 235
490 179
478 113
132 407
27 537
198 20
576 195
346 497
275 336
150 398
56 308
163 254
563 474
316 701
182 104
456 607
156 675
736 180
383 473
213 402
592 620
487 272
441 381
678 489
331 555
294 648
429 741
662 83
209 517
405 728
542 727
678 95
468 371
557 503
456 81
733 184
377 248
664 104
136 628
600 190
222 750
671 390
118 272
35 701
173 102
618 668
478 161
721 449
377 299
73 724
590 133
248 742
2 625
748 327
227 627
700 35
374 335
160 289
74 491
323 663
342 25
472 234
517 628
38 249
675 329
27 347
488 422
299 624
354 692
452 355
343 166
566 499
624 672
99 417
22 146
88 243
14 85
284 560
656 700
89 544
528 602
745 11
702 324
684 615
177 70
519 277
673 351
7 261
503 394
606 253
18 509
128 506
666 8
294 458
241 85
584 230
67 668
459 1
274 583
201 330
161 93
630 574
469 420
602 576
739 25
741 650
163 242
709 310
469 258
326 577
448 733
186 388
617 582
734 237
595 489
119 584
175 351
288 615
10 643
401 207
721 594
129 599
600 299
350 520
5 476
592 509
712 16
79 462
611 560
294 335
616 415
192 40
68 75
130 447
420 173
436 207
746 578
517 287
71 238
327 256
303 287
655 235
510 84
683 115
247 339
211 16
30 599
214 61
28 266
663 737
104 692
282 637
577 399
57 3
309 696
166 697
68 285
468 127
454 474
153 36
351 333
394 658
179 346
428 90
511 358
16 62
273 517
195 563
652 467
235 714
143 161
78 530
416 527
318 199
111 480
669 205
693 658
157 278
381 561
315 593
580 748
169 388
169 550
239 360
591 136
157 257
697 453
80 446
427 483
126 387
180 589
357 357
737 143
183 339
282 228
378 5
28 550
722 606
397 236
124 161
403 248
298 665
139 206
410 198
324 411
439 269
370 530
618 38
575 369
224 388
606 167
353 90
310 76
163 463
572 157
171 603
313 536
256 324
486 690
538 275
542 445
402 46
199 416
70 515
564 314
470 418
107 258
714 120
325 372
313 148
119 191
581 403
240 540
245 259
743 685
441 460
410 7
298 361
37 692
84 614
651 491
698 292
349 21
655 386
347 682
151 474
526 85
380 229
496 425
352 209
15 625
313 59
737 181
282 695
241 352
56 184
531 540
500 33
456 519
156 423
400 698
721 392
93 147
312 326
108 629
14 247
448 240
620 151
707 535
92 740
750 559
60 564
292 139
427 571
350 433
400 607
669 328
741 281
397 38
71 178
225 535
41 374
254 629
314 73
236 567
86 291
99 450
731 419
700 110
331 457
280 225
359 268
229 733
245 390
111 732
658 580
15 439
645 229
687 452
64 470
615 46
545 339
46 355
617 654
486 45
448 187
487 276
669 565
621 465
172 146
667 72
526 64
716 675
590 361
43 204
581 477
347 632
301 709
716 361
92 429
271 216
137 595
94 210
42 394
311 599
584 347
78 444
132 203
371 472
292 207
702 480
258 19
114 508
588 690
25 192
211 213
142 361
644 472
233 555
407 192
697 122
605 216
667 356
433 596
73 76
557 114
68 186
524 511
527 501
495 424
438 368
53 750
58 666
31 219
116 671
628 672
103 252
36 582
302 662
360 596
202 648
509 300
141 118
32 463
623 723
248 210
476 527
183 291
479 552
265 158
214 196
409 283
529 695
510 234
646 248
326 118
263 332
692 676
201 597
185 336
118 184
407 274
209 122
630 592
239 635
186 485
630 422
603 54
389 334
301 549
172 633
34 46
437 489
488 741
320 544
122 402
157 411
187 197
266 203
719 218
637 251
232 55
191 206
137 250
326 518
31 346
684 151
157 91
370 157
127 722
380 19
470 691
311 325
121 235
571 423
221 492
130 448
196 648
69 466
355 430
109 565
428 568
317 471
101 380
230 148
597 339
109 520
598 388
665 283
397 713
679 528
104 708
26 397
502 723
155 140
701 238
122 297
281 171
462 126
631 628
304 545
710 440
155 236
447 185
591 164
505 405
106 408
660 261
521 363
270 80
388 3
280 267
615 558
713 502
185 105
354 359
193 24
272 626
727 168
480 90
95 36
255 148
250 315
39 289
567 495
677 505
158 632
417 384
459 232
36 194
158 183
361 226
357 373
378 497
432 229
734 407
170 36
320 637
649 647
161 169
702 152
361 266
55 662
358 715
144 606
330 277
749 403
455 349
147 485
722 503
345 547
418 620
4 120
379 469
541 115
160 245
587 581
538 728
708 272
550 388
498 645
430 96
65 106
82 28
515 446
6 676
310 313
228 715
329 689
442 19
649 648
313 326
216 421
448 588
663 377
380 479
483 166
252 75
234 634
349 100
33 499
495 631
159 722
213 144
304 51
618 283
238 523
359 440
720 718
129 378
2 722
614 548
379 414
43 509
602 605
92 13
375 243
282 312
462 244
405 540
403 135
486 568
4 717
431 542
621 425
178 495
296 520
497 318
160 541
556 525
36 181
44 518
370 701
737 284
271 393
479 517
505 262
242 50
165 287
124 109
271 386
24 115
101 528
703 11
363 320
626 561
337 25
628 744
165 56
43 176
414 416
90 122
594 195
358 201
461 294
462 277
645 337
638 68
727 44
49 68
645 201
397 640
113 97
700 373
580 344
433 644
501 654
288 35
137 629
563 57
611 383
337 167
500 712
701 371
46 342
303 739
525 135
672 343
541 466
519 294
261 352
91 355
472 107
524 93
656 470
185 436
702 551
579 161
724 541
92 88
170 203
467 682
548 17
594 287
361 335
488 527
62 570
457 425
427 159
662 36
324 746
5 314
42 31
454 7
165 59
632 296
522 455
691 149
224 89
177 654
299 491
630 34
525 344
285 451
662 736
627 206
74 507
690 582
117 308
650 303
24 210
629 122
433 96
344 455
681 203
740 16
420 676
728 733
338 675
97 71
239 716
271 298
652 225
696 439
556 134
507 252
512 431
573 233
377 130
168 482
320 594
536 166
486 566
148 434
538 5
636 464
348 172
526 221
652 133
142 56
736 391
684 18
435 542
243 18
7 220
539 73
356 44
625 456
420 49
608 101
418 285
666 31
604 144
179 736
677 561
458 680
659 209
495 618
147 698
103 461
688 532
724 444
546 202
35 225
71 733
518 572
638 337
205 267
606 156
654 282
390 211
288 30
24 438
105 747
44 636
421 747
428 180
37 488
460 52
261 124
253 224
67 362
348 294
184 639
57 411
13 400
249 595
515 652
474 123
70 184
332 654
418 391
449 226
715 701
748 639
591 558
673 508
353 625
297 676
363 655
375 581
633 77
61 561
274 579
295 25
526 708
283 690
50 162
634 448
368 522
319 110
9 190
732 88
608 136
8 549
716 328
192 319
550 189
657 553
189 370
238 374
500 164
193 438
62 355
42 608
168 246
660 459
24 491
510 684
169 133
86 294
456 232
265 710
666 501
145 83
117 624
230 577
620 593
686 268
384 269
430 398
232 610
304 729
630 672
248 714
438 174
427 443
513 698
63 570
720 652
250 28
187 198
359 312
401 157
184 75
232 747
195 244
206 725
362 580
20 503
398 258
26 25
588 312
485 434
87 723
203 561
748 471
641 169
213 407
436 605
311 654
409 91
490 5
698 491
77 702
594 308
270 287
139 183
569 16
265 437
548 744
116 384
39 722
60 339
469 686
275 631
250 13
51 383
620 594
364 437
574 308
673 358
591 405
338 482
321 747
368 655
427 664
396 596
210 225
515 37
102 746
567 324
549 599
636 149
33 236
225 414
629 608
215 76
48 740
96 384
191 57
366 612
705 277
164 310
205 203
342 310
3 563
351 402
473 498
77 347
16 670
491 21
639 64
490 559
81 487
95 554
269 560
95 217
379 157
228 270
268 554
371 291
366 193
41 364
596 178
424 588
455 269
90 111
698 586
390 61
157 385
484 484
345 64
299 57
224 639
403 225
575 235
33 534
448 78
558 391
439 95
311 129
531 398
703 81
311 87
174 689
303 291
651 635
653 115
504 304
538 709
257 200
246 96
186 21
530 242
504 12
431 113
492 630
216 615
250 582
177 157
257 264
127 111
252 298
549 454
442 73
222 152
326 260
60 222
518 607
243 523
307 242
412 602
90 625
513 467
669 577
174 356
354 691
495 652
664 18
643 56
415 371
697 352
150 460
207 393
72 36
527 110
326 640
204 359
118 75
553 406
601 516
109 456
621 53
122 750
535 561
434 311
359 575
719 26
236 145
627 377
296 477
67 21
444 520
254 184
190 79
212 179
458 140
465 449
511 340
479 609
695 309
619 626
315 508
67 6
151 204
98 387
721 223
640 627
11 737
472 289
22 397
675 386
119 680
386 539
154 181
137 711
513 342
35 339
192 613
351 138
375 531
149 102
1 723
608 613
381 636
176 120
467 138
691 224
720 461
267 346
242 328
709 478
615 52
502 504
522 225
458 186
160 25
218 634
692 354
338 262
180 638
402 607
233 360
87 206
665 744
321 275
644 246
103 306
573 320
483 605
203 336
121 196
529 628
419 362
437 77
528 189
216 636
325 360
662 27
467 424
543 635
48 144
294 717
21 513
234 622
384 396
24 595
332 78
708 576
280 78
212 317
652 76
354 331
549 455
201 225
247 91
232 209
555 219
14 252
14 195
180 367
25 311
71 524
163 310
191 106
522 40
684 102
51 506
625 450
393 166
166 411
370 715
577 620
160 286
496 182
139 566
460 276
706 482
640 90
749 199
193 199
64 258
89 403
537 555
403 206
84 19
243 255
143 441
680 11
114 525
51 548
553 173
416 128
600 276
57 113
500 421
700 427
233 386
47 278
36 202
440 357
529 471
737 50
650 171
375 548
322 118
612 515
418 142
586 442
59 23
89 589
404 716
130 584
35 116
33 730
272 743
82 198
310 460
39 192
484 732
3 170
158 195
695 155
212 435
283 223
167 219
71 634
747 406
226 739
422 284
659 669
242 571
338 53
191 72
214 538
120 747
640 92
135 602
472 161
277 360
19 592
151 126
243 45
642 645
416 20
257 210
621 609
543 376
528 464
398 695
139 69
542 383
580 69
463 652
735 403
425 25
345 352
664 672
661 504
693 723
396 542
579 699
270 7
545 485
650 50
511 133
353 172
297 711
638 364
299 335
591 161
570 439
301 137
556 51
37 568
621 440
83 196
392 233
294 675
416 518
744 706
382 384
743 608
742 369
118 531
458 146
55 82
435 121
123 332
106 373
184 736
189 214
646 431
593 514
265 602
420 484
552 564
717 434
548 312
279 56
324 343
184 278
279 459
539 229
322 101
732 729
305 398
188 332
243 204
41 224
378 184
60 151
603 47
702 464
147 111
355 572
13 420
668 619
499 6
175 518
412 612
607 140
455 32
4 374
300 190
470 229
179 206
492 192
144 603
669 640
20 471
262 567
231 622
259 527
571 597
235 504
643 592
254 614
555 91
285 256
446 698
365 625
583 58
558 573
374 205
411 76
53 515
323 4
741 560
3 323
452 461
387 375
732 26
701 390
634 156
275 276
349 184
333 460
128 612
3 382
347 66
412 275
149 450
312 643
357 26
26 2
630 365
153 154
79 638
587 425
242 264
591 485
446 263
218 304
60 249
447 304
412 674
490 175
668 280
413 567
722 160
489 531
487 522
148 525
21 494
465 274
270 146
580 659
419 726
561 444
187 365
130 626
480 507
367 509
586 18
196 140
660 750
563 530
162 677
531 292
655 220
253 238
691 40
697 42
260 575
632 530
289 331
507 132
676 741
314 179
540 743
519 402
495 735
5 119
661 191
100 119
377 187
127 613
252 249
386 605
587 89
194 170
433 63
228 600
314 506
68 450
254 726
128 562
51 483
255 388
78 421
87 221
561 720
127 651
716 522
17 645
479 112
56 391
386 654
410 569
34 47
214 242
386 220
525 155
317 229
353 226
570 81
398 42
329 347
418 184
186 368
750 721
743 683
366 222
271 403
171 71
431 560
370 591
622 406
216 297
276 656
176 9
52 666
42 514
575 123
697 258
685 413
181 168
112 61
252 702
602 115
123 96
19 397
429 581
269 116
522 579
723 11
708 446
197 620
673 389
263 728
287 594
746 628
20 494
467 506
664 538
238 331
194 563
83 325
11 348
231 80
98 204
381 468
634 538
684 327
641 486
283 668
381 735
347 651
503 110
516 156
39 254
131 623
292 127
46 680
174 13
253 572
118 527
327 317
632 17
247 395
465 482
214 229
284 386
129 157
456 297
675 541
508 569
353 743
273 510
731 58
549 21
97 180
578 36
449 456
657 82
208 15
322 452
398 569
39 718
456 247
433 574
83 704
288 159
116 104
525 215
576 325
281 698
642 421
282 188
174 407
122 242
246 322
555 181
621 720
192 27
266 5
239 545
96 161
23 376
42 7
83 343
483 212
284 100
157 486
382 236
592 715
98 689
198 304
393 71
190 38
703 115
334 230
586 667
91 719
750 303
627 127
510 310
361 169
365 539
244 476
343 54
583 183
85 614
234 606
552 571
133 583
476 514
144 37
673 175
702 192
432 454
501 582
233 382
621 169
489 449
410 77
137 309
49 136
261 121
626 301
64 495
192 244
73 404
441 254
30 705
295 419
479 58
130 379
670 407
395 229
318 324
731 454
350 37
324 443
269 334
588 297
307 493
670 646
506 732
165 315
482 193
225 48
211 581
602 131
337 565
583 120
711 531
685 627
294 624
13 495
374 521
595 213
683 275
301 745
695 125
604 94
432 653
331 196
145 648
389 661
277 386
57 407
435 207
373 7
180 216
709 423
75 220
585 291
124 173
340 462
522 197
615 553
60 739
727 292
724 656
87 648
361 196
671 427
204 440
747 698
442 400
240 685
11 631
308 414
657 562
531 747
265 471
246 385
109 362
705 269
303 179
390 427
506 475
571 257
374 227
379 121
631 502
224 690
518 224
137 622
605 185
600 108
413 741
110 349
149 337
637 336
449 510
597 261
670 249
319 301
534 622
193 697
286 5
425 695
360 113
600 362
583 370
30 558
349 499
461 151
495 260
305 225
122 389
161 515
396 91
50 432
431 537
750 395
82 687
700 193
248 415
540 223
269 524
539 118
417 149
669 400
340 628
515 227
746 273
604 733
247 493
581 567
206 422
233 684
681 677
90 453
15 710
691 664
