750 3000
15 744 631 715 740 690 747 743 724 727 746 748 749 169 745 730
1 2 2289
2 96 13614
2 120 15626
2 187 19331
2 213 57847
2 289 58589
2 534 54925
2 696 41096
3 389 5152
3 565 16427
3 725 51249
4 59 39896
4 131 34711
4 285 28924
4 438 16405
4 531 43121
4 607 11322
4 703 20862
4 719 5525
5 62 29948
5 184 38543
5 204 23665
5 288 17168
5 329 32412
5 348 51895
5 431 42814
5 530 9846
5 536 36298
5 590 1818
6 98 11640
6 163 53362
6 194 4106
6 230 25254
6 352 8988
6 408 59788
6 473 59452
6 477 43928
6 565 54712
6 705 16899
7 218 49079
7 244 47490
7 347 8148
7 403 5326
7 491 58552
7 492 13423
7 512 58083
7 573 18024
7 610 24744
7 616 18944
8 191 23548
8 230 31043
8 621 33839
9 57 23565
9 58 48210
9 139 42602
9 145 51811
9 225 7375
9 501 28799
9 663 28108
9 700 45544
9 733 16790
10 79 21469
10 123 26001
10 128 18395
10 206 6808
10 274 25788
10 314 17847
10 438 50736
10 544 56851
10 708 34745
10 748 16166
11 45 20692
11 222 42892
11 268 57844
11 304 19243
11 346 32666
11 405 55926
11 721 37266
11 722 33761
12 98 51221
12 172 37166
12 177 41156
12 275 25059
12 304 730
12 315 5717
12 336 44012
12 359 52540
12 438 13092
12 556 12810
12 636 20647
12 653 34987
12 746 29600
13 94 18467
13 105 988
13 396 47994
13 738 25275
14 36 3127
14 306 5840
14 356 52362
14 360 36330
14 396 16937
14 411 8527
14 554 57021
14 634 36180
15 156 6370
15 267 16264
15 490 8846
15 573 2295
15 669 29881
16 100 42606
16 246 29868
16 250 7046
16 371 23761
16 420 54926
16 491 44127
16 509 29478
17 45 38938
17 83 36666
17 95 18921
17 165 28099
17 174 33664
17 235 30259
17 322 57698
17 327 28483
17 377 31246
17 433 45692
17 579 30109
17 674 10725
17 716 27883
18 25 22470
18 187 23406
18 222 21171
18 407 30996
18 528 20426
18 637 57351
18 670 37366
18 749 13041
19 163 42548
19 175 16012
19 250 19274
19 379 25153
19 383 45879
19 463 26319
19 470 25266
19 502 17157
19 514 10446
19 612 31095
20 23 32446
20 132 23463
20 415 26367
20 648 544
20 676 33479
20 679 56625
21 116 58242
21 146 1961
21 161 4223
21 227 20285
21 232 32069
21 280 51299
21 315 24519
21 321 54538
21 405 14704
21 452 45690
21 511 1885
21 612 11481
21 691 43040
21 734 15602
21 744 24522
22 64 25587
22 180 31614
22 325 43795
22 346 27091
22 409 53844
22 564 46465
22 605 28708
23 264 47352
23 460 33262
23 461 36154
23 486 19797
23 518 56725
24 488 2520
24 494 56693
24 496 30203
24 579 35497
24 591 54934
25 66 32163
25 189 16071
25 374 51570
25 407 40583
25 636 7369
25 658 52440
26 34 35120
26 321 22072
26 361 38129
26 400 37004
26 411 33552
27 67 57520
27 79 52606
27 153 34425
27 433 59458
27 567 571
27 673 54571
27 723 26549
28 91 30766
28 103 17388
28 138 31608
28 187 18118
28 339 50649
28 353 7762
28 389 14266
28 449 47373
28 476 46633
28 538 10958
28 724 53927
29 111 58481
29 120 42243
29 153 2441
29 181 50903
29 184 10164
29 189 43023
29 288 58271
29 523 2604
29 674 54494
29 679 56694
29 738 40732
30 34 7850
30 129 6598
30 141 14604
30 254 36807
30 276 17374
30 384 14061
30 402 13729
30 491 48297
30 686 16961
31 357 44494
31 415 5684
31 500 24921
31 605 38963
31 622 56332
32 75 32682
32 197 53229
32 472 20057
32 557 55666
32 671 40538
33 145 13983
33 194 30499
33 272 22781
33 333 52776
33 395 21401
33 407 9296
33 475 35798
33 482 19672
33 596 11899
33 647 6644
34 63 52717
34 126 28983
34 275 14493
34 430 35666
35 95 43586
35 108 27651
35 144 53040
35 147 57646
35 205 41379
35 355 41336
35 375 50959
35 500 2224
35 572 47019
35 601 15879
35 650 17539
35 704 19702
36 48 24912
36 237 10767
36 567 39758
36 649 20577
36 742 27656
37 97 30093
37 161 27427
37 183 26788
37 239 22868
37 419 48828
37 656 36084
38 192 35017
38 246 44851
38 297 47982
38 404 41660
38 408 37567
38 425 16964
38 572 32504
38 698 13233
39 130 36901
39 142 36506
39 254 42624
39 323 10899
39 331 17884
39 548 311
39 601 1857
40 51 56460
40 107 47329
40 126 54087
40 185 13998
40 196 43382
40 323 18998
40 369 1116
40 639 23140
40 702 15926
41 102 28771
41 187 29584
41 208 43353
41 358 31911
41 370 28803
41 432 8532
41 477 7994
41 482 3819
41 643 53382
41 677 32327
41 719 21831
42 212 7300
42 303 25643
42 590 30686
42 671 56884
43 158 2543
43 168 7192
43 320 39507
43 404 13441
43 459 1427
43 503 39817
43 682 51649
44 93 57886
44 144 3497
44 146 22087
44 505 48235
45 61 46879
45 82 41084
45 128 49350
45 335 46370
45 342 33362
45 468 54473
45 494 52305
45 509 53066
45 703 26383
45 729 21107
45 731 1597
46 98 10728
46 102 1277
46 106 31330
46 124 43054
46 310 23107
46 377 38629
46 389 8696
46 400 30145
46 652 11865
46 715 47591
47 121 37336
47 158 51371
47 242 37383
47 254 15114
47 335 7540
47 396 5384
47 413 49352
47 492 47388
47 564 27470
47 695 37586
47 704 10618
48 75 44906
48 129 3288
48 342 33339
48 507 18267
48 515 57760
48 604 1995
48 605 11332
48 666 494
48 678 23101
49 117 49280
49 186 47573
49 190 730
49 325 20609
49 562 30626
49 662 23836
50 260 35589
50 357 15674
50 464 30332
50 533 47453
50 538 3264
50 630 7667
50 689 15176
50 747 40646
51 60 59133
51 151 59067
51 330 46029
51 484 48484
51 528 46454
51 693 49851
52 149 26069
52 169 33424
52 221 34756
52 232 5708
52 559 6762
52 600 53022
52 630 39819
52 658 8757
52 729 40705
53 84 16664
53 330 8209
53 410 29984
53 604 4236
53 651 8938
53 657 26944
54 174 34862
54 249 9126
54 251 2532
54 259 50535
54 274 39457
54 299 49985
54 439 30150
54 644 23476
54 658 41512
55 59 10795
55 112 58960
55 342 40578
55 550 33176
55 592 47443
55 668 3383
55 705 23026
56 204 49863
56 236 36806
56 382 57781
56 617 55571
56 645 19920
57 413 27154
57 687 11741
57 722 5028
58 235 7858
58 281 28405
58 333 13236
58 402 14193
58 693 32640
59 109 58526
59 470 41136
59 500 7501
59 572 44003
60 105 20019
60 194 34387
60 276 59811
60 302 46355
60 315 4536
60 419 59638
60 434 27866
60 563 51683
60 615 58597
61 342 44795
61 351 1210
61 373 22391
61 662 48178
61 695 587
61 744 12254
62 185 24983
62 350 34719
62 466 44176
63 91 44902
63 175 1872
63 214 55916
63 267 49929
63 384 46081
63 444 24320
63 485 39517
63 680 273
63 687 33312
64 86 38042
64 340 17760
64 341 17164
64 527 58396
64 575 14130
64 629 51551
64 655 58206
64 696 485
65 283 32438
65 417 57844
65 439 4702
65 451 472
65 462 56440
65 727 49497
66 210 38033
66 254 18831
66 336 37674
66 345 38619
66 450 7436
66 534 39008
66 624 13337
66 738 51611
67 108 23910
67 137 51560
67 220 23878
67 262 50190
67 324 37640
67 420 24550
67 445 29706
67 578 14264
67 720 57861
68 186 44099
68 394 8375
68 463 51376
68 538 42494
68 571 22505
68 627 42926
69 186 40700
69 204 59341
69 216 51716
69 560 14895
69 698 4042
70 166 28539
70 340 47686
70 368 29890
70 531 6572
70 676 42868
70 703 43915
70 716 21542
71 154 50303
71 166 22923
71 368 11231
71 387 18265
71 397 23184
71 630 2790
72 160 18495
72 240 49725
72 305 16782
72 316 43044
72 328 55783
72 348 31045
72 493 17256
72 691 39881
73 103 39420
73 107 8631
73 146 58727
73 211 38276
73 340 27909
73 390 15778
73 448 37616
73 566 55976
73 721 30672
74 83 18009
74 189 24514
74 301 54709
74 314 24251
74 336 7437
74 458 37577
74 520 8165
74 561 28979
74 648 27879
74 746 7439
75 155 40209
75 389 22496
75 485 30622
75 529 19350
76 80 40990
76 96 56699
76 177 36131
76 214 385
76 333 52481
76 458 7176
76 512 53992
76 611 32361
76 619 22947
76 694 38974
77 196 7439
77 334 1222
77 438 43234
77 469 23216
77 479 15189
77 515 15561
77 655 30239
77 661 33197
78 145 16427
78 242 24948
78 247 57447
78 346 23863
78 457 2524
78 481 41964
78 580 29193
78 670 6754
78 686 49402
79 142 45753
79 211 5601
79 251 56376
79 359 5103
79 418 22942
79 464 29426
79 548 41233
79 630 23326
79 741 21906
80 106 24760
80 410 53669
80 444 30618
80 530 47706
80 732 8995
81 115 38057
81 219 25279
81 309 52228
81 585 37624
81 641 40467
82 94 7789
82 97 7863
82 195 50016
82 532 24215
82 629 9162
82 648 23814
82 689 24429
83 115 11685
83 157 42129
83 179 29974
83 319 54790
83 350 7883
83 447 15726
83 695 36743
84 105 4258
84 130 57180
84 178 59684
84 257 33683
84 460 14765
84 494 23010
84 543 31940
84 675 39524
85 161 53030
85 223 2557
85 234 3582
85 584 2024
85 588 40613
85 616 28860
86 131 54252
86 153 18237
86 234 45679
86 469 38392
86 685 2451
87 274 12046
87 348 38958
87 391 11612
87 421 35859
87 439 39738
87 517 59648
87 527 54340
87 541 9711
87 568 54437
87 682 2222
87 718 1789
87 725 31179
88 102 6479
88 164 58968
88 194 30863
88 324 16513
88 345 13732
88 494 30224
88 572 48452
88 625 29608
88 701 59605
89 143 27360
89 150 33189
89 238 1629
89 354 7973
89 564 38400
89 657 32232
90 118 2561
90 155 430
90 521 10623
91 147 5011
91 408 12475
91 435 25932
91 582 16622
91 653 24686
91 655 5669
91 699 16269
91 725 19025
91 729 51732
92 179 47057
92 352 21246
92 370 29872
92 417 54588
92 435 4076
92 490 5191
92 543 25450
92 701 56940
93 100 55275
93 232 32025
93 274 21743
93 328 24882
93 485 31629
93 550 49102
93 586 34422
94 200 9609
94 247 33426
94 262 12821
94 393 41840
94 429 35986
94 443 13251
94 538 28814
94 564 40996
94 591 2077
94 643 54745
94 675 33969
94 721 26762
95 189 36766
95 205 50237
95 224 22138
95 228 4849
95 230 37294
95 281 19735
95 356 34720
95 385 8233
95 591 23810
95 602 39910
95 653 33682
96 536 57101
96 556 35184
96 619 42058
96 678 55195
97 127 36417
97 493 50038
97 530 44297
97 565 10838
97 575 59647
97 579 54074
97 658 23659
97 682 41486
97 735 30060
98 518 13261
99 160 46652
99 205 47407
99 210 51689
99 242 41396
99 280 21376
99 398 18451
99 703 54513
100 250 47964
100 327 16940
100 366 59361
100 457 1609
100 577 36675
100 589 10432
100 614 9841
101 173 36836
101 191 26694
101 348 19874
101 434 10289
101 622 1877
101 729 1931
102 123 5483
102 310 38294
102 339 28321
102 438 26131
102 446 25483
102 579 27967
102 583 20205
102 602 25493
102 639 45804
102 640 50264
103 113 38753
103 146 32455
103 181 14022
103 231 30442
103 266 50203
103 291 35397
103 428 25244
103 565 21067
103 666 59713
103 671 18535
104 204 56780
104 241 1321
104 311 55209
104 333 7211
104 396 11162
104 444 8397
104 493 10256
104 514 31035
104 744 18685
105 127 48485
105 327 9318
105 329 24167
105 429 3130
105 641 13990
105 650 50298
105 715 28612
105 734 18308
106 244 10502
106 245 54105
106 256 4111
106 407 37117
106 414 9209
106 449 12918
106 481 27490
106 634 16002
106 655 39472
106 669 2887
106 741 17597
107 206 36890
107 271 38951
107 291 36132
107 301 33669
107 329 40271
107 332 7692
107 340 17232
107 693 27784
107 724 16088
107 750 27487
108 121 35171
108 333 11124
108 396 15971
108 400 20840
108 493 35291
108 515 19100
108 533 34829
108 557 1940
108 607 47712
108 664 53136
109 172 48793
109 188 18168
109 223 33598
109 251 2261
109 254 27376
109 405 22867
109 602 29750
109 653 43378
109 705 38690
110 251 8988
110 258 974
110 279 15580
110 414 47938
110 716 13457
111 113 49248
111 160 4561
111 192 21149
111 210 6479
111 282 8696
111 417 13588
111 591 10318
111 676 43866
111 744 24712
112 242 26288
112 272 4705
112 349 36354
112 355 21740
112 384 15885
112 482 14645
112 491 9451
112 612 45372
112 657 39789
112 658 3970
112 693 18970
112 698 42049
112 708 31345
112 747 18188
113 209 48150
113 223 51074
113 291 56878
113 400 33490
113 649 28400
114 169 12457
114 184 21427
114 338 41856
114 339 1704
114 351 2339
114 443 39356
114 454 44535
114 491 11035
114 504 29296
114 546 54852
114 635 31252
115 131 54007
115 240 57491
115 398 35957
115 468 6712
115 646 19230
116 412 28193
116 482 21356
116 505 5032
116 587 13565
116 702 37496
116 726 9001
117 160 8886
117 347 19544
117 525 16698
118 317 27073
118 514 44045
118 526 7771
118 655 23950
118 691 17534
118 711 36170
119 155 12758
119 190 15313
119 328 54378
119 340 50814
119 734 17651
120 147 10085
120 330 35348
120 344 5037
120 351 39380
120 382 6551
120 561 36289
120 651 9738
120 673 40393
121 224 48597
121 244 16449
121 263 59623
121 384 16789
121 519 14156
121 521 41006
121 604 6705
121 627 51651
121 637 26359
121 670 15590
121 709 47546
122 330 43056
122 493 19015
122 637 31591
122 646 50826
123 150 19316
123 217 49124
123 220 3348
123 267 32074
123 504 40788
124 136 34077
124 229 22887
124 232 58439
124 390 44161
124 429 34586
124 527 39827
125 207 23541
125 417 17488
125 480 16115
125 596 33278
125 609 57880
125 746 4711
126 372 26079
126 634 33854
127 146 21500
127 299 40234
127 310 51212
127 318 4556
127 319 8237
127 326 17570
127 389 20146
127 418 55782
127 472 625
127 586 39160
127 616 3724
127 652 27802
127 660 58475
127 672 29200
127 711 31149
128 142 6900
128 209 9987
128 330 5225
128 500 6138
128 599 44777
128 729 25738
129 260 40723
129 412 24604
129 452 49278
129 457 34562
129 495 40718
129 503 58907
129 603 8794
129 639 45429
129 713 1337
130 435 42647
130 442 43280
130 615 17923
130 666 33858
131 155 47835
131 172 26159
131 182 51427
131 246 44332
131 407 58292
131 421 28403
131 480 59843
131 697 2016
132 278 56205
132 345 34670
132 359 31215
132 533 27353
132 537 41569
132 595 41201
132 746 8930
133 447 24059
133 524 25978
133 532 34667
133 604 4781
134 157 50581
134 245 296
134 270 15695
134 400 7650
134 413 35554
134 460 24488
134 521 29430
134 541 36891
134 709 7134
135 154 49061
135 183 54813
135 192 17344
135 472 13248
135 686 20971
135 702 45122
135 703 57579
135 750 19262
136 179 13525
136 240 33774
136 325 57629
136 382 9729
136 495 8443
136 556 28843
136 578 37081
136 613 26363
136 623 46396
137 154 22362
137 203 50421
137 537 12373
137 615 57028
137 626 31554
137 703 39305
138 212 57323
138 276 47248
138 294 23306
138 467 9229
138 622 11735
138 632 52736
138 687 46119
138 696 55220
138 744 41796
139 193 40931
139 254 48915
139 320 31395
139 515 38253
139 658 34037
140 199 5326
140 216 33866
140 270 23913
140 344 39099
140 435 31495
140 564 33641
140 665 47541
140 736 36689
140 741 47073
141 154 50255
141 203 23084
141 345 9435
141 371 40676
141 399 11808
141 402 42814
141 441 12229
141 444 51112
141 506 40137
141 531 35828
141 689 50770
141 708 49365
142 419 23914
142 445 43505
142 513 11835
142 541 55485
142 728 1652
142 732 29117
143 150 44400
143 192 33047
143 288 7369
143 327 54788
143 353 38372
143 445 17586
143 466 18700
143 506 53822
143 525 25432
143 680 28692
143 725 17714
144 221 2121
144 244 15764
144 406 7968
144 522 25204
144 597 25198
145 292 24995
145 335 13364
145 392 8012
145 488 13575
145 560 4475
145 578 24500
146 225 49402
146 577 55244
146 620 50216
146 637 49667
147 323 15100
147 487 38402
147 499 45152
147 731 53104
148 156 7518
148 238 5903
148 349 26150
148 391 51238
148 479 690
148 500 40873
148 516 8823
148 578 55741
148 612 11046
148 745 10607
149 152 24432
149 369 28759
149 406 12727
149 414 40195
150 347 36726
150 408 14282
150 434 41745
150 514 38073
150 645 27645
150 709 26108
150 720 51647
151 251 8472
151 415 26959
151 438 41049
151 560 40067
151 585 53526
151 648 30715
151 652 31519
151 710 31927
152 312 52218
152 362 24622
152 574 39444
153 168 58120
153 224 50771
153 656 30681
154 219 35161
154 222 7995
154 232 15855
154 234 30901
154 290 19040
154 339 26461
154 360 31684
154 367 47798
154 374 15539
154 400 48231
154 511 875
154 550 6173
154 701 6327
154 716 38947
154 724 10169
155 301 32434
155 366 6946
155 589 18640
155 623 35744
156 336 24346
156 487 35059
156 615 29269
157 188 31412
157 428 6577
157 509 37547
157 592 23630
157 679 31198
157 697 16990
157 747 21749
157 750 58320
158 260 24022
158 337 33262
158 536 6314
158 624 39876
158 657 4162
158 662 1705
158 739 42689
159 194 35846
159 254 25854
159 379 34579
159 411 24076
159 481 3080
159 602 40751
159 610 30402
159 618 42027
159 619 50920
159 672 39187
159 717 25324
159 726 45911
160 266 51282
160 418 49669
160 517 20969
160 738 20550
161 193 21080
161 253 27545
161 340 58096
161 385 21061
161 498 58742
161 511 51437
161 632 19162
161 672 57061
161 687 15458
161 707 52423
162 318 39726
162 367 31685
162 498 32936
163 217 17782
163 370 50725
163 374 8781
163 408 43635
163 687 25304
164 181 9208
164 527 46715
164 557 6054
164 635 15961
164 646 5093
164 678 33325
164 692 31499
164 717 30416
165 322 19236
166 575 22780
166 617 20084
166 637 40204
166 688 19681
167 281 17515
167 286 44101
167 369 54128
167 456 38576
167 512 42842
167 524 45564
167 550 57737
167 650 16255
167 725 37373
168 184 26511
168 221 32332
168 461 45410
168 473 59446
168 554 50114
168 608 36134
169 320 44579
169 357 10100
169 481 37789
169 539 30138
169 580 56814
169 592 20195
169 596 46099
169 730 1906
170 237 53519
170 399 53949
170 432 8673
170 523 49106
170 712 53081
171 267 5108
171 425 5662
171 533 12761
171 623 22623
172 195 49762
172 284 43241
172 576 37550
172 717 8955
173 231 5156
173 421 11638
173 455 1561
173 604 18881
173 698 38148
174 187 33893
174 266 4290
174 347 13945
174 362 358
174 448 16775
174 493 58523
174 543 10457
174 634 30916
174 677 28661
174 684 43623
174 723 51110
175 224 51111
175 292 45528
175 478 20980
175 583 21411
176 240 30553
176 363 10086
176 370 14491
176 596 35660
176 712 15747
176 713 3604
177 242 34634
177 368 5508
177 577 46844
178 350 12183
178 389 50814
178 470 51999
178 471 172
178 623 52375
178 687 10879
178 693 14671
179 259 2619
179 354 51520
179 721 28616
180 186 39328
180 470 8295
180 528 3490
180 537 49784
180 699 15562
181 238 32150
181 284 9758
181 398 6671
181 419 59612
181 508 31638
182 199 27650
182 205 21023
182 420 2190
182 461 14087
182 462 35513
182 638 37849
182 681 6185
182 718 39116
183 243 12483
183 255 48044
183 270 2311
183 289 1017
183 299 38858
183 352 54310
183 385 1189
183 496 31232
183 560 41540
183 698 15859
183 704 33850
183 748 33060
184 241 20826
184 338 13177
184 343 17706
184 396 24316
184 501 39312
184 514 33267
184 606 32817
184 615 49070
184 631 16289
184 672 32429
184 731 57059
185 282 20290
185 457 53451
185 568 59248
185 633 34377
185 693 5315
185 698 37096
187 359 16913
187 425 20783
187 445 25930
187 454 4957
187 464 23093
187 641 26947
187 699 43814
188 199 17402
188 244 4487
188 250 51397
188 283 35294
188 291 56697
188 356 1598
188 415 44705
188 556 17523
188 667 51126
188 694 38762
189 200 18190
189 288 6789
189 426 48380
189 443 51006
189 503 55858
189 533 4668
189 629 59786
190 195 52916
190 314 1309
190 385 29588
190 405 28515
190 650 12037
190 674 34903
190 684 41963
191 223 28950
191 372 55685
191 469 7892
191 512 33906
191 665 18777
191 724 11190
191 726 54071
192 210 12531
192 227 15676
192 279 45467
192 291 24176
192 318 48725
192 412 23416
192 536 8880
192 636 42599
192 640 14541
192 700 23993
193 324 788
193 391 21329
193 476 12372
193 535 28145
193 567 53539
193 644 53391
193 671 27931
193 735 22806
194 200 54699
194 631 57518
195 284 51321
195 328 43088
195 380 8772
195 476 33283
195 592 12037
195 600 40808
195 644 17526
195 672 22294
196 218 35937
196 240 28716
196 508 16364
196 525 48467
196 691 20743
196 717 38182
196 746 48994
197 254 45819
197 307 37949
197 558 34225
197 611 28417
198 336 52489
198 477 58217
198 659 5556
198 693 13817
198 718 46940
198 749 33701
199 224 43707
199 230 40330
199 431 37983
199 604 6513
199 615 11380
199 658 11852
199 672 34185
199 677 54467
199 699 20624
199 721 43819
199 731 42855
200 243 1431
200 258 1344
200 339 5148
200 427 37367
200 447 6411
200 497 57863
200 586 2185
201 242 27154
201 432 12396
201 446 51178
201 447 12972
201 459 50344
201 465 25402
201 470 17741
201 507 42832
201 601 59970
201 679 23296
202 225 33001
202 330 46909
202 341 33348
202 348 53059
202 387 27238
202 437 11330
202 620 59571
202 689 14970
202 704 23182
203 235 10107
203 356 9436
203 471 43805
203 624 53925
203 744 52291
204 636 21587
204 650 31621
204 727 33790
205 510 58954
205 709 38031
206 229 31653
206 230 37490
206 463 41536
206 621 44048
206 729 28668
207 311 30860
207 404 34392
207 724 30421
208 246 24952
208 453 53575
208 611 6743
208 679 48247
208 699 2927
209 219 53651
209 243 21595
209 245 55986
209 343 57241
209 354 9276
209 425 31908
210 323 12210
210 427 32457
210 438 42015
210 487 21645
210 551 52613
210 622 12291
211 323 50287
211 347 14200
211 348 20263
211 740 24077
212 292 49505
212 426 34646
212 502 55729
212 645 26994
212 689 16181
213 255 16128
213 658 32013
214 333 23392
214 356 26871
214 473 38786
214 477 48343
214 524 56798
214 710 45528
215 240 12942
215 333 59724
215 721 15530
216 235 34536
216 305 55709
216 350 12770
216 365 43811
216 449 27617
216 697 24979
217 219 52620
217 239 45983
217 256 22976
217 403 45232
217 412 34625
217 467 49614
217 479 35783
217 573 54888
217 715 13690
218 276 1639
218 285 29533
218 312 45770
218 331 4985
218 341 22065
218 383 38250
218 395 13349
218 412 45457
218 707 5120
218 720 28486
219 356 10151
219 484 38269
219 683 50365
219 695 23092
220 497 37993
220 541 5895
220 590 33979
220 669 10053
221 228 55016
221 331 54142
221 569 14021
221 683 19995
222 480 46761
222 481 3
222 688 19322
223 245 8344
223 324 10980
223 350 8935
223 577 20479
223 644 5867
224 286 58977
224 331 22117
224 470 11751
224 520 21098
224 616 3453
225 363 33815
225 407 59347
225 448 16802
225 463 55623
225 476 4467
225 479 21639
225 518 42126
225 535 42735
225 540 12004
226 257 5217
226 351 57079
226 352 17898
226 442 15548
226 477 7132
226 569 12913
226 622 9689
227 342 21152
227 441 9259
227 453 32801
227 467 57507
227 503 4932
227 533 17496
227 673 8486
228 238 50219
228 397 37974
228 412 50704
228 658 49195
228 684 36443
228 689 2454
229 343 10292
229 350 39895
229 420 12620
229 472 9639
229 666 33048
229 748 8243
230 248 50457
230 329 54687
230 614 50368
231 486 9543
231 691 43042
231 709 31936
232 362 42974
232 462 939
232 466 47483
232 513 26457
233 275 50203
233 415 33523
233 428 47608
234 273 35814
234 300 6323
234 333 21466
234 422 17097
234 485 171
234 579 6303
234 731 7315
235 296 38144
235 300 57006
235 307 32861
235 321 50938
235 433 35811
235 444 43153
235 460 30833
235 535 48431
235 601 29143
235 734 40232
236 580 56673
236 715 55951
236 728 11270
236 749 23392
237 343 41845
237 703 54311
238 370 31679
238 381 24818
238 426 31601
238 453 19162
238 603 51274
238 619 58156
239 448 29036
239 498 15234
239 526 33969
239 551 11711
239 598 13051
239 730 51065
240 271 11881
240 317 19354
240 390 34732
240 455 26376
240 566 52711
241 487 7592
241 494 17314
241 689 28522
241 748 27096
242 253 24498
242 382 53304
242 447 56238
242 453 4729
242 552 49976
242 642 28540
242 653 52351
242 719 49719
243 316 46737
243 651 46661
243 744 21397
244 458 47906
244 555 18262
244 688 16910
244 713 39180
245 255 16417
245 288 45946
245 376 30765
245 635 26737
245 650 57656
245 658 43815
246 275 54153
246 387 45888
246 553 39520
246 621 28884
246 728 12263
246 745 8583
247 312 36476
247 502 29576
247 609 37104
247 666 3571
248 355 54073
248 399 6759
248 442 36161
248 661 35154
249 259 56734
249 382 4700
249 450 27504
249 507 22804
250 343 27788
250 370 14164
250 745 44200
251 326 15694
251 342 8777
251 503 37462
251 548 54873
252 282 1545
252 402 23407
252 409 1989
252 647 28281
253 261 57414
253 269 22155
253 414 22434
253 435 19653
253 633 38027
253 747 27669
254 266 31915
254 303 46609
254 348 4144
254 373 37843
254 417 64
254 568 7715
254 594 31915
255 374 6822
255 723 20227
256 260 7068
256 287 39907
256 288 24926
256 324 10923
256 451 2710
256 473 52714
256 655 25087
256 708 23261
257 265 44759
257 432 10215
257 489 722
257 627 39631
257 653 11760
258 287 480
258 303 17971
258 415 16392
258 476 34245
258 494 16477
259 348 15177
259 376 53897
259 588 54503
259 609 42846
259 650 25812
259 737 17463
260 293 23341
260 410 3654
260 608 17526
260 725 31055
260 735 11920
261 282 699
261 549 27633
261 578 55340
261 659 40605
261 665 28911
262 347 6262
262 541 19666
262 556 21624
262 660 7700
263 327 19279
263 375 42734
263 613 54267
263 644 56352
263 669 58716
264 267 42378
264 395 56832
264 475 16686
264 493 58769
264 495 31076
264 603 33162
264 618 50298
264 650 1325
264 731 4017
265 562 33143
266 277 3488
266 294 21479
266 372 56483
266 527 43493
266 576 39005
267 390 3890
267 401 55412
267 716 39703
268 319 31522
268 429 27103
268 458 56660
268 670 432
269 285 9717
269 301 52677
269 358 58407
269 701 17416
270 579 11955
270 588 41140
270 694 48034
271 324 8307
271 331 16207
271 366 30411
271 390 5138
271 407 32892
271 440 5532
271 596 12565
272 300 42406
272 409 55829
272 508 50241
272 742 46422
273 348 5323
273 367 53728
273 417 44252
274 490 38157
274 546 37220
274 565 59608
274 577 18398
274 583 32632
274 599 15663
275 299 26272
275 324 36086
275 398 12322
275 424 3055
275 437 45802
275 739 4998
276 287 37814
277 297 3218
277 327 16953
277 415 55305
277 474 27603
277 496 1611
277 520 11512
277 615 58014
277 682 43100
277 734 44403
277 744 3545
278 493 32016
278 642 3160
279 291 35725
279 437 22257
279 579 25933
279 619 41047
280 291 15984
280 480 10185
280 691 19203
280 698 53204
280 742 9792
281 376 37601
282 420 2187
282 564 25454
282 587 40224
283 288 38272
283 415 14127
283 498 43278
283 537 24074
283 578 19125
283 604 21091
283 723 3643
283 746 12429
284 360 16396
284 420 31245
284 453 50391
284 544 27907
284 669 5610
285 342 33490
285 420 48661
285 450 9154
285 516 5505
285 592 51821
285 626 21230
285 647 27761
286 404 17753
286 413 2276
286 465 20097
286 482 27937
286 543 57831
286 546 13300
286 589 14081
286 627 11783
286 712 51838
287 404 39534
287 406 52006
287 411 30109
287 519 30013
287 693 35283
288 470 30534
288 498 25489
288 501 56374
288 738 34176
289 530 14269
289 588 49121
289 701 41773
290 297 4659
291 427 17027
292 344 47382
292 396 38148
292 435 42039
292 452 32888
292 705 20004
293 304 33859
293 569 54117
293 579 47765
294 335 27964
294 434 32745
294 603 7861
294 625 32252
294 649 30575
294 663 57512
294 678 46332
295 354 42357
295 375 49349
295 490 2218
296 307 34362
296 313 55809
296 322 32230
296 361 45996
296 369 26343
296 381 57718
296 401 42369
296 508 36870
296 578 11986
296 636 7841
297 319 18642
297 320 52996
297 358 1219
297 416 42376
297 479 31143
297 500 43258
297 585 51615
297 608 51146
297 721 17116
298 305 22083
298 461 15262
298 552 45079
298 572 54827
298 613 59474
298 615 53683
298 640 25401
298 660 56985
298 683 40014
298 684 44109
298 694 22685
299 303 18583
299 323 18470
299 391 18494
299 442 50812
299 475 4466
299 529 44836
299 536 24881
299 668 23186
300 315 21705
300 341 13218
300 562 31027
300 648 16699
300 729 6213
300 734 32245
301 535 35426
301 603 13707
301 673 51854
301 700 27040
302 530 41205
302 532 8970
302 641 49122
303 308 56466
303 388 30400
303 424 20301
303 524 32292
303 610 24082
303 666 22053
303 688 5628
303 703 40448
303 742 6162
303 747 28313
304 363 59030
304 542 24631
304 554 46806
304 682 26194
305 519 5448
305 563 7993
305 632 51074
306 334 4986
306 618 6049
306 718 40644
307 322 36012
307 332 59099
307 365 46856
307 602 44608
308 365 34524
308 637 563
309 344 36462
309 425 37915
309 559 18119
309 620 21783
309 628 3389
309 641 14584
309 682 28534
310 377 23689
310 414 23227
310 427 28968
310 442 45741
310 465 28855
310 679 9415
310 722 51902
311 542 57167
311 575 44796
312 381 52885
312 466 20324
312 543 10989
312 567 58332
312 599 4668
312 643 38415
313 336 3317
313 342 10716
313 390 19058
313 461 15680
313 715 46167
314 391 42265
315 700 36640
316 456 20690
316 472 19179
316 514 49453
316 642 34957
316 691 37297
316 707 11235
316 729 38345
317 318 28233
317 415 16120
318 573 2033
318 659 51459
318 746 45087
319 365 24125
319 426 20313
319 604 30853
319 629 52379
320 438 53831
320 501 15649
320 571 45263
320 633 14154
320 703 2989
321 354 19946
321 365 18821
321 411 17755
321 561 59615
321 650 5889
322 521 13164
322 693 15294
323 426 52055
323 427 55429
323 439 28285
323 608 12744
323 689 50959
324 459 17737
324 473 47700
324 484 28256
324 542 5323
324 664 2396
325 345 32840
325 459 21443
325 596 40780
326 346 24298
326 439 6529
326 557 4905
326 647 20963
326 712 13734
327 422 33635
327 590 14793
327 601 29382
327 609 18897
327 697 5299
328 528 8722
328 579 15194
328 614 24119
329 377 26477
329 420 14808
329 422 30007
329 467 39640
329 541 6454
329 619 58413
330 337 11420
330 354 34738
330 436 11157
330 726 2379
331 481 28827
331 512 35208
331 544 6986
331 650 34149
331 678 13956
331 679 16177
332 482 31943
332 595 54735
332 658 16826
332 702 14824
333 344 35991
333 639 37788
334 362 28557
334 404 9625
334 459 28933
334 486 34290
334 542 4873
334 663 34231
334 664 43011
334 745 20067
335 409 34701
335 436 45839
335 496 34874
335 515 41060
335 689 25479
336 458 41327
336 519 39472
336 565 13250
336 741 52417
337 577 26980
337 584 51980
337 599 21243
337 706 2188
338 340 58965
338 545 31743
338 631 52495
338 665 15141
338 710 40038
338 739 47229
339 383 31967
339 592 54861
340 505 59572
340 678 46106
341 420 59769
341 625 9196
342 373 51390
342 422 34058
342 629 14069
343 479 25620
343 594 53420
343 731 34135
344 394 36673
344 476 39259
344 664 45360
345 405 17732
345 435 41089
345 564 26687
345 681 57203
346 444 30690
346 458 55455
346 725 24183
347 520 22670
347 528 16697
348 370 2722
348 404 57986
348 480 24791
348 655 55216
348 657 49479
348 676 4828
349 516 18796
349 520 57797
349 525 36040
349 535 18367
349 594 43902
349 662 35808
349 669 27563
349 705 35292
350 403 46217
350 456 17983
350 564 37263
351 419 39637
351 445 28469
351 455 13935
351 552 55247
351 553 13828
351 582 31666
351 646 36335
351 693 40514
352 440 5221
352 695 7024
353 603 35968
354 469 29403
354 509 6045
354 673 29016
354 738 32124
355 588 4031
355 663 30159
355 680 3691
355 682 53509
356 380 34986
356 382 22486
356 388 51305
356 397 11026
356 467 40853
356 678 11558
356 726 23185
357 423 44767
357 533 23201
358 472 9402
358 515 2749
358 551 464
358 561 49038
358 565 31217
358 589 50750
358 592 44284
358 669 21396
358 711 58768
359 422 56970
360 370 1910
360 461 3988
360 544 40345
360 591 14229
360 649 33390
360 738 46390
361 619 19597
361 621 41865
361 630 26772
361 674 49755
362 363 21907
362 737 20280
363 415 1092
363 431 20744
363 457 47936
363 657 48469
363 675 1596
363 749 59493
364 527 11654
364 671 22714
365 528 59046
365 542 57407
365 556 1814
365 604 35861
366 472 46444
366 529 9382
366 538 26610
366 615 7079
366 656 30778
366 712 25377
366 713 40400
367 371 9039
367 386 29364
367 410 57096
367 535 59619
367 543 39105
367 737 19837
368 462 19215
368 509 57321
369 393 46608
369 525 45321
369 566 19227
369 658 43239
370 434 22765
370 515 39971
370 562 31174
370 713 11233
370 723 17918
371 397 7019
371 604 59238
371 712 16984
372 398 6064
372 410 56644
372 606 18797
372 656 18276
372 733 19439
372 745 28179
373 445 44885
373 611 2869
373 679 35308
374 396 10262
374 424 19620
374 427 44346
374 587 15977
375 492 16716
376 584 20316
376 616 55082
376 713 36552
377 570 39531
377 614 28754
377 688 59512
377 694 1203
378 458 47981
378 642 42750
378 657 23967
379 387 4303
379 469 50276
379 549 11552
379 551 22220
379 593 33646
380 721 10789
381 445 15555
381 456 16061
381 570 43785
381 602 34352
381 663 34336
381 750 3223
382 547 38882
382 666 19220
382 671 42444
383 470 50541
383 476 5833
383 532 2063
384 422 34886
384 535 58162
384 599 55130
384 747 55201
385 495 29595
386 725 31682
387 480 11083
387 529 58348
388 433 7545
388 435 48638
388 644 46328
388 743 26646
389 540 48956
389 570 26982
389 734 53273
390 419 507
390 578 25554
390 586 26918
390 603 47648
390 705 41108
391 402 19330
391 413 31432
391 638 15459
391 719 30017
392 493 11006
392 517 30692
392 538 25589
392 539 53449
392 599 21232
392 600 31421
393 397 55512
393 724 32469
394 564 29582
394 639 50641
394 705 4022
394 723 59176
395 529 58674
395 594 51456
395 629 33876
396 425 42570
396 480 40093
396 583 20203
396 620 9216
396 685 29049
396 749 23537
397 464 38840
397 508 5907
397 519 49090
397 553 5758
397 575 53554
397 746 30197
398 433 1439
398 452 1337
400 419 22008
400 531 31456
400 545 12343
400 553 52699
400 662 57044
402 518 42143
402 539 50283
402 687 4816
402 721 14006
403 410 22751
403 432 10750
403 436 4647
403 440 3124
403 493 46277
403 496 39672
403 549 54580
403 590 20152
403 633 58594
403 740 11024
404 518 16707
404 646 44161
405 462 16424
405 483 40243
405 492 23000
405 608 22331
405 653 29332
405 676 5109
405 677 52236
406 560 35880
406 601 6548
406 612 53573
406 619 57887
406 711 14355
406 725 42267
407 719 26938
408 478 11398
408 527 24409
408 593 53572
408 605 52565
408 665 38415
408 712 52674
409 562 3314
409 575 19413
409 673 55798
409 715 49591
409 744 35436
410 412 26729
410 450 9742
410 451 34029
410 525 37752
411 504 26448
411 512 18189
411 572 54176
411 663 43042
411 685 41189
411 697 52858
412 460 48725
412 588 22649
412 646 45093
412 700 24605
413 592 29196
413 628 15017
413 684 58843
414 420 43550
414 446 57283
414 553 2132
414 661 31299
415 654 58044
415 703 55703
416 449 23864
416 452 36458
416 749 48377
417 591 27177
417 593 32222
417 599 20526
417 625 53119
417 692 7657
418 515 47254
418 576 2861
419 444 18038
419 498 25005
419 535 5660
419 579 36226
419 695 55532
420 508 25054
420 528 53766
420 657 24741
421 496 13778
421 668 16415
422 441 9834
422 544 14734
422 594 21962
422 613 1202
422 679 13577
423 740 5512
424 455 34837
424 468 52060
424 548 13162
424 639 9232
424 673 24115
424 680 37025
425 718 45689
427 505 48843
427 574 40554
427 612 54262
427 619 9368
427 633 33672
427 667 1918
427 674 32973
428 572 12884
428 693 19955
428 741 57977
429 531 54896
429 675 32533
429 691 29861
430 557 19949
430 664 2650
431 442 54601
431 485 33726
431 718 19064
432 498 40786
432 548 24812
432 667 41026
433 514 18340
433 569 14740
433 630 22889
433 670 53176
434 438 6799
434 477 12402
434 601 2407
434 642 30913
434 704 25779
434 726 24447
435 437 19755
435 501 6332
435 623 55060
435 643 5474
435 665 16355
436 464 56977
436 605 38446
436 627 5591
436 710 53284
437 497 12775
437 539 36838
437 555 2168
437 584 42635
437 595 56786
437 635 4817
437 661 13587
437 683 6863
437 700 233
438 538 30725
438 604 31674
439 660 41258
441 451 49064
441 459 46413
441 617 40498
441 659 18591
441 724 29564
441 740 52899
443 475 57349
443 526 476
443 535 55029
443 563 58147
444 606 56583
444 655 37712
444 663 53206
444 667 2056
445 481 54067
445 611 26534
445 648 16854
445 702 36009
446 448 56169
446 479 29628
446 606 12846
446 642 58336
446 659 48614
446 664 45983
446 708 39505
447 532 38552
447 593 52845
447 646 39737
448 516 9276
449 512 871
449 588 57346
449 658 34691
449 716 23635
450 522 37843
450 597 53281
450 723 53198
451 485 7093
451 564 26981
451 581 30026
452 556 2122
452 606 1479
453 713 26608
454 501 39833
454 522 54684
454 630 5015
454 655 10251
454 657 57570
455 562 21868
455 638 22611
456 524 30090
456 571 27847
457 599 35456
458 472 4778
458 519 16460
458 537 21438
458 610 44282
459 475 55012
459 541 50635
459 614 24018
459 688 40639
459 699 51505
459 741 57715
461 495 15330
461 536 15139
461 539 35557
461 610 44962
461 675 44689
462 537 19001
462 687 48295
463 569 14714
463 618 57474
463 651 49773
463 749 17673
464 468 37307
465 646 20809
466 695 59039
467 469 23909
467 661 54730
467 701 57259
467 710 46520
468 633 24819
468 717 25105
469 548 58327
469 574 29596
469 664 17917
470 727 56117
471 474 13877
471 481 49280
471 673 46751
472 482 14246
472 497 29918
472 703 14607
473 537 11960
473 557 45247
474 563 6097
474 627 23868
475 494 6561
475 673 50785
475 714 19221
476 580 54855
477 512 41850
477 689 16694
478 491 44627
478 506 59522
478 698 30352
478 705 41787
479 565 58561
479 692 54261
479 695 36516
480 553 55819
480 569 17132
480 586 1335
480 594 57275
480 630 15458
481 513 30930
481 562 15191
481 563 11574
481 666 21159
484 499 4470
484 517 34676
484 531 11756
484 588 10740
484 651 49282
484 681 68
484 695 55986
484 696 55379
485 746 23935
486 612 38898
486 621 46163
486 681 43155
486 722 33752
487 495 28013
487 536 36201
488 563 54731
488 633 3886
488 728 6552
489 513 36517
489 652 38798
490 530 37164
490 582 13033
490 659 10968
490 691 54295
490 726 50719
491 724 8243
492 649 46105
492 693 21648
492 726 59785
493 627 34030
493 747 19158
494 743 4255
495 507 8706
495 570 30914
495 694 14994
495 742 57987
496 508 30981
496 562 47331
496 689 53365
497 513 31267
497 515 2581
497 520 15880
497 614 14422
497 637 36332
497 684 20244
498 534 26974
498 538 7414
498 564 481
498 602 33525
498 688 43931
499 528 39279
500 593 10689
500 657 33315
500 739 50246
501 516 41335
501 538 24033
501 728 34840
502 586 27439
502 612 22032
502 625 34625
502 635 1469
502 731 41190
503 547 38879
503 553 46526
503 580 48455
504 536 30224
504 547 44512
504 613 19435
504 619 53906
504 738 14229
506 595 50701
506 598 56486
506 689 6460
507 683 41474
508 694 9170
509 663 26703
509 667 8447
510 542 16583
511 542 27183
511 693 18324
511 721 36865
512 575 42813
512 652 29012
513 547 46531
513 580 33059
513 582 46698
513 591 10563
513 711 7898
514 657 14137
516 579 8947
516 591 42522
517 564 51957
517 611 50136
518 592 57752
518 680 38482
518 709 38590
519 568 4327
519 695 59345
520 606 34376
520 657 58233
520 713 13573
521 722 1428
522 540 54718
522 594 20032
522 637 42902
523 585 40239
524 666 23086
524 697 27700
524 742 56822
525 558 26621
525 653 46023
526 604 10038
526 726 9433
529 731 51386
530 580 56569
530 589 42491
530 628 38084
531 536 43483
531 544 26741
531 579 52220
531 612 52429
531 663 45614
531 679 20528
531 731 18916
533 568 43366
533 648 59009
533 675 33857
533 696 24044
533 697 58353
533 706 44584
534 620 22276
534 700 48278
534 708 46012
535 588 53346
537 607 44661
538 637 28913
538 717 33584
539 565 7747
539 631 56612
539 663 6757
539 668 34367
539 676 18987
539 737 16795
540 552 20151
540 573 10372
540 660 49715
541 571 38994
541 588 48455
541 725 33197
541 732 5734
542 576 17026
542 649 1978
543 679 27699
543 685 13905
543 733 57245
543 738 47416
544 602 49265
544 631 7454
544 680 11460
545 714 23970
546 584 52037
546 649 33735
546 739 12247
548 663 38048
549 627 3432
549 661 56907
550 569 6960
550 648 13368
550 712 41005
551 638 39924
552 702 20124
552 706 51723
553 612 58910
553 662 13270
553 692 11874
553 697 45633
554 603 2984
554 608 27219
554 623 10440
555 598 12533
555 618 9304
556 669 3817
557 566 50862
557 584 37002
558 713 17722
559 574 48106
559 580 24418
559 715 43338
560 597 55559
560 672 12229
560 716 7307
561 578 47596
561 613 45963
561 644 19553
562 619 25643
562 662 25747
562 675 52812
562 686 8955
563 626 39114
563 643 10168
564 589 48878
564 621 35589
564 717 1891
565 582 24139
565 625 25211
565 637 50116
565 664 46123
565 722 28194
566 671 17334
567 608 56562
567 653 17078
567 720 26637
570 668 36731
570 715 7939
571 668 39990
572 573 30804
572 736 32397
573 661 4407
573 737 14141
574 657 27955
575 701 16635
575 747 21448
576 596 51902
576 614 38950
577 626 17352
577 663 17545
577 689 41048
577 708 10163
577 732 2851
578 584 56513
578 606 20331
580 598 28080
580 664 32101
580 698 58573
580 743 28570
584 699 57311
586 640 48688
587 677 14692
587 748 1857
588 687 42373
589 677 47606
589 723 55286
590 606 45361
590 611 24336
590 660 3225
590 742 25350
591 721 31491
592 632 35621
592 644 6109
592 740 45631
593 619 39927
593 668 59095
593 691 43430
593 702 31829
594 641 14396
594 647 782
594 712 25725
595 608 55443
596 597 47296
596 702 28575
597 700 28307
599 643 43978
599 739 33006
599 748 36760
600 723 42550
601 635 1575
602 712 10422
603 652 7589
603 657 16266
604 605 12278
605 666 49961
605 690 40223
607 686 7564
608 612 11673
608 621 40910
609 640 47140
610 617 37023
610 626 12400
610 639 59112
610 701 19483
610 730 58031
611 663 39038
611 703 18577
611 730 17812
612 623 47218
612 642 32973
613 726 18593
613 742 12942
614 649 4767
614 708 42241
614 714 17868
615 671 9426
616 632 26218
616 672 50873
616 715 46185
617 655 45120
617 687 28799
617 733 56606
618 623 52708
618 635 45065
618 639 45236
618 720 19021
620 704 25287
620 716 29151
621 714 7045
622 727 42549
623 638 16290
624 638 44067
624 705 54948
625 628 51753
625 647 3549
625 706 29330
627 645 30790
627 722 58478
628 703 47142
629 636 18008
629 652 31450
629 741 42086
630 654 7301
630 693 12568
631 675 24326
631 687 1521
632 719 21993
632 725 26896
634 635 28745
634 678 44529
634 708 12015
636 656 57544
637 747 41135
639 686 41074
640 714 18960
640 733 26370
640 749 36446
641 663 20598
641 745 31872
642 723 43491
643 725 3146
645 651 48161
645 666 27557
645 674 58094
646 689 39913
646 723 7458
648 655 27423
648 679 47054
648 697 5935
648 739 50916
650 704 41413
650 718 13736
651 670 33002
651 705 25066
653 710 2655
654 686 33679
654 688 2938
654 732 24648
655 696 574
658 718 31682
658 720 45528
659 697 12588
659 720 29225
659 725 26662
659 737 30014
659 749 24536
660 676 29383
660 679 6459
660 681 45134
665 706 1254
668 702 26301
668 703 48279
670 677 25766
670 711 30210
671 689 46372
672 680 42030
676 679 37667
676 723 50147
677 727 29084
677 742 19953
679 745 17414
681 695 46848
682 728 33688
684 739 26767
686 730 11913
689 712 36342
690 742 446
693 744 14850
694 746 37341
697 710 1019
697 738 22884
698 708 22869
699 701 49959
707 734 28460
708 709 25882
710 736 56324
713 717 52996
714 719 55265
717 739 2782
721 746 38129
727 744 56518
736 739 29083
737 747 26407
