352 744
157
620
39
463
253
283
17
431
675
186
362
631
535
345
127
386
622
467
194
49
338
57
482
208
242
649
292
458
619
341
148
237
67
193
410
489
7
485
231
171
515
36
129
20
644
52
452
147
180
394
14
333
442
175
524
538
336
687
330
340
612
255
466
30
382
643
422
212
188
238
478
499
479
247
359
62
383
424
369
152
301
363
423
315
699
293
673
576
543
76
92
214
584
23
239
197
312
296
334
298
254
112
233
244
683
80
498
122
143
276
96
605
454
318
522
215
75
264
503
164
288
427
10
158
504
27
304
413
440
28
55
183
682
120
690
272
632
557
107
472
672
689
142
462
200
594
119
704
102
692
488
262
416
317
412
494
512
310
97
216
150
474
71
563
226
251
633
1
681
47
418
249
203
647
228
191
173
691
541
281
392
137
601
118
18
85
190
227
637
373
263
374
517
167
502
285
174
73
320
32
348
51
574
526
475
123
565
100
230
352
379
13
548
397
279
243
182
299
274
367
678
408
487
110
702
261
321
240
481
511
339
533
155
210
596
670
280
641
169
131
79
575
659
403
84
532
428
556
56
630
407
624
351
544
58
349
209
550
567
573
53
607
439
95
409
651
406
663
185
88
457
433
21
492
153
132
192
313
697
529
555
508
569
350
455
364
396
679
256
393
70
380
163
170
154
291
610
381
302
506
514
72
621
698
353
625
222
684
703
450
447
241
287
537
300
295
218
45
221
603
3
493
99
497
187
294
519
83
117
265
553
347
90
561
614
273
579
484
109
640
667
608
559
585
656
113
429
451
582
82
525
420
141
469
495
328
54
648
195
78
161
589
319
314
146
327
86
688
77
140
361
509
306
639
391
570
652
19
246
580
229
693
464
106
366
8
236
114
558
34
124
531
201
219
202
426
331
404
438
595
63
587
468
144
356
60
666
248
384
29
179
578
305
87
676
42
284
471
43
108
592
98
581
685
104
586
390
661
395
177
664
64
151
554
430
342
136
149
81
398
258
617
94
31
425
671
38
93
530
518
680
441
133
375
368
326
602
6
609
650
130
655
453
232
388
68
387
677
250
159
598
297
323
269
674
523
571
444
4
446
545
378
12
211
520
618
134
257
500
443
125
91
59
414
377
205
309
245
542
176
372
166
41
417
456
593
126
37
421
303
213
626
346
419
335
50
551
476
324
694
590
627
513
486
33
539
700
325
260
695
16
432
138
267
402
40
329
658
461
669
206
74
337
343
445
365
11
448
160
2
290
501
135
121
642
217
266
399
668
480
615
629
204
220
635
521
270
184
660
546
400
623
44
516
696
483
289
657
654
536
69
286
600
371
358
116
599
252
568
332
196
105
510
61
583
646
207
389
22
376
198
101
547
562
181
322
405
473
278
225
139
235
65
505
686
449
199
308
465
638
628
634
25
357
370
701
436
168
316
66
115
162
597
111
560
577
268
653
172
564
259
606
26
103
282
401
277
566
307
128
411
645
46
311
540
527
491
415
470
145
459
611
460
224
477
572
189
223
355
9
15
496
616
360
48
613
665
588
528
437
178
234
435
434
662
604
344
534
591
35
552
275
271
156
385
636
89
354
165
549
490
5
507
24
