194
205 692
246 519
227 788
128 324
290 846
165 683
202 723
302 693
273 505
257 346
293 707
367 630
272 762
141 429
380 855
322 704
199 533
129 749
195 710
263 416
218 444
251 601
143 727
160 643
167 387
218 500
145 547
228 698
191 572
107 474
346 512
280 316
123 354
375 322
350 702
206 574
192 401
112 877
138 425
155 315
372 461
167 468
363 506
338 877
169 855
247 459
279 483
186 366
341 407
122 465
326 598
381 819
193 779
256 693
167 557
318 578
187 386
181 586
285 776
228 534
369 768
375 342
126 334
173 653
246 570
280 412
308 720
214 731
278 878
234 656
285 386
112 405
163 842
147 836
218 410
305 592
253 318
359 382
365 815
250 565
232 717
311 507
318 771
164 281
120 613
167 428
357 732
280 333
257 388
371 535
207 494
185 538
203 622
243 634
200 520
306 775
147 738
377 626
265 471
185 500
344 405
193 647
315 325
345 665
305 714
170 683
237 280
374 580
304 706
133 292
233 367
341 416
180 303
246 569
382 511
231 424
188 561
275 618
299 615
199 770
181 435
239 489
129 627
262 788
355 847
342 512
238 713
372 883
245 532
264 353
173 475
201 524
321 411
266 483
219 376
350 307
237 658
222 698
328 427
202 571
283 520
116 438
351 573
340 810
230 725
350 712
224 503
166 797
150 331
291 499
300 484
172 693
353 775
307 379
279 829
209 426
180 597
207 534
214 748
253 839
275 462
249 626
277 741
170 438
251 654
197 345
225 307
213 845
163 381
383 846
156 738
130 511
320 699
271 457
287 342
382 876
251 799
188 330
171 877
356 567
222 878
378 623
326 512
149 831
237 646
336 663
250 292
131 669
208 781
227 392
332 374
181 490
363 721
235 666
105 277 384 887