126 3784 0 125
0 1 0 60
124 125 0 60
1 2 0 1
63 124 0 1
2 64 508.675885 1
2 65 472.757654 1
2 66 255.157074 1
2 67 476.442081 1
2 68 417.110833 1
2 69 246.297421 1
2 70 473.240477 1
2 71 353.803231 1
2 72 283.513154 1
2 73 654.404993 1
2 74 568.914765 1
2 75 371.861977 1
2 76 359.981858 1
2 77 476.143095 1
2 78 433.667281 1
2 79 524.520862 1
2 80 413.646849 1
2 81 719.602313 1
2 82 359.349659 1
2 83 619.295378 1
2 84 594.213779 1
2 85 221.439781 1
2 86 465.516837 1
2 87 386.753366 1
2 88 610.246402 1
2 89 288.701572 1
2 90 564.482098 1
2 91 409.023170 1
2 92 499.094267 1
2 93 459.789533 1
2 94 318.547069 1
2 95 351.250524 1
2 96 579.969833 1
2 97 316.093836 1
2 98 722.447851 1
2 99 380.867062 1
2 100 235.243295 1
2 101 264.996379 1
2 102 254.047252 1
2 103 382.078982 1
2 104 517.491523 1
2 105 365.985490 1
2 106 490.032301 1
2 107 458.352822 1
2 108 8.414214 1
2 109 462.550472 1
2 110 600.201865 1
2 111 541.058538 1
2 112 568.974666 1
2 113 423.705880 1
2 114 438.345516 1
2 115 565.775489 1
2 116 507.415852 1
2 117 611.838934 1
2 118 426.707165 1
2 119 618.605883 1
2 120 798.820745 1
2 121 228.111082 1
2 122 728.086413 1
2 123 702.285344 1
1 3 0 1
64 124 0 1
3 63 387.538864 1
3 65 308.604217 1
3 66 665.529206 1
3 67 276.666528 1
3 68 643.350025 1
3 69 490.805828 1
3 70 544.721850 1
3 71 650.214832 1
3 72 381.287278 1
3 73 685.874610 1
3 74 572.058568 1
3 75 655.637309 1
3 76 673.917194 1
3 77 244.395539 1
3 78 377.537145 1
3 79 428.027881 1
3 80 412.675059 1
3 81 942.622377 1
3 82 460.051137 1
3 83 431.804615 1
3 84 369.062164 1
3 85 510.447813 1
3 86 428.983489 1
3 87 305.799120 1
3 88 470.233709 1
3 89 313.761074 1
3 90 394.320405 1
3 91 323.440252 1
3 92 806.855160 1
3 93 611.142178 1
3 94 545.492530 1
3 95 396.734718 1
3 96 860.788452 1
3 97 475.580841 1
3 98 440.438012 1
3 99 348.692436 1
3 100 570.962206 1
3 101 585.412551 1
3 102 635.489919 1
3 103 521.074479 1
3 104 767.141639 1
3 105 378.146535 1
3 106 16.242641 1
3 107 835.012545 1
3 108 498.158071 1
3 109 595.534386 1
3 110 351.335254 1
3 111 464.337097 1
3 112 788.211276 1
3 113 406.370489 1
3 114 252.197250 1
3 115 385.543941 1
3 116 330.177429 1
3 117 786.873308 1
3 118 726.870907 1
3 119 758.275396 1
3 120 900.468990 1
3 121 511.549214 1
3 122 885.601970 1
3 123 1014.969008 1
1 4 0 1
65 124 0 1
4 63 711.375763 1
4 64 966.557960 1
4 66 399.576172 1
4 67 752.888931 1
4 68 321.315331 1
4 69 445.504874 1
4 70 373.261178 1
4 71 300.459411 1
4 72 610.693989 1
4 73 429.586718 1
4 74 1104.152607 1
4 75 362.534750 1
4 76 266.368182 1
4 77 664.219058 1
4 78 571.079540 1
4 79 1023.018783 1
4 80 507.111597 1
4 81 245.262409 1
4 82 471.667962 1
4 83 1105.578769 1
4 84 987.048737 1
4 85 506.036202 1
4 86 973.240699 1
4 87 821.781002 1
4 88 1090.850707 1
4 89 605.606306 1
4 90 1058.111671 1
4 91 890.395741 1
4 92 262.890944 1
4 93 313.094614 1
4 94 502.367672 1
4 95 837.710112 1
4 96 14.485281 1
4 97 490.703577 1
4 98 1167.637110 1
4 99 657.689012 1
4 100 706.473288 1
4 101 502.938970 1
4 102 525.930568 1
4 103 908.981995 1
4 104 286.543479 1
4 105 628.705845 1
4 106 836.362348 1
4 107 287.057630 1
4 108 572.436728 1
4 109 448.659519 1
4 110 1038.902821 1
4 111 517.331281 1
4 112 270.880685 1
4 113 885.369150 1
4 114 832.590368 1
4 115 1037.198103 1
4 116 790.710804 1
4 117 255.534139 1
4 118 400.566835 1
4 119 273.010469 1
4 120 388.574889 1
4 121 692.611245 1
4 122 352.587817 1
4 123 221.796057 1
1 5 0 1
66 124 0 1
5 63 309.447266 1
5 64 524.293337 1
5 65 530.497817 1
5 67 588.164991 1
5 68 525.520114 1
5 69 366.338378 1
5 70 611.221302 1
5 71 470.670846 1
5 72 397.995029 1
5 73 799.088296 1
5 74 458.588311 1
5 75 481.173298 1
5 76 484.947973 1
5 77 583.370983 1
5 78 550.479484 1
5 79 465.054173 1
5 80 563.305487 1
5 81 850.879466 1
5 82 458.691241 1
5 83 603.071518 1
5 84 617.982394 1
5 85 328.117786 1
5 86 406.181104 1
5 87 451.196872 1
5 88 583.008037 1
5 89 412.267821 1
5 90 541.661937 1
5 91 459.378736 1
5 92 585.991736 1
5 93 609.091500 1
5 94 444.207340 1
5 95 367.883257 1
5 96 700.200849 1
5 97 416.591484 1
5 98 743.691543 1
5 99 471.296939 1
5 100 15.828427 1
5 101 332.408516 1
5 102 237.510618 1
5 103 242.008845 1
5 104 653.090365 1
5 105 469.566401 1
5 106 568.858045 1
5 107 526.726443 1
5 108 230.883005 1
5 109 570.848755 1
5 110 644.968934 1
5 111 671.810632 1
5 112 694.985351 1
5 113 468.168340 1
5 114 526.287417 1
5 115 562.876473 1
5 116 572.751522 1
5 117 756.995615 1
5 118 536.425549 1
5 119 746.061360 1
5 120 939.467806 1
5 121 253.692554 1
5 122 862.628265 1
5 123 794.078288 1
1 6 0 1
67 124 0 1
6 63 247.465708 1
6 64 343.177092 1
6 65 335.399522 1
6 66 566.875944 1
6 68 635.660662 1
6 69 462.140483 1
6 70 614.794752 1
6 71 609.731704 1
6 72 314.055444 1
6 73 826.625698 1
6 74 370.071863 1
6 75 638.150278 1
6 76 626.651623 1
6 77 478.873954 1
6 78 461.862346 1
6 79 317.880814 1
6 80 497.115216 1
6 81 959.397861 1
6 82 458.439743 1
6 83 347.505239 1
6 84 368.201390 1
6 85 436.051855 1
6 86 278.274987 1
6 87 261.054912 1
6 88 379.848165 1
6 89 316.667065 1
6 90 326.137366 1
6 91 225.347741 1
6 92 752.493944 1
6 93 649.459478 1
6 94 520.142584 1
6 95 14.242641 1
6 96 837.329639 1
6 97 437.941761 1
6 98 471.626195 1
6 99 367.644561 1
6 100 363.924018 1
6 101 446.827321 1
6 102 490.681959 1
6 103 307.757465 1
6 104 762.783409 1
6 105 397.785470 1
6 106 394.568986 1
6 107 757.873348 1
6 108 349.048688 1
6 109 576.110160 1
6 110 354.140200 1
6 111 642.622391 1
6 112 806.393491 1
6 113 278.127903 1
6 114 251.802047 1
6 115 347.556807 1
6 116 381.183926 1
6 117 822.523682 1
6 118 683.093257 1
6 119 839.908729 1
6 120 983.649524 1
6 121 281.061129 1
6 122 940.851310 1
6 123 981.231398 1
1 7 0 1
68 124 0 1
7 63 559.516828 1
7 64 353.837236 1
7 65 345.126840 1
7 66 939.332671 1
7 67 501.779519 1
7 69 772.444013 1
7 70 860.674328 1
7 71 946.895136 1
7 72 609.941331 1
7 73 1066.771631 1
7 74 471.789940 1
7 75 966.711125 1
7 76 980.873977 1
7 77 643.155873 1
7 78 646.187282 1
7 79 429.220946 1
7 80 727.289254 1
7 81 1271.419098 1
7 82 724.759272 1
7 83 244.644652 1
7 84 250.211893 1
7 85 763.460492 1
7 86 424.193172 1
7 87 432.586034 1
7 88 312.751215 1
7 89 597.888896 1
7 90 291.035463 1
7 91 367.776603 1
7 92 1116.604130 1
7 93 934.185280 1
7 94 800.008974 1
7 95 468.242113 1
7 96 1178.574084 1
7 97 772.027141 1
7 98 11.242641 1
7 99 538.896975 1
7 100 733.647211 1
7 101 840.715887 1
7 102 867.678212 1
7 103 582.720084 1
7 104 1086.722581 1
7 105 610.547965 1
7 106 453.594212 1
7 107 1135.671536 1
7 108 724.252011 1
7 109 886.826338 1
7 110 210.989644 1
7 111 849.044976 1
7 112 1106.114729 1
7 113 395.829414 1
7 114 386.611085 1
7 115 291.194867 1
7 116 423.465071 1
7 117 1112.742709 1
7 118 973.826591 1
7 119 1135.874123 1
7 120 1235.675560 1
7 121 665.115557 1
7 122 1214.581768 1
7 123 1331.548966 1
1 8 0 1
69 124 0 1
8 63 852.135552 1
8 64 1075.179201 1
8 65 978.703842 1
8 66 549.070581 1
8 67 833.407001 1
8 68 417.107830 1
8 70 445.218725 1
8 71 405.244308 1
8 72 718.882064 1
8 73 383.003704 1
8 74 1248.404037 1
8 75 471.727246 1
8 76 388.908468 1
8 77 736.111906 1
8 78 660.675761 1
8 79 1159.271564 1
8 80 575.865196 1
8 81 2.000000 1
8 82 582.462301 1
8 83 1227.251206 1
8 84 1092.523530 1
8 85 651.587298 1
8 86 1113.950285 1
8 87 929.883902 1
8 88 1216.754351 1
8 89 705.491816 1
8 90 1177.592983 1
8 91 1008.818431 1
8 92 354.858015 1
8 93 367.149877 1
8 94 596.162316 1
8 95 967.534271 1
8 96 241.804578 1
8 97 591.076421 1
8 98 1269.538233 1
8 99 765.845726 1
8 100 860.408536 1
8 101 639.408952 1
8 102 662.189348 1
8 103 1060.823403 1
8 104 244.038935 1
8 105 730.073541 1
8 106 927.285518 1
8 107 442.081281 1
8 108 717.323311 1
8 109 459.897984 1
8 110 1140.521463 1
8 111 541.624840 1
8 112 292.032902 1
8 113 1007.123624 1
8 114 929.280912 1
8 115 1151.101844 1
8 116 888.688039 1
8 117 218.672361 1
8 118 497.015971 1
8 119 276.805336 1
8 120 258.778496 1
8 121 840.237848 1
8 122 267.642555 1
8 123 311.157071 1
1 9 0 1
70 124 0 1
9 63 432.773173 1
9 64 492.942557 1
9 65 395.448592 1
9 66 496.367665 1
9 67 311.235225 1
9 68 475.395645 1
9 69 339.454482 1
9 71 451.277952 1
9 72 394.445029 1
9 73 506.387148 1
9 74 752.137994 1
9 75 503.995854 1
9 76 447.258385 1
9 77 327.055205 1
9 78 9.242641 1
9 79 610.925346 1
9 80 253.486776 1
9 81 653.148246 1
9 82 222.034316 1
9 83 648.001289 1
9 84 464.110639 1
9 85 418.255283 1
9 86 602.746783 1
9 87 431.685778 1
9 88 628.145880 1
9 89 284.671186 1
9 90 595.358092 1
9 91 488.947954 1
9 92 594.482372 1
9 93 374.286902 1
9 94 439.938700 1
9 95 473.814265 1
9 96 573.229507 1
9 97 315.671094 1
9 98 651.708966 1
9 99 246.115531 1
9 100 553.332165 1
9 101 473.012896 1
9 102 515.586622 1
9 103 639.240620 1
9 104 527.573817 1
9 105 353.080594 1
9 106 373.632716 1
9 107 613.391072 1
9 108 434.659493 1
9 109 502.906198 1
9 110 547.558956 1
9 111 363.478523 1
9 112 552.688046 1
9 113 488.399736 1
9 114 356.034447 1
9 115 566.957412 1
9 116 249.446921 1
9 117 481.528033 1
9 118 548.517031 1
9 119 545.946382 1
9 120 618.988734 1
9 121 516.439592 1
9 122 620.158317 1
9 123 744.557136 1
1 10 0 1
71 124 0 1
10 63 692.622089 1
10 64 905.122446 1
10 65 810.402993 1
10 66 410.855616 1
10 67 678.931574 1
10 68 365.242805 1
10 69 402.565525 1
10 70 365.882348 1
10 72 566.643539 1
10 73 381.742153 1
10 74 1082.403430 1
10 75 370.998798 1
10 76 302.421807 1
10 77 608.346815 1
10 78 557.494327 1
10 79 991.980495 1
10 80 462.328188 1
10 81 298.280407 1
10 82 446.018463 1
10 83 1080.169392 1
10 84 947.096493 1
10 85 498.004631 1
10 86 951.250078 1
10 87 774.107933 1
10 88 1054.290742 1
10 89 553.754971 1
10 90 1013.113829 1
10 91 857.667148 1
10 92 289.581386 1
10 93 297.470146 1
10 94 459.846282 1
10 95 809.727813 1
10 96 272.766466 1
10 97 507.997167 1
10 98 1101.890043 1
10 99 602.051597 1
10 100 697.630125 1
10 101 462.952790 1
10 102 531.111838 1
10 103 894.580382 1
10 104 326.650730 1
10 105 586.996881 1
10 106 770.746887 1
10 107 384.438083 1
10 108 562.129347 1
10 109 491.659918 1
10 110 980.133434 1
10 111 460.274997 1
10 112 9.656854 1
10 113 860.170218 1
10 114 782.553616 1
10 115 981.808324 1
10 116 770.615879 1
10 117 249.358695 1
10 118 384.233210 1
10 119 320.056515 1
10 120 330.588419 1
10 121 678.431357 1
10 122 214.850466 1
10 123 384.735225 1
1 11 0 1
72 124 0 1
11 63 265.799421 1
11 64 408.086542 1
11 65 353.504734 1
11 66 419.679438 1
11 67 265.833371 1
11 68 431.244473 1
11 69 213.858655 1
11 70 354.823417 1
11 71 398.506071 1
11 73 566.559869 1
11 74 600.632188 1
11 75 424.325298 1
11 76 418.350887 1
11 77 285.625904 1
11 78 287.345971 1
11 79 501.534867 1
11 80 223.694834 1
11 81 710.269125 1
11 82 244.757110 1
11 83 547.813717 1
11 84 467.661528 1
11 85 281.420711 1
11 86 456.544212 1
11 87 273.529887 1
11 88 558.473878 1
11 89 16.656854 1
11 90 493.781148 1
11 91 337.364155 1
11 92 563.466770 1
11 93 375.551369 1
11 94 341.295486 1
11 95 318.991679 1
11 96 616.113231 1
11 97 297.665566 1
11 98 594.713981 1
11 99 240.650210 1
11 100 404.430963 1
11 101 365.071071 1
11 102 422.222786 1
11 103 462.781474 1
11 104 515.331420 1
11 105 227.119919 1
11 106 307.043873 1
11 107 592.628887 1
11 108 281.525706 1
11 109 388.667818 1
11 110 453.341274 1
11 111 387.694719 1
11 112 560.055590 1
11 113 346.623574 1
11 114 249.480165 1
11 115 470.950667 1
11 116 371.167578 1
11 117 564.856966 1
11 118 495.329676 1
11 119 600.081620 1
11 120 714.548733 1
11 121 338.695515 1
11 122 674.631873 1
11 123 776.472528 1
1 12 0 1
73 124 0 1
12 63 741.361751 1
12 64 900.123328 1
12 65 837.032756 1
12 66 479.459826 1
12 67 698.393492 1
12 68 382.594222 1
12 69 470.493432 1
12 70 370.830814 1
12 71 371.283735 1
12 72 640.539441 1
12 74 1105.371592 1
12 75 424.920157 1
12 76 312.261779 1
12 77 535.348783 1
12 78 547.991064 1
12 79 1003.977376 1
12 80 469.073976 1
12 81 284.853523 1
12 82 463.079459 1
12 83 1073.249309 1
12 84 953.890581 1
12 85 554.056395 1
12 86 973.402639 1
12 87 794.833688 1
12 88 1069.069448 1
12 89 592.276876 1
12 90 1031.964374 1
12 91 875.681584 1
12 92 375.126226 1
12 93 295.424966 1
12 94 489.906154 1
12 95 843.493017 1
12 96 280.736265 1
12 97 463.848251 1
12 98 1128.813209 1
12 99 631.356453 1
12 100 754.418012 1
12 101 575.296620 1
12 102 602.825337 1
12 103 929.725472 1
12 104 336.283951 1
12 105 610.698618 1
12 106 737.418063 1
12 107 424.878879 1
12 108 614.512295 1
12 109 493.583503 1
12 110 1002.321454 1
12 111 354.486089 1
12 112 323.868596 1
12 113 881.056238 1
12 114 796.736362 1
12 115 1011.752395 1
12 116 759.421454 1
12 117 242.544624 1
12 118 448.551535 1
12 119 13.656854 1
12 120 335.835641 1
12 121 745.450133 1
12 122 332.070539 1
12 123 383.798136 1
1 13 0 1
74 124 0 1
13 63 274.651738 1
13 64 547.448171 1
13 65 528.277763 1
13 66 264.437056 1
13 67 468.839302 1
13 68 412.765509 1
13 69 233.086418 1
13 70 434.789064 1
13 71 309.065779 1
13 72 295.027670 1
13 73 603.450890 1
13 75 242.808753 1
13 76 332.388414 1
13 77 446.266812 1
13 78 419.034274 1
13 79 591.278060 1
13 80 378.884465 1
13 81 663.248336 1
13 82 350.253145 1
13 83 675.127631 1
13 84 638.908323 1
13 85 13.828427 1
13 86 542.378280 1
13 87 394.177922 1
13 88 688.975614 1
13 89 280.288185 1
13 90 622.548475 1
13 91 466.376991 1
13 92 406.365040 1
13 93 412.756629 1
13 94 227.775908 1
13 95 429.724332 1
13 96 520.504215 1
13 97 344.946082 1
13 98 751.493590 1
13 99 407.176801 1
13 100 328.000030 1
13 101 243.351376 1
13 102 286.717060 1
13 103 461.301264 1
13 104 466.185462 1
13 105 281.348422 1
13 106 492.636952 1
13 107 403.540764 1
13 108 219.110469 1
13 109 398.128397 1
13 110 633.961086 1
13 111 488.729410 1
13 112 512.498390 1
13 113 476.067260 1
13 114 457.240743 1
13 115 610.578658 1
13 116 520.775393 1
13 117 564.503877 1
13 118 320.966490 1
13 119 564.073540 1
13 120 735.284771 1
13 121 273.772293 1
13 122 666.579513 1
13 123 620.847358 1
1 14 0 1
75 124 0 1
14 63 347.908694 1
14 64 569.075867 1
14 65 492.108867 1
14 66 252.875726 1
14 67 415.724237 1
14 68 317.441626 1
14 69 11.414214 1
14 70 309.169130 1
14 71 243.055737 1
14 72 258.471383 1
14 73 496.090039 1
14 74 717.054864 1
14 76 249.475551 1
14 77 395.476603 1
14 78 344.805842 1
14 79 631.084097 1
14 80 248.917648 1
14 81 562.288557 1
14 82 239.621540 1
14 83 721.069510 1
14 84 627.726575 1
14 85 230.944258 1
14 86 587.280361 1
14 87 425.326681 1
14 88 706.820209 1
14 89 214.597326 1
14 90 655.879401 1
14 91 498.181691 1
14 92 401.677619 1
14 93 287.063311 1
14 94 246.662875 1
14 95 466.629551 1
14 96 457.934441 1
14 97 274.571004 1
14 98 769.873062 1
14 99 326.269177 1
14 100 366.695521 1
14 101 290.677145 1
14 102 321.563931 1
14 103 535.238494 1
14 104 359.134439 1
14 105 281.846751 1
14 106 478.516461 1
14 107 405.412929 1
14 108 244.641924 1
14 109 330.422947 1
14 110 639.791597 1
14 111 392.728853 1
14 112 413.966768 1
14 113 499.614552 1
14 114 446.371111 1
14 115 625.261775 1
14 116 487.881859 1
14 117 450.272167 1
14 118 348.039523 1
14 119 479.529816 1
14 120 614.467612 1
14 121 369.722570 1
14 122 549.300188 1
14 123 591.271951 1
1 15 0 1
76 124 0 1
15 63 619.086711 1
15 64 899.460378 1
15 65 841.088629 1
15 66 233.234405 1
15 67 778.428354 1
15 68 377.118747 1
15 69 399.335078 1
15 70 479.755855 1
15 71 296.843351 1
15 72 576.716659 1
15 73 560.134311 1
15 74 969.680911 1
15 75 291.459572 1
15 77 684.912344 1
15 78 613.391661 1
15 79 925.744264 1
15 80 566.028343 1
15 81 438.509727 1
15 82 480.733173 1
15 83 1039.276887 1
15 84 963.156366 1
15 85 393.681625 1
15 86 873.680455 1
15 87 759.651200 1
15 88 1016.049915 1
15 89 590.977900 1
15 90 982.687269 1
15 91 829.581011 1
15 92 251.831122 1
15 93 423.199621 1
15 94 421.190621 1
15 95 759.915168 1
15 96 278.684828 1
15 97 475.309519 1
15 98 1132.814815 1
15 99 653.967012 1
15 100 539.184795 1
15 101 402.912543 1
15 102 370.043397 1
15 103 759.340704 1
15 104 393.789586 1
15 105 596.955938 1
15 106 817.956305 1
15 107 9.414214 1
15 108 454.408670 1
15 109 508.668608 1
15 110 1008.969456 1
15 111 589.069205 1
15 112 388.211466 1
15 113 827.683749 1
15 114 818.750672 1
15 115 972.503270 1
15 116 799.128991 1
15 117 433.196981 1
15 118 352.852807 1
15 119 416.385295 1
15 120 605.338126 1
15 121 571.914740 1
15 122 517.204272 1
15 123 326.075301 1
1 16 0 1
77 124 0 1
16 63 573.321423 1
16 64 638.274328 1
16 65 581.923498 1
16 66 539.788469 1
16 67 422.795097 1
16 68 458.684001 1
16 69 386.218317 1
16 70 320.210644 1
16 71 456.406371 1
16 72 474.272737 1
16 73 238.385561 1
16 74 922.063925 1
16 75 484.598537 1
16 76 437.502950 1
16 78 362.491126 1
16 79 785.001027 1
16 80 281.039038 1
16 81 553.732001 1
16 82 340.381432 1
16 83 819.979367 1
16 84 679.504297 1
16 85 484.924595 1
16 86 763.465010 1
16 87 554.513444 1
16 88 828.039257 1
16 89 376.260291 1
16 90 777.920060 1
16 91 641.436578 1
16 92 543.825202 1
16 93 313.260169 1
16 94 438.827901 1
16 95 643.203671 1
16 96 533.564791 1
16 97 355.794831 1
16 98 836.624984 1
16 99 416.281140 1
16 100 673.901131 1
16 101 547.854276 1
16 102 607.056427 1
16 103 783.568212 1
16 104 488.919116 1
16 105 404.388614 1
16 106 438.490866 1
16 107 601.581590 1
16 108 539.394691 1
16 109 487.028727 1
16 110 724.938436 1
16 111 13.414214 1
16 112 466.179299 1
16 113 658.894390 1
16 114 528.465882 1
16 115 750.160195 1
16 116 509.508844 1
16 117 414.826103 1
16 118 550.241844 1
16 119 371.598147 1
16 120 487.184998 1
16 121 633.185139 1
16 122 491.677719 1
16 123 691.600327 1
1 17 0 1
78 124 0 1
17 63 424.863053 1
17 64 345.888864 1
17 65 271.468086 1
17 66 635.874886 1
17 67 298.031277 1
17 68 648.562423 1
17 69 474.298923 1
17 70 446.528581 1
17 71 633.372882 1
17 72 448.854431 1
17 73 689.938719 1
17 74 616.696674 1
17 75 671.166398 1
17 76 617.624282 1
17 77 381.637399 1
17 79 469.627125 1
17 80 405.633573 1
17 81 873.757118 1
17 82 345.719868 1
17 83 457.786719 1
17 84 238.235431 1
17 85 517.819309 1
17 86 478.016571 1
17 87 408.890207 1
17 88 448.782778 1
17 89 362.212876 1
17 90 411.979387 1
17 91 383.661796 1
17 92 783.773060 1
17 93 558.335351 1
17 94 546.350330 1
17 95 388.305967 1
17 96 786.148334 1
17 97 423.219067 1
17 98 435.544802 1
17 99 253.561507 1
17 100 566.235063 1
17 101 589.635910 1
17 102 615.196537 1
17 103 570.700452 1
17 104 724.625846 1
17 105 409.691386 1
17 106 330.487182 1
17 107 790.410184 1
17 108 499.762885 1
17 109 626.670595 1
17 110 373.140302 1
17 111 502.328317 1
17 112 755.066491 1
17 113 405.334788 1
17 114 246.708288 1
17 115 383.418146 1
17 116 17.414214 1
17 117 705.486612 1
17 118 693.117768 1
17 119 747.574709 1
17 120 836.825620 1
17 121 529.024406 1
17 122 824.643074 1
17 123 952.074546 1
1 18 0 1
79 124 0 1
18 63 381.229811 1
18 64 10.414214 1
18 65 297.278957 1
18 66 706.898251 1
18 67 405.872614 1
18 68 742.511952 1
18 69 573.446055 1
18 70 687.815740 1
18 71 741.359300 1
18 72 428.070919 1
18 73 865.586400 1
18 74 413.398568 1
18 75 749.475597 1
18 76 767.362982 1
18 77 442.038532 1
18 78 490.569403 1
18 80 565.987757 1
18 81 1078.211707 1
18 82 538.576268 1
18 83 316.918188 1
18 84 308.261943 1
18 85 558.258572 1
18 86 312.521672 1
18 87 320.596311 1
18 88 372.843216 1
18 89 413.616625 1
18 90 276.869362 1
18 91 256.405323 1
18 92 899.872822 1
18 93 753.007395 1
18 94 625.166364 1
18 95 343.885938 1
18 96 977.467734 1
18 97 572.578924 1
18 98 353.434939 1
18 99 403.991039 1
18 100 515.640817 1
18 101 616.319488 1
18 102 640.702493 1
18 103 407.685119 1
18 104 880.642532 1
18 105 477.225298 1
18 106 238.367897 1
18 107 902.330419 1
18 108 509.030745 1
18 109 693.705245 1
18 110 297.152899 1
18 111 653.167543 1
18 112 912.235743 1
18 113 376.660758 1
18 114 282.910990 1
18 115 275.439661 1
18 116 340.681437 1
18 117 929.679869 1
18 118 803.583492 1
18 119 907.618718 1
18 120 1064.870473 1
18 121 477.618138 1
18 122 1038.486940 1
18 123 1114.264620 1
1 19 0 1
80 124 0 1
19 63 557.331236 1
19 64 745.737054 1
19 65 655.317800 1
19 66 386.184018 1
19 67 499.046487 1
19 68 323.088531 1
19 69 275.118594 1
19 70 224.811928 1
19 71 280.013754 1
19 72 431.595207 1
19 73 323.064402 1
19 74 943.847843 1
19 75 328.538413 1
19 76 226.203453 1
19 77 418.491628 1
19 78 373.099448 1
19 79 837.280361 1
19 81 372.849305 1
19 82 307.360023 1
19 83 893.029346 1
19 84 759.386856 1
19 85 401.316197 1
19 86 793.511415 1
19 87 607.080035 1
19 88 886.906239 1
19 89 368.260263 1
19 90 849.360170 1
19 91 680.838359 1
19 92 358.128044 1
19 93 5.414214 1
19 94 343.786500 1
19 95 653.237055 1
19 96 325.083978 1
19 97 329.142803 1
19 98 928.461216 1
19 99 455.545372 1
19 100 612.940664 1
19 101 451.781451 1
19 102 505.673670 1
19 103 773.108734 1
19 104 291.878343 1
19 105 415.570742 1
19 106 592.512739 1
19 107 428.738348 1
19 108 454.512311 1
19 109 366.925016 1
19 110 799.513602 1
19 111 306.665228 1
19 112 302.240053 1
19 113 678.737718 1
19 114 583.437170 1
19 115 818.428878 1
19 116 568.024704 1
19 117 225.830506 1
19 118 367.719960 1
19 119 304.171803 1
19 120 391.198827 1
19 121 586.236008 1
19 122 348.223123 1
19 123 492.974634 1
1 20 0 1
81 124 0 1
20 63 668.072146 1
20 64 897.742387 1
20 65 818.079699 1
20 66 398.904146 1
20 67 691.242564 1
20 68 235.543716 1
20 69 372.822972 1
20 70 369.007684 1
20 71 283.079011 1
20 72 542.594527 1
20 73 410.089411 1
20 74 1061.457079 1
20 75 367.623855 1
20 76 290.847163 1
20 77 612.365058 1
20 78 541.568448 1
20 79 971.726515 1
20 80 447.862088 1
20 82 444.200729 1
20 83 1047.388616 1
20 84 939.628157 1
20 85 471.211883 1
20 86 925.332039 1
20 87 751.300300 1
20 88 1035.843462 1
20 89 531.664505 1
20 90 996.247716 1
20 91 826.792463 1
20 92 324.909087 1
20 93 278.421886 1
20 94 437.805189 1
20 95 789.286672 1
20 96 269.460908 1
20 97 435.146001 1
20 98 1103.757338 1
20 99 614.204939 1
20 100 678.684583 1
20 101 476.608369 1
20 102 499.388636 1
20 103 873.227561 1
20 104 20.472136 1
20 105 564.412979 1
20 106 769.434642 1
20 107 389.734957 1
20 108 531.989060 1
20 109 244.157103 1
20 110 973.319069 1
20 111 481.244795 1
20 112 309.387004 1
20 113 823.324804 1
20 114 762.083662 1
20 115 973.544896 1
20 116 751.355057 1
20 117 271.887885 1
20 118 368.301855 1
20 119 317.193631 1
20 120 416.643691 1
20 121 660.902982 1
20 122 351.539063 1
20 123 359.360927 1
1 21 0 1
82 124 0 1
21 63 380.277022 1
21 64 409.864627 1
21 65 239.025049 1
21 66 488.326438 1
21 67 286.198628 1
21 68 500.193266 1
21 69 316.403229 1
21 70 362.784987 1
21 71 472.186726 1
21 72 343.706750 1
21 73 594.673369 1
21 74 641.687046 1
21 75 525.711419 1
21 76 475.870088 1
21 77 319.554438 1
21 78 242.192131 1
21 79 522.433790 1
21 80 292.930854 1
21 81 757.782412 1
21 83 546.563883 1
21 84 400.830481 1
21 85 405.280990 1
21 86 504.200128 1
21 87 395.474085 1
21 88 554.300725 1
21 89 243.484318 1
21 90 498.563733 1
21 91 424.331137 1
21 92 621.064217 1
21 93 451.889479 1
21 94 456.376832 1
21 95 379.408226 1
21 96 660.573096 1
21 97 355.870283 1
21 98 546.877921 1
21 99 9.828427 1
21 100 469.464491 1
21 101 473.556556 1
21 102 506.077935 1
21 103 526.256167 1
21 104 593.949907 1
21 105 361.815132 1
21 106 347.180243 1
21 107 650.718308 1
21 108 377.804120 1
21 109 481.186189 1
21 110 437.570747 1
21 111 415.717998 1
21 112 595.969705 1
21 113 408.147041 1
21 114 258.528623 1
21 115 455.125441 1
21 116 267.132172 1
21 117 607.512843 1
21 118 603.420216 1
21 119 627.101359 1
21 120 745.988600 1
21 121 453.600637 1
21 122 719.313107 1
21 123 823.320774 1
1 22 0 1
83 124 0 1
22 63 316.423091 1
22 64 357.758121 1
22 65 305.948290 1
22 66 655.721731 1
22 67 425.414472 1
22 68 714.716492 1
22 69 525.431743 1
22 70 666.649738 1
22 71 700.116586 1
22 72 347.006818 1
22 73 874.866638 1
22 74 365.754610 1
22 75 701.834923 1
22 76 709.089848 1
22 77 503.312462 1
22 78 488.972105 1
22 79 386.552213 1
22 80 528.318134 1
22 81 1030.837480 1
22 82 513.084231 1
22 84 341.413715 1
22 85 503.134489 1
22 86 363.096365 1
22 87 294.509367 1
22 88 303.039011 1
22 89 366.908095 1
22 90 289.140065 1
22 91 275.500409 1
22 92 849.162937 1
22 93 705.542049 1
22 94 581.054661 1
22 95 270.787305 1
22 96 916.452562 1
22 97 517.180151 1
22 98 378.051500 1
22 99 405.271836 1
22 100 467.726340 1
22 101 587.205487 1
22 102 584.795037 1
22 103 389.008181 1
22 104 826.688273 1
22 105 448.808938 1
22 106 401.859541 1
22 107 851.719790 1
22 108 438.658399 1
22 109 620.213355 1
22 110 314.227386 1
22 111 679.370407 1
22 112 885.733489 1
22 113 24.032759 1
22 114 280.788611 1
22 115 403.730743 1
22 116 393.313065 1
22 117 895.268164 1
22 118 752.524568 1
22 119 904.811132 1
22 120 1038.812560 1
22 121 433.201693 1
22 122 1004.821633 1
22 123 1064.467087 1
1 23 0 1
84 124 0 1
23 63 474.021839 1
23 64 370.092134 1
23 65 371.370519 1
23 66 821.205906 1
23 67 546.389828 1
23 68 900.383839 1
23 69 707.992216 1
23 70 820.851459 1
23 71 878.577207 1
23 72 531.316364 1
23 73 1035.090705 1
23 74 306.725319 1
23 75 899.504291 1
23 76 891.119248 1
23 77 640.782363 1
23 78 615.758832 1
23 79 345.630220 1
23 80 710.076084 1
23 81 1212.522277 1
23 82 676.195618 1
23 83 216.062303 1
23 85 699.092874 1
23 86 344.219000 1
23 87 421.788978 1
23 88 6.828427 1
23 89 560.158484 1
23 90 227.883691 1
23 91 349.994114 1
23 92 1032.559760 1
23 93 886.529302 1
23 94 731.706051 1
23 95 371.140986 1
23 96 1093.692752 1
23 97 682.083395 1
23 98 314.177758 1
23 99 541.721978 1
23 100 573.551174 1
23 101 744.493187 1
23 102 741.439655 1
23 103 417.308185 1
23 104 1012.612625 1
23 105 595.362666 1
23 106 476.595841 1
23 107 1014.633046 1
23 108 610.326121 1
23 109 818.968141 1
23 110 335.680963 1
23 111 832.816193 1
23 112 1053.395027 1
23 113 319.448475 1
23 114 417.193527 1
23 115 364.294760 1
23 116 432.660973 1
23 117 1060.482269 1
23 118 886.914744 1
23 119 1068.511884 1
23 120 1215.863003 1
23 121 550.124933 1
23 122 1174.712226 1
23 123 1233.729999 1
1 24 0 1
85 124 0 1
24 63 472.234306 1
24 64 738.703955 1
24 65 699.197161 1
24 66 268.840078 1
24 67 605.102898 1
24 68 346.829338 1
24 69 272.868195 1
24 70 403.055714 1
24 71 238.948929 1
24 72 419.191201 1
24 73 508.300703 1
24 74 857.772590 1
24 75 13.414214 1
24 76 264.215312 1
24 77 524.303737 1
24 78 502.364865 1
24 79 800.014172 1
24 80 408.405216 1
24 81 479.862867 1
24 82 395.371697 1
24 83 885.123393 1
24 84 831.756896 1
24 86 751.193655 1
24 87 590.260004 1
24 88 891.573185 1
24 89 415.950609 1
24 90 831.949758 1
24 91 668.109950 1
24 92 220.990459 1
24 93 330.874641 1
24 94 252.115872 1
24 95 633.294160 1
24 96 368.793473 1
24 97 413.108434 1
24 98 956.438200 1
24 99 524.296288 1
24 100 480.689401 1
24 101 278.797174 1
24 102 347.183244 1
24 103 662.056254 1
24 104 371.880687 1
24 105 419.529011 1
24 106 633.228449 1
24 107 294.773434 1
24 108 362.956867 1
24 109 399.541720 1
24 110 833.455211 1
24 111 476.285186 1
24 112 379.043805 1
24 113 669.664678 1
24 114 638.373219 1
24 115 819.703546 1
24 116 674.846480 1
24 117 427.531333 1
24 118 228.435147 1
24 119 429.187486 1
24 120 582.164159 1
24 121 457.252055 1
24 122 501.398677 1
24 123 427.708288 1
1 25 0 1
86 124 0 1
25 63 622.640178 1
25 64 892.940898 1
25 65 818.407015 1
25 66 329.395746 1
25 67 715.109984 1
25 68 286.583757 1
25 69 394.977106 1
25 70 444.287069 1
25 71 245.749537 1
25 72 539.377360 1
25 73 502.378742 1
25 74 999.464065 1
25 75 213.128550 1
25 76 256.382489 1
25 77 642.714976 1
25 78 598.144104 1
25 79 942.465488 1
25 80 513.288256 1
25 81 363.328406 1
25 82 463.668154 1
25 83 1039.102835 1
25 84 960.051975 1
25 85 387.302269 1
25 87 744.793354 1
25 88 1029.710389 1
25 89 558.314748 1
25 90 991.556187 1
25 91 820.268143 1
25 92 10.828427 1
25 93 358.396677 1
25 94 410.962198 1
25 95 750.440987 1
25 96 265.190477 1
25 97 474.342216 1
25 98 1110.623420 1
25 99 623.777573 1
25 100 587.983145 1
25 101 348.922115 1
25 102 435.757727 1
25 103 796.469731 1
25 104 340.816549 1
25 105 571.720648 1
25 106 788.689805 1
25 107 246.644661 1
25 108 492.534246 1
25 109 427.961829 1
25 110 983.879209 1
25 111 538.398814 1
25 112 300.882588 1
25 113 820.078058 1
25 114 788.852164 1
25 115 967.946074 1
25 116 793.131364 1
25 117 368.623754 1
25 118 336.977884 1
25 119 376.621222 1
25 120 509.006096 1
25 121 568.811203 1
25 122 429.116874 1
25 123 326.051903 1
1 26 0 1
87 124 0 1
26 63 320.448732 1
26 64 465.925485 1
26 65 454.090349 1
26 66 468.290637 1
26 67 337.947711 1
26 68 518.495794 1
26 69 285.003584 1
26 70 413.754941 1
26 71 441.697877 1
26 72 277.942795 1
26 73 577.354754 1
26 74 610.677990 1
26 75 438.769746 1
26 76 461.149557 1
26 77 328.238522 1
26 78 356.989636 1
26 79 553.915149 1
26 80 311.988480 1
26 81 740.191138 1
26 82 338.285528 1
26 83 559.871562 1
26 84 505.007325 1
26 85 293.623277 1
26 86 494.341573 1
26 88 591.387783 1
26 89 226.362661 1
26 90 506.994188 1
26 91 366.053289 1
26 92 586.385495 1
26 93 426.812852 1
26 94 237.813818 1
26 95 395.439013 1
26 96 645.324686 1
26 97 364.801573 1
26 98 601.869396 1
26 99 363.617556 1
26 100 471.298282 1
26 101 419.236612 1
26 102 460.784181 1
26 103 510.981480 1
26 104 556.749219 1
26 105 11.656854 1
26 106 361.844961 1
26 107 609.652672 1
26 108 368.653908 1
26 109 452.520547 1
26 110 489.679243 1
26 111 410.036652 1
26 112 597.127922 1
26 113 435.698959 1
26 114 330.514591 1
26 115 488.678480 1
26 116 414.724677 1
26 117 605.922597 1
26 118 430.486973 1
26 119 622.601585 1
26 120 743.297941 1
26 121 388.864971 1
26 122 696.673742 1
26 123 792.016740 1
1 27 0 1
88 124 0 1
27 63 418.147268 1
27 64 279.414308 1
27 65 342.548979 1
27 66 782.056472 1
27 67 505.795272 1
27 68 856.774730 1
27 69 663.003719 1
27 70 793.784820 1
27 71 837.401538 1
27 72 487.288818 1
27 73 1000.071482 1
27 74 320.520528 1
27 75 845.157671 1
27 76 860.359767 1
27 77 590.870644 1
27 78 592.078408 1
27 79 283.347202 1
27 80 670.149446 1
27 81 1181.127660 1
27 82 636.771552 1
27 83 215.988650 1
27 84 282.332078 1
27 85 637.494493 1
27 86 271.450348 1
27 87 335.555253 1
27 89 500.971499 1
27 90 3.000000 1
27 91 267.663067 1
27 92 1000.506837 1
27 93 856.888693 1
27 94 670.317205 1
27 95 322.911437 1
27 96 1070.461363 1
27 97 647.745701 1
27 98 292.289196 1
27 99 493.435778 1
27 100 535.666984 1
27 101 698.983145 1
27 102 698.881610 1
27 103 384.740240 1
27 104 979.735976 1
27 105 517.209652 1
27 106 405.149746 1
27 107 987.826121 1
27 108 569.293355 1
27 109 781.948059 1
27 110 266.454084 1
27 111 791.428533 1
27 112 1020.190389 1
27 113 311.915091 1
27 114 328.352305 1
27 115 239.185277 1
27 116 403.426515 1
27 117 1034.389137 1
27 118 845.568070 1
27 119 1039.531676 1
27 120 1180.084750 1
27 121 503.340002 1
27 122 1140.765266 1
27 123 1211.200144 1
1 28 0 1
89 124 0 1
28 63 311.739735 1
28 64 288.050725 1
28 65 265.866874 1
28 66 629.263696 1
28 67 240.539624 1
28 68 628.973253 1
28 69 435.390273 1
28 70 521.538531 1
28 71 619.201922 1
28 72 323.611117 1
28 73 732.595492 1
28 74 524.632982 1
28 75 636.231378 1
28 76 637.712866 1
28 77 340.339816 1
28 78 342.296941 1
28 79 406.962343 1
28 80 367.597791 1
28 81 916.455475 1
28 82 377.337668 1
28 83 373.528939 1
28 84 321.608324 1
28 85 457.320192 1
28 86 384.236173 1
28 87 245.018737 1
28 88 431.851298 1
28 90 337.362652 1
28 91 248.342411 1
28 92 781.346662 1
28 93 573.694327 1
28 94 499.575327 1
28 95 261.684178 1
28 96 829.432042 1
28 97 437.684893 1
28 98 399.863559 1
28 99 250.225653 1
28 100 518.085700 1
28 101 550.634781 1
28 102 588.111354 1
28 103 477.192553 1
28 104 730.687170 1
28 105 325.695751 1
28 106 252.014968 1
28 107 811.446796 1
28 108 432.130712 1
28 109 558.056418 1
28 110 245.971809 1
28 111 524.939264 1
28 112 771.097349 1
28 113 294.032025 1
28 114 16.656854 1
28 115 312.507427 1
28 116 253.311903 1
28 117 762.562562 1
28 118 681.909377 1
28 119 789.160663 1
28 120 891.066889 1
28 121 443.948562 1
28 122 869.734685 1
28 123 992.910937 1
1 29 0 1
90 124 0 1
29 63 515.625401 1
29 64 768.886998 1
29 65 687.327238 1
29 66 219.609627 1
29 67 593.504795 1
29 68 297.415145 1
29 69 246.596858 1
29 70 325.217552 1
29 71 233.163708 1
29 72 434.585904 1
29 73 430.973326 1
29 74 893.268221 1
29 75 266.109492 1
29 76 7.414214 1
29 77 520.967736 1
29 78 450.909029 1
29 79 819.100746 1
29 80 360.187551 1
29 81 384.678241 1
29 82 314.343809 1
29 83 910.757591 1
29 84 811.088335 1
29 85 327.421859 1
29 86 769.679917 1
29 87 624.392294 1
29 88 897.458195 1
29 89 419.527473 1
29 91 689.338841 1
29 92 259.249169 1
29 93 223.159029 1
29 94 321.433280 1
29 95 636.334838 1
29 96 267.675863 1
29 97 323.261557 1
29 98 981.769383 1
29 99 483.747588 1
29 100 500.275435 1
29 101 357.391021 1
29 102 386.234400 1
29 103 697.022275 1
29 104 300.283281 1
29 105 456.538434 1
29 106 661.929836 1
29 107 238.172608 1
29 108 363.115811 1
29 109 381.661093 1
29 110 855.146840 1
29 111 431.786039 1
29 112 304.021726 1
29 113 688.146500 1
29 114 650.747070 1
29 115 839.113205 1
29 116 631.706488 1
29 117 302.008217 1
29 118 308.425432 1
29 119 308.177369 1
29 120 495.828155 1
29 121 500.607179 1
29 122 419.564924 1
29 123 386.188060 1
1 30 0 1
91 124 0 1
30 63 11.414214 1
30 64 375.541994 1
30 65 383.620728 1
30 66 438.477737 1
30 67 399.100702 1
30 68 525.218417 1
30 69 355.283656 1
30 70 555.405570 1
30 71 497.857935 1
30 72 231.574451 1
30 73 741.905069 1
30 74 446.644378 1
30 75 489.990785 1
30 76 516.376639 1
30 77 442.458695 1
30 78 430.388877 1
30 79 405.578477 1
30 80 446.448395 1
30 81 857.325981 1
30 82 433.582160 1
30 83 456.451891 1
30 84 449.660036 1
30 85 293.818267 1
30 86 353.795441 1
30 87 254.422163 1
30 88 471.297799 1
30 89 272.548217 1
30 90 409.425431 1
30 92 636.612374 1
30 93 565.210117 1
30 94 378.490549 1
30 95 249.203876 1
30 96 724.079018 1
30 97 386.085390 1
30 98 551.456294 1
30 99 381.893797 1
30 100 312.096840 1
30 101 371.941070 1
30 102 376.502135 1
30 103 320.843262 1
30 104 654.691434 1
30 105 320.319292 1
30 106 381.195620 1
30 107 630.275595 1
30 108 217.355458 1
30 109 497.264048 1
30 110 426.535935 1
30 111 579.350068 1
30 112 703.338537 1
30 113 313.685767 1
30 114 309.423807 1
30 115 418.437574 1
30 116 424.949605 1
30 117 741.980557 1
30 118 522.646086 1
30 119 748.883919 1
30 120 905.498323 1
30 121 219.060004 1
30 122 850.070360 1
30 123 852.959768 1
1 31 0 1
92 124 0 1
31 63 526.239357 1
31 64 754.973914 1
31 65 701.112927 1
31 66 333.259033 1
31 67 585.688974 1
31 68 22.498474 1
31 69 314.201086 1
31 70 363.144742 1
31 71 260.712593 1
31 72 458.375648 1
31 73 460.815031 1
31 74 909.567327 1
31 75 330.420354 1
31 76 282.669304 1
31 77 518.712108 1
31 78 489.491229 1
31 79 820.131325 1
31 80 430.247267 1
31 81 405.645714 1
31 82 404.312791 1
31 83 915.283690 1
31 84 839.402599 1
31 85 394.980853 1
31 86 769.478868 1
31 87 641.929995 1
31 88 914.066570 1
31 89 437.149041 1
31 90 865.922070 1
31 91 694.801932 1
31 93 315.710194 1
31 94 404.241126 1
31 95 647.435040 1
31 96 310.898731 1
31 97 363.715981 1
31 98 982.899489 1
31 99 513.601803 1
31 100 531.924464 1
31 101 335.645851 1
31 102 423.240190 1
31 103 721.920521 1
31 104 214.827213 1
31 105 513.003043 1
31 106 645.460569 1
31 107 364.023951 1
31 108 412.333677 1
31 109 269.703887 1
31 110 849.022170 1
31 111 457.559158 1
31 112 356.660739 1
31 113 704.438068 1
31 114 654.760380 1
31 115 839.586980 1
31 116 673.965427 1
31 117 363.997595 1
31 118 381.115173 1
31 119 372.330080 1
31 120 525.146404 1
31 121 510.240610 1
31 122 467.052103 1
31 123 439.442407 1
1 32 0 1
93 124 0 1
32 63 735.701902 1
32 64 923.647669 1
32 65 826.854563 1
32 66 475.562114 1
32 67 665.282464 1
32 68 370.025562 1
32 69 438.704365 1
32 70 287.805222 1
32 71 345.325934 1
32 72 604.365904 1
32 73 304.113615 1
32 74 1121.382321 1
32 75 419.193178 1
32 76 303.036900 1
32 77 586.614332 1
32 78 486.226200 1
32 79 1017.544728 1
32 80 415.436758 1
32 81 218.650490 1
32 82 443.395442 1
32 83 1084.516215 1
32 84 931.316254 1
32 85 551.614340 1
32 86 975.734933 1
32 87 792.352212 1
32 88 1062.965488 1
32 89 557.012145 1
32 90 1028.566801 1
32 91 871.148169 1
32 92 358.145411 1
32 94 489.250577 1
32 95 827.799213 1
32 96 259.728940 1
32 97 459.612526 1
32 98 1109.612980 1
32 99 614.549306 1
32 100 761.592909 1
32 101 560.880208 1
32 102 602.462255 1
32 103 944.915938 1
32 104 284.864470 1
32 105 596.087298 1
32 106 769.776766 1
32 107 433.211729 1
32 108 607.235079 1
32 109 447.320978 1
32 110 984.678793 1
32 111 403.208101 1
32 112 240.614679 1
32 113 870.812368 1
32 114 774.390462 1
32 115 999.056809 1
32 116 720.001279 1
32 117 10.242641 1
32 118 435.875707 1
32 119 233.367094 1
32 120 261.807048 1
32 121 736.048232 1
32 122 237.673309 1
32 123 390.055026 1
1 33 0 1
94 124 0 1
33 63 510.233083 1
33 64 795.708826 1
33 65 763.704270 1
33 66 310.236426 1
33 67 644.313221 1
33 68 394.156785 1
33 69 342.721320 1
33 70 453.519367 1
33 71 289.135867 1
33 72 482.693226 1
33 73 538.603309 1
33 74 864.345003 1
33 75 226.412842 1
33 76 307.991071 1
33 77 603.528217 1
33 78 552.183737 1
33 79 844.860760 1
33 80 471.374176 1
33 81 504.799024 1
33 82 482.696412 1
33 83 902.503414 1
33 84 831.272860 1
33 85 304.449051 1
33 86 766.025349 1
33 87 594.013656 1
33 88 884.025893 1
33 89 488.802868 1
33 90 835.627914 1
33 91 690.128008 1
33 92 343.475713 1
33 93 371.506509 1
33 95 680.129863 1
33 96 409.380929 1
33 97 493.954645 1
33 98 969.929978 1
33 99 607.395081 1
33 100 536.457075 1
33 101 370.869580 1
33 102 390.207781 1
33 103 701.478582 1
33 104 372.305066 1
33 105 416.465351 1
33 106 710.027478 1
33 107 346.836927 1
33 108 419.910702 1
33 109 456.695618 1
33 110 859.926402 1
33 111 546.392379 1
33 112 392.751156 1
33 113 728.255115 1
33 114 686.915685 1
33 115 822.677363 1
33 116 701.604400 1
33 117 445.203215 1
33 118 10.242641 1
33 119 456.403591 1
33 120 624.838733 1
33 121 514.417833 1
33 122 524.152874 1
33 123 464.886740 1
1 34 0 1
95 124 0 1
34 63 210.320825 1
34 64 473.620294 1
34 65 496.551032 1
34 66 392.499483 1
34 67 482.816583 1
34 68 520.985001 1
34 69 379.499911 1
34 70 600.474232 1
34 71 469.698632 1
34 72 337.313136 1
34 73 782.487355 1
34 74 473.005645 1
34 75 476.745792 1
34 76 505.089856 1
34 77 539.090631 1
34 78 520.087352 1
34 79 460.922002 1
34 80 523.539433 1
34 81 850.175362 1
34 82 472.986004 1
34 83 555.836419 1
34 84 562.108582 1
34 85 290.623756 1
34 86 374.781901 1
34 87 359.600126 1
34 88 544.862701 1
34 89 347.508895 1
34 90 493.104135 1
34 91 368.094921 1
34 92 587.165920 1
34 93 598.529861 1
34 94 405.617135 1
34 96 708.141128 1
34 97 415.533660 1
34 98 658.802226 1
34 99 458.300117 1
34 100 253.511988 1
34 101 251.042057 1
34 102 325.777385 1
34 103 319.306094 1
34 104 653.849985 1
34 105 392.699443 1
34 106 507.079394 1
34 107 581.999151 1
34 108 235.209221 1
34 109 525.016649 1
34 110 550.206531 1
34 111 642.453476 1
34 112 693.531174 1
34 113 430.974467 1
34 114 446.825734 1
34 115 505.995127 1
34 116 532.759318 1
34 117 747.991794 1
34 118 529.197136 1
34 119 756.283039 1
34 120 930.077812 1
34 121 11.414214 1
34 122 857.374404 1
34 123 824.416337 1
1 35 0 1
96 124 0 1
35 63 843.392254 1
35 64 1110.778091 1
35 65 1034.202659 1
35 66 489.837588 1
35 67 931.698019 1
35 68 450.774217 1
35 69 585.431909 1
35 70 555.903057 1
35 71 436.864740 1
35 72 763.530768 1
35 73 555.991070 1
35 74 1222.992465 1
35 75 421.215873 1
35 76 385.659754 1
35 77 832.845867 1
35 78 749.847636 1
35 79 1161.750177 1
35 80 687.799961 1
35 81 309.429748 1
35 82 642.620303 1
35 83 1258.368143 1
35 84 1149.324184 1
35 85 606.900379 1
35 86 1113.536336 1
35 87 970.064743 1
35 88 1235.977402 1
35 89 774.206886 1
35 90 1206.155691 1
35 91 1042.808912 1
35 92 319.443362 1
35 93 486.902081 1
35 94 592.946940 1
35 95 986.534317 1
35 97 649.488135 1
35 98 1328.875481 1
35 99 829.500379 1
35 100 803.448643 1
35 101 603.468934 1
35 102 592.756292 1
35 103 1017.844311 1
35 104 373.624640 1
35 105 779.554183 1
35 106 998.038477 1
35 107 324.804193 1
35 108 699.424843 1
35 109 559.132632 1
35 110 1205.231598 1
35 111 679.024195 1
35 112 382.979371 1
35 113 1039.919561 1
35 114 1003.337737 1
35 115 1191.019288 1
35 116 963.945628 1
35 117 389.004603 1
35 118 454.442731 1
35 119 374.119380 1
35 120 497.131136 1
35 121 812.737736 1
35 122 440.952171 1
35 123 5.000000 1
1 36 0 1
97 124 0 1
36 63 318.112080 1
36 64 492.019367 1
36 65 469.421480 1
36 66 366.669613 1
36 67 441.956048 1
36 68 408.619676 1
36 69 314.627219 1
36 70 430.518956 1
36 71 436.456573 1
36 72 358.811923 1
36 73 606.205120 1
36 74 613.760234 1
36 75 476.709494 1
36 76 404.749255 1
36 77 426.023054 1
36 78 390.296946 1
36 79 533.047825 1
36 80 390.501084 1
36 81 708.896988 1
36 82 325.696188 1
36 83 637.604203 1
36 84 569.835893 1
36 85 357.110151 1
36 86 499.969053 1
36 87 438.220195 1
36 88 609.191637 1
36 89 303.644941 1
36 90 558.697866 1
36 91 430.894412 1
36 92 540.123396 1
36 93 454.702900 1
36 94 428.740182 1
36 95 372.517101 1
36 96 610.365634 1
36 98 710.535808 1
36 99 352.195924 1
36 100 331.796459 1
36 101 330.222998 1
36 102 346.187609 1
36 103 459.092847 1
36 104 533.785796 1
36 105 397.731017 1
36 106 456.042701 1
36 107 538.122155 1
36 108 262.173027 1
36 109 467.269767 1
36 110 597.768086 1
36 111 483.043206 1
36 112 585.606469 1
36 113 493.575483 1
36 114 443.113885 1
36 115 566.698297 1
36 116 461.767458 1
36 117 574.963761 1
36 118 562.967797 1
36 119 595.875987 1
36 120 747.782178 1
36 121 308.704810 1
36 122 695.782485 1
36 123 748.233159 1
1 37 0 1
98 124 0 1
37 63 400.803977 1
37 64 392.580604 1
37 65 333.394942 1
37 66 639.883149 1
37 67 18.071068 1
37 68 588.221569 1
37 69 423.313319 1
37 70 441.423622 1
37 71 571.658333 1
37 72 376.091240 1
37 73 647.247939 1
37 74 646.859141 1
37 75 624.914659 1
37 76 608.219440 1
37 77 291.392328 1
37 78 318.053384 1
37 79 535.582492 1
37 80 310.805790 1
37 81 849.488479 1
37 82 383.944935 1
37 83 504.494741 1
37 84 385.893568 1
37 85 483.953842 1
37 86 487.170592 1
37 87 352.109346 1
37 88 541.883961 1
37 89 262.144999 1
37 90 492.724611 1
37 91 375.207260 1
37 92 732.696606 1
37 93 518.403290 1
37 94 497.841087 1
37 95 372.640931 1
37 96 778.878148 1
37 97 432.822121 1
37 99 287.648248 1
37 100 589.842574 1
37 101 545.377527 1
37 102 618.340944 1
37 103 582.658460 1
37 104 692.575652 1
37 105 347.546067 1
37 106 264.728097 1
37 107 796.097762 1
37 108 482.584714 1
37 109 543.387911 1
37 110 383.007625 1
37 111 444.262307 1
37 112 694.929576 1
37 113 423.617049 1
37 114 242.080104 1
37 115 446.953252 1
37 116 303.120658 1
37 117 682.283815 1
37 118 658.551696 1
37 119 720.331344 1
37 120 803.110622 1
37 121 484.282841 1
37 122 789.487135 1
37 123 948.523433 1
1 38 0 1
99 124 0 1
38 63 379.180173 1
38 64 298.127969 1
38 65 12.242641 1
38 66 652.115465 1
38 67 337.234980 1
38 68 682.158292 1
38 69 483.466087 1
38 70 567.775362 1
38 71 650.116370 1
38 72 376.743636 1
38 73 785.971542 1
38 74 494.277303 1
38 75 699.345806 1
38 76 676.369813 1
38 77 408.245519 1
38 78 382.418637 1
38 79 403.930008 1
38 80 457.396694 1
38 81 969.049993 1
38 82 413.979996 1
38 83 362.208062 1
38 84 242.226899 1
38 85 529.454717 1
38 86 391.866254 1
38 87 359.557935 1
38 88 381.497490 1
38 89 349.339075 1
38 90 345.337718 1
38 91 338.911490 1
38 92 814.002784 1
38 93 649.518175 1
38 94 601.400689 1
38 95 333.437645 1
38 96 868.868981 1
38 97 497.841833 1
38 98 350.054584 1
38 100 519.797717 1
38 101 597.799017 1
38 102 618.486117 1
38 103 462.334427 1
38 104 792.279669 1
38 105 452.453119 1
38 106 309.603583 1
38 107 835.244959 1
38 108 467.919411 1
38 109 610.685780 1
38 110 270.119243 1
38 111 581.574442 1
38 112 803.267061 1
38 113 315.653014 1
38 114 256.775924 1
38 115 322.761098 1
38 116 264.350530 1
38 117 818.314877 1
38 118 760.431135 1
38 119 831.108963 1
38 120 952.892695 1
38 121 494.171541 1
38 122 923.848343 1
38 123 1026.153958 1
1 39 0 1
100 124 0 1
39 63 317.085790 1
39 64 413.877827 1
39 65 466.471549 1
39 66 553.646206 1
39 67 588.487058 1
39 68 710.371527 1
39 69 534.600244 1
39 70 759.126582 1
39 71 675.131917 1
39 72 437.865549 1
39 73 956.216318 1
39 74 232.363678 1
39 75 665.870900 1
39 76 686.424721 1
39 77 630.593472 1
39 78 633.799937 1
39 79 327.050734 1
39 80 660.675119 1
39 81 1055.180577 1
39 82 589.230520 1
39 83 427.166733 1
39 84 518.344103 1
39 85 466.224270 1
39 86 271.397521 1
39 87 397.740477 1
39 88 423.792052 1
39 89 469.889893 1
39 90 387.990559 1
39 91 362.303749 1
39 92 796.724167 1
39 93 773.699839 1
39 94 576.827406 1
39 95 300.599100 1
39 96 907.881869 1
39 97 559.948818 1
39 98 591.966877 1
39 99 520.452080 1
39 101 507.538073 1
39 102 451.602044 1
39 103 11.656854 1
39 104 848.795327 1
39 105 515.128876 1
39 106 526.625068 1
39 107 751.990393 1
39 108 378.306468 1
39 109 678.227563 1
39 110 517.091699 1
39 111 787.913082 1
39 112 893.856884 1
39 113 401.682487 1
39 114 478.064879 1
39 115 436.867180 1
39 116 568.488720 1
39 117 943.959391 1
39 118 705.182248 1
39 119 927.649766 1
39 120 1115.539962 1
39 121 319.865268 1
39 122 1051.172796 1
39 123 1012.312807 1
1 40 0 1
101 124 0 1
40 63 414.191751 1
40 64 259.046763 1
40 65 403.314390 1
40 66 733.640460 1
40 67 543.268221 1
40 68 813.821572 1
40 69 641.452337 1
40 70 797.196234 1
40 71 799.737961 1
40 72 505.647506 1
40 73 999.050365 1
40 74 306.511846 1
40 75 817.342444 1
40 76 823.472168 1
40 77 605.205225 1
40 78 609.366062 1
40 79 10.242641 1
40 80 682.740374 1
40 81 1166.080692 1
40 82 643.578758 1
40 83 276.830408 1
40 84 395.319584 1
40 85 609.170987 1
40 86 225.646552 1
40 87 392.953601 1
40 88 343.380644 1
40 89 511.928467 1
40 90 277.990602 1
40 91 318.186266 1
40 92 957.011226 1
40 93 847.696565 1
40 94 691.119538 1
40 95 318.292770 1
40 96 1036.887064 1
40 97 624.518945 1
40 98 423.833279 1
40 99 521.649886 1
40 100 464.703472 1
40 102 634.074213 1
40 103 332.862824 1
40 104 958.235523 1
40 105 567.358396 1
40 106 439.215729 1
40 107 935.639759 1
40 108 533.883143 1
40 109 797.089261 1
40 110 372.084992 1
40 111 799.180036 1
40 112 1004.265824 1
40 113 408.077972 1
40 114 402.375142 1
40 115 236.373656 1
40 116 463.422786 1
40 117 1026.188787 1
40 118 858.811673 1
40 119 1014.509434 1
40 120 1180.658872 1
40 121 475.319873 1
40 122 1141.322852 1
40 123 1171.054421 1
1 41 0 1
102 124 0 1
41 63 485.002168 1
41 64 731.712776 1
41 65 652.651712 1
41 66 248.673045 1
41 67 552.963244 1
41 68 274.473888 1
41 69 234.629433 1
41 70 335.291841 1
41 71 10.000000 1
41 72 372.143559 1
41 73 451.903411 1
41 74 866.711834 1
41 75 235.606387 1
41 76 237.006409 1
41 77 514.993953 1
41 78 452.107761 1
41 79 784.219919 1
41 80 371.392581 1
41 81 413.579159 1
41 82 344.734421 1
41 83 889.569716 1
41 84 797.760412 1
41 85 293.156691 1
41 86 737.486765 1
41 87 589.358280 1
41 88 874.105311 1
41 89 392.489138 1
41 90 826.311360 1
41 91 664.434241 1
41 92 248.401398 1
41 93 281.988554 1
41 94 304.352646 1
41 95 607.491283 1
41 96 314.836748 1
41 97 378.014270 1
41 98 938.616060 1
41 99 475.073300 1
41 100 471.720393 1
41 101 265.792729 1
41 103 673.541878 1
41 104 285.794838 1
41 105 429.323006 1
41 106 630.775824 1
41 107 301.833851 1
41 108 346.076376 1
41 109 401.701169 1
41 110 812.713309 1
41 111 451.494961 1
41 112 259.931056 1
41 113 668.649924 1
41 114 624.474135 1
41 115 796.911095 1
41 116 642.183495 1
41 117 355.430425 1
41 118 286.406670 1
41 119 375.418719 1
41 120 520.149970 1
41 121 453.636683 1
41 122 438.785708 1
41 123 446.443995 1
1 42 0 1
103 124 0 1
42 63 447.905675 1
42 64 419.149313 1
42 65 487.516450 1
42 66 767.127349 1
42 67 655.154281 1
42 68 898.399498 1
42 69 718.643946 1
42 70 914.276460 1
42 71 872.192593 1
42 72 558.429750 1
42 73 1116.019386 1
42 74 7.242641 1
42 75 864.459470 1
42 76 885.623131 1
42 77 741.595970 1
42 78 745.223514 1
42 79 303.662649 1
42 80 794.299916 1
42 81 1245.689663 1
42 82 743.917180 1
42 83 297.102975 1
42 84 480.279007 1
42 85 652.899578 1
42 86 271.464935 1
42 87 427.244853 1
42 88 308.404341 1
42 89 605.023560 1
42 90 322.113735 1
42 91 373.515789 1
42 92 1003.204904 1
42 93 945.495592 1
42 94 718.984785 1
42 95 357.523111 1
42 96 1106.453807 1
42 97 719.014955 1
42 98 481.230972 1
42 99 633.032068 1
42 100 442.634316 1
42 101 686.352075 1
42 102 663.076338 1
42 104 1039.055471 1
42 105 616.667177 1
42 106 579.042009 1
42 107 966.432170 1
42 108 567.671642 1
42 109 838.129553 1
42 110 452.344746 1
42 111 928.204340 1
42 112 1083.889293 1
42 113 385.391765 1
42 114 515.733425 1
42 115 395.557507 1
42 116 608.442258 1
42 117 1121.170327 1
42 118 868.822658 1
42 119 1105.593430 1
42 120 1284.125553 1
42 121 479.847814 1
42 122 1230.078913 1
42 123 1220.813470 1
1 43 0 1
104 124 0 1
43 63 487.600507 1
43 64 692.286094 1
43 65 622.981172 1
43 66 437.749919 1
43 67 531.586906 1
43 68 256.141551 1
43 69 315.631111 1
43 70 430.107841 1
43 71 391.953879 1
43 72 334.808949 1
43 73 530.504419 1
43 74 844.282511 1
43 75 388.642422 1
43 76 367.733139 1
43 77 500.995015 1
43 78 495.477517 1
43 79 790.491668 1
43 80 402.146584 1
43 81 444.870406 1
43 82 416.980252 1
43 83 826.739511 1
43 84 752.816466 1
43 85 383.151578 1
43 86 731.579388 1
43 87 548.576046 1
43 88 826.107833 1
43 89 381.481096 1
43 90 781.600638 1
43 91 617.330368 1
43 92 413.128614 1
43 93 351.256379 1
43 94 411.324198 1
43 95 584.610441 1
43 96 435.311114 1
43 97 396.593929 1
43 98 891.126893 1
43 99 478.868952 1
43 100 564.214961 1
43 101 428.764578 1
43 102 514.714787 1
43 103 671.505224 1
43 105 437.459032 1
43 106 587.624768 1
43 107 497.713602 1
43 108 448.076721 1
43 109 15.497365 1
43 110 760.332720 1
43 111 471.708368 1
43 112 478.297171 1
43 113 601.107153 1
43 114 569.905014 1
43 115 791.217060 1
43 116 633.063545 1
43 117 433.439821 1
43 118 443.526250 1
43 119 478.787229 1
43 120 575.391145 1
43 121 508.962742 1
43 122 536.343620 1
43 123 547.032859 1
1 44 0 1
105 124 0 1
44 63 366.898313 1
44 64 615.328740 1
44 65 604.330929 1
44 66 327.327682 1
44 67 483.989408 1
44 68 416.639102 1
44 69 244.831027 1
44 70 398.652295 1
44 71 313.896289 1
44 72 362.492099 1
44 73 515.818255 1
44 74 712.762883 1
44 75 261.489430 1
44 76 323.850903 1
44 77 446.491287 1
44 78 441.785049 1
44 79 675.844147 1
44 80 359.544295 1
44 81 605.365127 1
44 82 376.735967 1
44 83 721.148668 1
44 84 674.059269 1
44 85 216.961267 1
44 86 604.791701 1
44 87 402.858824 1
44 88 727.791364 1
44 89 336.990736 1
44 90 659.980188 1
44 91 511.340347 1
44 92 418.714546 1
44 93 353.581240 1
44 94 10.828427 1
44 95 516.303026 1
44 96 513.336583 1
44 97 378.338373 1
44 98 794.934525 1
44 99 460.939609 1
44 100 443.246635 1
44 101 330.807780 1
44 102 374.924171 1
44 103 570.197436 1
44 104 434.377773 1
44 106 529.622153 1
44 107 426.081657 1
44 108 315.960740 1
44 109 428.324809 1
44 110 678.044553 1
44 111 438.051539 1
44 112 469.749417 1
44 113 558.360046 1
44 114 504.661837 1
44 115 649.715471 1
44 116 553.040480 1
44 117 499.965669 1
44 118 230.857705 1
44 119 498.966334 1
44 120 659.935328 1
44 121 392.010235 1
44 122 586.699382 1
44 123 603.928645 1
1 45 0 1
106 124 0 1
45 63 439.405980 1
45 64 426.042903 1
45 65 407.693267 1
45 66 574.608768 1
45 67 279.793107 1
45 68 518.871929 1
45 69 398.324314 1
45 70 398.512283 1
45 71 526.648776 1
45 72 385.399525 1
45 73 464.516649 1
45 74 734.819944 1
45 75 538.503542 1
45 76 530.887298 1
45 77 15.414214 1
45 78 327.180250 1
45 79 592.542825 1
45 80 263.915850 1
45 81 750.504257 1
45 82 360.298295 1
45 83 608.022708 1
45 84 504.771991 1
45 85 452.194138 1
45 86 575.427500 1
45 87 389.717417 1
45 88 635.664099 1
45 89 279.455341 1
45 90 576.674926 1
45 91 452.046594 1
45 92 656.430532 1
45 93 433.544585 1
45 94 453.817600 1
45 95 479.536637 1
45 96 686.578635 1
45 97 381.840161 1
45 98 628.253444 1
45 99 321.124641 1
45 100 586.726943 1
45 101 534.013879 1
45 102 590.849378 1
45 103 625.408255 1
45 104 614.332111 1
45 105 328.491887 1
45 107 700.931812 1
45 108 477.679486 1
45 109 514.621547 1
45 110 520.589160 1
45 111 243.712853 1
45 112 622.062803 1
45 113 493.959312 1
45 114 338.542575 1
45 115 550.990664 1
45 116 387.502871 1
45 117 602.486621 1
45 118 612.735996 1
45 119 556.241166 1
45 120 700.933705 1
45 121 535.274500 1
45 122 693.956491 1
45 123 848.357730 1
1 46 0 1
107 124 0 1
46 63 437.103419 1
46 64 712.901607 1
46 65 666.475138 1
46 66 9.414214 1
46 67 634.681052 1
46 68 343.649934 1
46 69 257.857095 1
46 70 435.150889 1
46 71 253.371493 1
46 72 419.670124 1
46 73 577.270765 1
46 74 776.361437 1
46 75 273.889505 1
46 76 215.418013 1
46 77 571.292058 1
46 78 501.092431 1
46 79 730.443530 1
46 80 462.720985 1
46 81 545.818788 1
46 82 378.759639 1
46 83 851.225309 1
46 84 792.108165 1
46 85 259.846915 1
46 86 677.790537 1
46 87 579.087699 1
46 88 829.149307 1
46 89 430.116132 1
46 90 784.256521 1
46 91 640.784687 1
46 92 334.748168 1
46 93 390.684512 1
46 94 333.953352 1
46 95 576.608926 1
46 96 400.464213 1
46 97 362.905519 1
46 98 945.202982 1
46 99 498.961449 1
46 100 344.437906 1
46 101 277.449151 1
46 102 226.944639 1
46 103 566.680613 1
46 104 393.479058 1
46 105 468.427367 1
46 106 659.553062 1
46 108 258.081655 1
46 109 454.299634 1
46 110 823.042807 1
46 111 539.367259 1
46 112 415.989946 1
46 113 641.222977 1
46 114 644.472218 1
46 115 775.874352 1
46 116 651.458639 1
46 117 477.665963 1
46 118 317.908503 1
46 119 476.392590 1
46 120 671.767624 1
46 121 388.003262 1
46 122 580.747458 1
46 123 486.545257 1
1 47 0 1
108 124 0 1
47 63 459.064169 1
47 64 312.504833 1
47 65 348.262605 1
47 66 842.535154 1
47 67 502.285972 1
47 68 896.611945 1
47 69 716.843484 1
47 70 837.888725 1
47 71 892.085702 1
47 72 542.542093 1
47 73 1031.804466 1
47 74 302.731955 1
47 75 890.377479 1
47 76 902.694020 1
47 77 611.606316 1
47 78 631.002972 1
47 79 282.663707 1
47 80 697.203639 1
47 81 1220.766228 1
47 82 688.860359 1
47 83 14.478709 1
47 84 280.289942 1
47 85 682.852403 1
47 86 285.822205 1
47 87 357.131623 1
47 88 220.789602 1
47 89 543.367909 1
47 90 213.758586 1
47 91 282.961928 1
47 92 1040.638671 1
47 93 889.758746 1
47 94 723.924062 1
47 95 341.024876 1
47 96 1108.157004 1
47 97 686.562031 1
47 98 239.369960 1
47 99 527.319125 1
47 100 594.679561 1
47 101 755.932830 1
47 102 752.931923 1
47 103 422.670024 1
47 104 1021.081192 1
47 105 560.597331 1
47 106 434.948125 1
47 107 1038.694780 1
47 109 817.712949 1
47 110 236.166338 1
47 111 820.787736 1
47 112 1075.216628 1
47 113 231.432367 1
47 114 350.993457 1
47 115 230.449510 1
47 116 434.464371 1
47 117 1078.580600 1
47 118 903.963436 1
47 119 1072.355681 1
47 120 1215.170874 1
47 121 560.599817 1
47 122 1187.214032 1
47 123 1255.539174 1
1 48 0 1
109 124 0 1
48 63 265.074503 1
48 64 311.591006 1
48 65 357.642357 1
48 66 581.483983 1
48 67 360.343210 1
48 68 643.504626 1
48 69 438.730174 1
48 70 587.939111 1
48 71 607.644226 1
48 72 286.729694 1
48 73 768.757205 1
48 74 415.318673 1
48 75 610.366988 1
48 76 632.023341 1
48 77 404.086382 1
48 78 435.845096 1
48 79 380.294669 1
48 80 456.318255 1
48 81 942.166611 1
48 82 469.051890 1
48 83 350.345670 1
48 84 392.751291 1
48 85 414.936251 1
48 86 332.595290 1
48 87 14.828427 1
48 88 416.268273 1
48 89 287.697048 1
48 90 324.515001 1
48 91 213.801109 1
48 92 760.320144 1
48 93 623.273008 1
48 94 420.296091 1
48 95 258.766663 1
48 96 839.507858 1
48 97 470.154790 1
48 98 427.818639 1
48 99 397.063728 1
48 100 449.047454 1
48 101 506.789642 1
48 102 531.704106 1
48 103 388.342426 1
48 104 743.405089 1
48 105 238.181757 1
48 106 306.346931 1
48 107 771.415704 1
48 108 394.802301 1
48 110 323.010821 1
48 111 572.865364 1
48 112 787.889415 1
48 113 292.664298 1
48 114 248.043225 1
48 115 322.552097 1
48 116 411.670628 1
48 117 805.653238 1
48 118 610.702270 1
48 119 810.390050 1
48 120 948.546384 1
48 121 363.059271 1
48 122 906.394856 1
48 123 982.726025 1
1 49 0 1
110 124 0 1
49 63 239.524756 1
49 64 252.076505 1
49 65 338.843647 1
49 66 642.501049 1
49 67 381.182190 1
49 68 690.423621 1
49 69 507.804222 1
49 70 662.395232 1
49 71 679.985095 1
49 72 335.148528 1
49 73 849.925686 1
49 74 371.238193 1
49 75 685.893005 1
49 76 694.803608 1
49 77 463.071567 1
49 78 486.141265 1
49 79 315.278084 1
49 80 520.147640 1
49 81 1016.413478 1
49 82 526.907820 1
49 83 280.934977 1
49 84 313.683324 1
49 85 485.110115 1
49 86 265.627237 1
49 87 219.918042 1
49 88 350.264936 1
49 89 345.764843 1
49 90 260.454174 1
49 91 9.828427 1
49 92 834.725015 1
49 93 691.510529 1
49 94 525.110018 1
49 95 227.299190 1
49 96 905.972467 1
49 97 497.310484 1
49 98 362.293162 1
49 99 420.272887 1
49 100 457.714552 1
49 101 554.939241 1
49 102 566.232876 1
49 103 360.188837 1
49 104 814.704072 1
49 105 377.326757 1
49 106 328.431751 1
49 107 840.499687 1
49 108 419.960606 1
49 109 621.637426 1
49 111 653.590687 1
49 112 867.368012 1
49 113 295.019306 1
49 114 240.056838 1
49 115 288.700364 1
49 116 379.711060 1
49 117 879.386349 1
49 118 702.823414 1
49 119 886.623705 1
49 120 1027.045139 1
49 121 380.662698 1
49 122 989.681558 1
49 123 1052.762810 1
1 50 0 1
111 124 0 1
50 63 736.911641 1
50 64 856.724023 1
50 65 792.210479 1
50 66 577.746598 1
50 67 629.353384 1
50 68 463.778903 1
50 69 486.893666 1
50 70 365.098819 1
50 71 449.411902 1
50 72 626.216718 1
50 73 10.242641 1
50 74 1115.359122 1
50 75 505.059011 1
50 76 435.363610 1
50 77 444.857942 1
50 78 507.328833 1
50 79 990.269525 1
50 80 410.163905 1
50 81 388.701148 1
50 82 462.908452 1
50 83 1035.789534 1
50 84 890.365678 1
50 85 594.663199 1
50 86 962.267915 1
50 87 752.873525 1
50 88 1036.437740 1
50 89 556.516751 1
50 90 992.599936 1
50 91 840.579953 1
50 92 499.648603 1
50 93 318.611923 1
50 94 508.782703 1
50 95 832.695069 1
50 96 436.583322 1
50 97 465.397298 1
50 98 1059.458171 1
50 99 599.227046 1
50 100 805.082348 1
50 101 625.898351 1
50 102 674.124238 1
50 103 957.440138 1
50 104 420.386079 1
50 105 566.706289 1
50 106 665.453948 1
50 107 568.046618 1
50 108 652.431328 1
50 109 542.695843 1
50 110 942.401103 1
50 112 375.331524 1
50 113 854.793880 1
50 114 740.917438 1
50 115 966.845716 1
50 116 701.795946 1
50 117 308.625078 1
50 118 533.148409 1
50 119 237.231615 1
50 120 322.597784 1
50 121 773.442391 1
50 122 349.567514 1
50 123 563.221506 1
1 51 0 1
112 124 0 1
51 63 843.719655 1
51 64 1033.109325 1
51 65 932.078428 1
51 66 579.376371 1
51 67 774.195190 1
51 68 475.292748 1
51 69 540.779962 1
51 70 435.324337 1
51 71 428.140126 1
51 72 699.909500 1
51 73 351.837785 1
51 74 1230.371958 1
51 75 493.161043 1
51 76 422.721425 1
51 77 679.171158 1
51 78 626.321522 1
51 79 1132.879109 1
51 80 526.522600 1
51 81 267.616283 1
51 82 561.587768 1
51 83 1193.633132 1
51 84 1038.612241 1
51 85 653.070152 1
51 86 1087.893342 1
51 87 892.013978 1
51 88 1177.507582 1
51 89 667.858338 1
51 90 1135.399064 1
51 91 981.526304 1
51 92 419.520405 1
51 93 342.805941 1
51 94 575.076483 1
51 95 947.821883 1
51 96 353.439831 1
51 97 577.032872 1
51 98 1211.345280 1
51 99 726.523857 1
51 100 868.921471 1
51 101 642.958610 1
51 102 695.448726 1
51 103 1053.071002 1
51 104 368.596580 1
51 105 684.977785 1
51 106 869.440067 1
51 107 517.869852 1
51 108 725.164364 1
51 109 549.038797 1
51 110 1089.946553 1
51 111 480.430258 1
51 113 981.133705 1
51 114 882.050314 1
51 115 1104.852189 1
51 116 839.320912 1
51 117 236.677317 1
51 118 513.648037 1
51 119 328.820015 1
51 120 204.691755 1
51 121 846.287483 1
51 122 4.414214 1
51 123 440.886163 1
1 52 0 1
113 124 0 1
52 63 443.054113 1
52 64 557.621578 1
52 65 461.010291 1
52 66 462.465552 1
52 67 290.283624 1
52 68 425.677216 1
52 69 246.267054 1
52 70 228.424733 1
52 71 376.326823 1
52 72 333.259072 1
52 73 415.052888 1
52 74 793.098774 1
52 75 415.372323 1
52 76 367.685750 1
52 77 252.302159 1
52 78 253.166173 1
52 79 673.561174 1
52 80 11.414214 1
52 81 581.290130 1
52 82 250.713290 1
52 83 701.243708 1
52 84 572.216558 1
52 85 375.391436 1
52 86 637.017959 1
52 87 440.905430 1
52 88 710.652525 1
52 89 214.440813 1
52 90 662.061024 1
52 91 512.854399 1
52 92 516.703194 1
52 93 229.102420 1
52 94 355.682062 1
52 95 503.759261 1
52 96 522.009897 1
52 97 290.698330 1
52 98 720.374784 1
52 99 292.700783 1
52 100 568.117036 1
52 101 463.909812 1
52 102 522.541132 1
52 103 660.526553 1
52 104 447.109452 1
52 105 305.237989 1
52 106 392.891139 1
52 107 575.778728 1
52 108 414.162924 1
52 109 410.404782 1
52 110 589.771722 1
52 111 277.303723 1
52 112 466.882423 1
52 114 375.879196 1
52 115 629.029018 1
52 116 414.922930 1
52 117 421.626744 1
52 118 473.718127 1
52 119 477.409800 1
52 120 549.273853 1
52 121 515.388261 1
52 122 531.330927 1
52 123 695.529410 1
1 53 0 1
114 124 0 1
53 63 426.599158 1
53 64 291.771111 1
53 65 258.396089 1
53 66 810.420060 1
53 67 386.624175 1
53 68 826.664270 1
53 69 634.533831 1
53 70 729.302212 1
53 71 813.308758 1
53 72 474.777219 1
53 73 938.021020 1
53 74 452.212935 1
53 75 835.898421 1
53 76 846.215758 1
53 77 522.640228 1
53 78 533.650241 1
53 79 375.427346 1
53 80 585.433277 1
53 81 1131.410010 1
53 82 585.933084 1
53 83 247.434081 1
53 84 251.446517 1
53 85 638.797460 1
53 86 364.210196 1
53 87 322.400637 1
53 88 338.439570 1
53 89 444.973836 1
53 90 263.187966 1
53 91 249.730002 1
53 92 982.138954 1
53 93 794.630468 1
53 94 677.606477 1
53 95 341.228472 1
53 96 1040.960297 1
53 97 630.586482 1
53 98 214.921470 1
53 99 421.544673 1
53 100 632.618294 1
53 101 716.889024 1
53 102 743.679761 1
53 103 509.332034 1
53 104 945.954002 1
53 105 491.981514 1
53 106 351.547986 1
53 107 1005.008199 1
53 108 594.576961 1
53 109 748.703094 1
53 110 15.000000 1
53 111 724.378266 1
53 112 974.913759 1
53 113 321.843735 1
53 115 239.567331 1
53 116 356.277038 1
53 117 977.084327 1
53 118 859.479635 1
53 119 998.620571 1
53 120 1104.080536 1
53 121 551.883807 1
53 122 1081.856344 1
53 123 1198.669638 1
1 54 0 1
115 124 0 1
54 63 361.491699 1
54 64 316.895750 1
54 65 387.514300 1
54 66 683.176715 1
54 67 493.281107 1
54 68 765.997980 1
54 69 598.151551 1
54 70 769.407979 1
54 71 754.211909 1
54 72 460.579726 1
54 73 970.631036 1
54 74 276.498311 1
54 75 769.041272 1
54 76 774.885618 1
54 77 585.732231 1
54 78 601.319222 1
54 79 220.749542 1
54 80 645.080287 1
54 81 1121.842376 1
54 82 625.462554 1
54 83 275.985566 1
54 84 385.906090 1
54 85 560.538720 1
54 86 17.071068 1
54 87 345.080727 1
54 88 344.336515 1
54 89 466.310209 1
54 90 267.299547 1
54 91 269.318064 1
54 92 902.192106 1
54 93 803.124051 1
54 94 620.230607 1
54 95 274.240815 1
54 96 988.370068 1
54 97 580.296074 1
54 98 418.987407 1
54 99 502.334784 1
54 100 407.328428 1
54 101 595.821131 1
54 102 590.616998 1
54 103 274.000139 1
54 104 912.983959 1
54 105 504.854563 1
54 106 432.365434 1
54 107 884.752979 1
54 108 477.245068 1
54 109 740.191502 1
54 110 359.535115 1
54 111 775.641989 1
54 112 963.612146 1
54 113 388.448622 1
54 114 379.243310 1
54 116 470.688217 1
54 117 984.544534 1
54 118 781.227978 1
54 119 984.957378 1
54 120 1145.241478 1
54 121 393.110630 1
54 122 1096.581673 1
54 123 1123.807706 1
1 55 0 1
116 124 0 1
55 63 458.555789 1
55 64 311.246621 1
55 65 244.054057 1
55 66 784.416588 1
55 67 388.822314 1
55 68 824.101617 1
55 69 625.343187 1
55 70 666.584540 1
55 71 799.820833 1
55 72 496.291858 1
55 73 887.977529 1
55 74 486.876562 1
55 75 837.327197 1
55 76 804.290611 1
55 77 509.806850 1
55 78 446.934070 1
55 79 402.702054 1
55 80 568.568292 1
55 81 1084.994642 1
55 82 544.501314 1
55 83 297.337949 1
55 84 11.656854 1
55 85 647.639578 1
55 86 394.009256 1
55 87 399.436131 1
55 88 298.370210 1
55 89 466.476274 1
55 90 290.184360 1
55 91 321.815264 1
55 92 960.038858 1
55 93 757.009975 1
55 94 674.082831 1
55 95 368.530129 1
55 96 989.433219 1
55 97 596.504483 1
55 98 256.034852 1
55 99 384.535009 1
55 100 612.355983 1
55 101 718.278895 1
55 102 738.721436 1
55 103 521.509110 1
55 104 920.704405 1
55 105 508.476133 1
55 106 380.077303 1
55 107 961.944777 1
55 108 594.636418 1
55 109 749.246281 1
55 110 258.471650 1
55 111 682.810631 1
55 112 942.974354 1
55 113 360.876123 1
55 114 306.487652 1
55 115 296.771954 1
55 117 924.722168 1
55 118 830.712793 1
55 119 952.296073 1
55 120 1055.727396 1
55 121 567.984288 1
55 122 1032.172924 1
55 123 1144.867610 1
1 56 0 1
117 124 0 1
56 63 559.183932 1
56 64 692.404441 1
56 65 585.731346 1
56 66 435.001574 1
56 67 438.436048 1
56 68 362.467300 1
56 69 305.136899 1
56 70 10.000000 1
56 71 336.682172 1
56 72 456.425483 1
56 73 362.559638 1
56 74 923.829074 1
56 75 404.115046 1
56 76 324.630248 1
56 77 396.136344 1
56 78 234.264899 1
56 79 799.583927 1
56 80 230.443692 1
56 81 437.247926 1
56 82 240.038451 1
56 83 854.839551 1
56 84 684.262578 1
56 85 434.153634 1
56 86 772.287665 1
56 87 585.499502 1
56 88 834.142957 1
56 89 356.982546 1
56 90 798.964845 1
56 91 666.121632 1
56 92 440.376018 1
56 93 225.252810 1
56 94 398.337226 1
56 95 630.226437 1
56 96 376.938422 1
56 97 318.596019 1
56 98 867.590621 1
56 99 377.945433 1
56 100 621.346594 1
56 101 468.384491 1
56 102 513.965493 1
56 103 768.790111 1
56 104 366.770036 1
56 105 414.286103 1
56 106 538.622876 1
56 107 483.712176 1
56 108 477.010594 1
56 109 444.067599 1
56 110 746.364697 1
56 111 318.925238 1
56 112 361.990946 1
56 113 655.652665 1
56 114 542.279700 1
56 115 768.699773 1
56 116 471.688314 1
56 118 450.182557 1
56 119 367.285289 1
56 120 415.418176 1
56 121 598.915673 1
56 122 429.720597 1
56 123 551.846084 1
1 57 0 1
118 124 0 1
57 63 426.594014 1
57 64 282.464675 1
57 65 320.903924 1
57 66 774.511735 1
57 67 465.293602 1
57 68 832.875002 1
57 69 635.345252 1
57 70 767.935910 1
57 71 812.417345 1
57 72 504.877030 1
57 73 975.998356 1
57 74 388.272803 1
57 75 833.893542 1
57 76 842.372387 1
57 77 564.897544 1
57 78 568.576596 1
57 79 237.275770 1
57 80 641.375200 1
57 81 1156.211128 1
57 82 610.269007 1
57 83 224.547153 1
57 84 286.683029 1
57 85 625.658492 1
57 86 263.687422 1
57 87 331.629970 1
57 88 360.689415 1
57 89 480.477900 1
57 90 223.685540 1
57 91 294.528965 1
57 92 980.911362 1
57 93 829.415961 1
57 94 660.743928 1
57 95 342.048783 1
57 96 1051.303861 1
57 97 636.600683 1
57 98 283.610920 1
57 99 457.831046 1
57 100 551.018564 1
57 101 689.704357 1
57 102 698.266366 1
57 103 427.869833 1
57 104 959.222827 1
57 105 499.988927 1
57 106 396.133725 1
57 107 978.670496 1
57 108 570.546051 1
57 109 795.909654 1
57 110 238.933558 1
57 111 764.243810 1
57 112 993.592748 1
57 113 415.311247 1
57 114 309.440294 1
57 115 27.661214 1
57 116 377.221937 1
57 117 1008.826368 1
57 119 1020.380219 1
57 120 1145.601427 1
57 121 518.760931 1
57 122 1112.328419 1
57 123 1195.751949 1
1 58 0 1
119 124 0 1
58 63 435.185886 1
58 64 548.380277 1
58 65 435.479826 1
58 66 371.368836 1
58 67 381.160443 1
58 68 404.880195 1
58 69 229.179412 1
58 70 230.849941 1
58 71 340.041263 1
58 72 359.201725 1
58 73 457.418311 1
58 74 756.161622 1
58 75 395.633423 1
58 76 305.459717 1
58 77 356.972304 1
58 78 231.033879 1
58 79 647.262139 1
58 80 246.613108 1
58 81 572.196347 1
58 82 12.242641 1
58 83 708.436376 1
58 84 561.993635 1
58 85 348.936414 1
58 86 628.173873 1
58 87 469.320569 1
58 88 690.851505 1
58 89 246.284602 1
58 90 644.385521 1
58 91 530.796069 1
58 92 459.225455 1
58 93 303.118897 1
58 94 375.389014 1
58 95 474.126834 1
58 96 471.158968 1
58 97 249.548889 1
58 98 735.261707 1
58 99 230.747997 1
58 100 465.827542 1
58 101 397.989170 1
58 102 414.746961 1
58 103 599.666600 1
58 104 430.747699 1
58 105 339.448056 1
58 106 457.690875 1
58 107 476.791654 1
58 108 360.345015 1
58 109 431.328445 1
58 110 605.512593 1
58 111 341.784786 1
58 112 439.613822 1
58 113 505.261804 1
58 114 400.360834 1
58 115 614.048605 1
58 116 371.109331 1
58 117 436.512334 1
58 118 479.432828 1
58 120 585.762252 1
58 121 471.223429 1
58 122 554.376523 1
58 123 634.130015 1
1 59 0 1
120 124 0 1
59 63 383.646691 1
59 64 572.353757 1
59 65 508.580099 1
59 66 360.841150 1
59 67 418.370951 1
59 68 360.981599 1
59 69 269.885877 1
59 70 311.160660 1
59 71 379.970884 1
59 72 363.206564 1
59 73 459.382677 1
59 74 726.024432 1
59 75 416.549947 1
59 76 318.675401 1
59 77 372.758819 1
59 78 313.436491 1
59 79 623.001065 1
59 80 284.848379 1
59 81 586.493784 1
59 82 250.382884 1
59 83 695.307669 1
59 84 600.463007 1
59 85 343.955816 1
59 86 579.014782 1
59 87 466.069105 1
59 88 690.132137 1
59 89 296.747662 1
59 90 647.477893 1
59 91 494.591092 1
59 92 477.054803 1
59 93 328.358744 1
59 94 378.248975 1
59 95 448.722290 1
59 96 494.321108 1
59 97 8.242641 1
59 98 771.937885 1
59 99 359.665650 1
59 100 430.094026 1
59 101 367.572914 1
59 102 356.924730 1
59 103 569.488591 1
59 104 422.939745 1
59 105 363.128624 1
59 106 465.554207 1
59 107 481.331944 1
59 108 315.806577 1
59 109 407.198168 1
59 110 640.321948 1
59 111 350.330650 1
59 112 508.382480 1
59 113 507.559637 1
59 114 448.064616 1
59 115 638.368786 1
59 116 433.400013 1
59 117 458.406604 1
59 118 495.749074 1
59 119 466.016731 1
59 121 413.567539 1
59 122 574.065044 1
59 123 649.294627 1
1 60 0 1
121 124 0 1
60 63 358.837897 1
60 64 611.204983 1
60 65 601.279840 1
60 66 277.390061 1
60 67 534.065046 1
60 68 348.536900 1
60 69 293.672299 1
60 70 469.516747 1
60 71 276.867191 1
60 72 365.153638 1
60 73 631.414284 1
60 74 681.316940 1
60 75 286.374609 1
60 76 357.220931 1
60 77 529.090789 1
60 78 476.514327 1
60 79 636.829686 1
60 80 466.608935 1
60 81 646.444381 1
60 82 399.900361 1
60 83 752.677385 1
60 84 714.514775 1
60 85 238.162643 1
60 86 579.600262 1
60 87 495.559394 1
60 88 740.787306 1
60 89 367.204430 1
60 90 690.046097 1
60 91 541.771013 1
60 92 361.465901 1
60 93 459.522084 1
60 94 337.872372 1
60 95 445.057915 1
60 96 513.204435 1
60 97 366.064078 1
60 98 834.647269 1
60 99 478.055406 1
60 100 335.683353 1
60 101 7.000000 1
60 102 256.917362 1
60 103 508.160708 1
60 104 469.664938 1
60 105 414.106082 1
60 106 575.542515 1
60 107 409.318915 1
60 108 264.228574 1
60 109 447.436573 1
60 110 717.396307 1
60 111 550.270626 1
60 112 474.443533 1
60 113 563.879518 1
60 114 555.969052 1
60 115 677.177593 1
60 116 597.222522 1
60 117 569.765863 1
60 118 379.855317 1
60 119 581.570404 1
60 120 743.453043 1
60 122 651.866991 1
60 123 612.221264 1
1 61 0 1
122 124 0 1
61 63 902.682093 1
61 64 1061.015550 1
61 65 962.910256 1
61 66 674.076433 1
61 67 788.407078 1
61 68 533.104588 1
61 69 607.338788 1
61 70 421.784397 1
61 71 513.436727 1
61 72 754.248459 1
61 73 322.771788 1
61 74 1287.087792 1
61 75 576.126633 1
61 76 501.882883 1
61 77 687.552568 1
61 78 626.222518 1
61 79 1175.062152 1
61 80 545.350155 1
61 81 260.192131 1
61 82 594.766259 1
61 83 1224.241144 1
61 84 1065.045832 1
61 85 725.680977 1
61 86 1139.936329 1
61 87 936.690267 1
61 88 1221.100784 1
61 89 708.801471 1
61 90 1177.089346 1
61 91 1021.659466 1
61 92 501.701476 1
61 93 387.674285 1
61 94 652.276197 1
61 95 993.740163 1
61 96 389.960949 1
61 97 614.376095 1
61 98 1233.855531 1
61 99 754.507252 1
61 100 948.439332 1
61 101 737.938165 1
61 102 779.320352 1
61 103 1120.106439 1
61 104 434.672570 1
61 105 734.755598 1
61 106 886.006408 1
61 107 610.680602 1
61 108 798.175045 1
61 109 589.298269 1
61 110 1114.555696 1
61 111 476.080328 1
61 112 322.325695 1
61 113 1017.880310 1
61 114 905.055366 1
61 115 1140.578536 1
61 116 852.006539 1
61 117 258.714899 1
61 118 616.821563 1
61 119 332.699167 1
61 120 0.000000 1
61 121 921.821401 1
61 123 499.283368 1
1 62 0 1
123 124 0 1
62 63 370.121435 1
62 64 645.202653 1
62 65 626.835923 1
62 66 222.128421 1
62 67 610.736716 1
62 68 426.115197 1
62 69 319.776369 1
62 70 506.484928 1
62 71 315.906346 1
62 72 412.014657 1
62 73 667.607954 1
62 74 674.746549 1
62 75 344.375209 1
62 76 374.137274 1
62 77 582.625489 1
62 78 515.884130 1
62 79 631.323403 1
62 80 517.744668 1
62 81 653.855422 1
62 82 411.035320 1
62 83 761.217046 1
62 84 743.092496 1
62 85 279.276293 1
62 86 586.236661 1
62 87 527.963044 1
62 88 750.505891 1
62 89 428.137086 1
62 90 702.194070 1
62 91 564.047490 1
62 92 434.528891 1
62 93 503.648599 1
62 94 377.585948 1
62 95 497.179016 1
62 96 519.795370 1
62 97 346.309538 1
62 98 873.390070 1
62 99 508.512465 1
62 100 252.011098 1
62 101 255.398150 1
62 102 11.242641 1
62 103 466.974369 1
62 104 481.862525 1
62 105 455.604747 1
62 106 627.628688 1
62 107 362.119142 1
62 108 251.750152 1
62 109 523.793955 1
62 110 753.865284 1
62 111 601.248107 1
62 112 528.243130 1
62 113 574.910242 1
62 114 598.462047 1
62 115 702.034775 1
62 116 625.748434 1
62 117 598.914642 1
62 118 393.319612 1
62 119 594.232165 1
62 120 771.254448 1
62 121 324.679945 1
62 122 691.604220 1

