20
19 8
29 23 14 31 27 10 28 6 22 8 13 40 21 2 23 11 2 48 47 
19 4
0 24 42 4 11 35 50 24 11 9 8 25 0 37 34 8 28 7 2 
18 4
28 50 46 28 25 11 3 1 24 31 2 13 3 43 34 38 46 48 
10 11
1 2 3 4 5 6 7 8 9 10 
18 10
4 14 24 35 2 11 36 45 29 20 28 44 27 47 19 46 32 23 
18 10
11 32 46 13 48 39 45 2 0 6 10 41 48 34 46 0 39 47 
19 8
17 34 41 7 30 23 25 28 17 46 48 16 41 48 48 35 41 15 32 
19 15
19 21 19 35 48 25 5 45 2 31 40 46 16 13 16 36 4 10 24 
18 5
23 45 33 46 21 47 41 25 12 42 46 19 31 48 24 36 49 4 
4 1
2 7 5 14
20 1
1 1 1 1 1 1 1 1 1 1 1 1 1 1 1 1 1 1 1 1
20 1
0 0 0 0 0 0 0 0 0 0 0 0 0 0 0 0 0 0 0 0 
17 20
29 4 0 11 15 21 25 1 38 11 3 42 49 18 45 46 44 
20 1
0 0 0 0 0 0 0 0 0 0 0 0 0 0 0 0 0 0 0 2 
20 1
50 50 50 50 50 50 50 50 50 50 50 50 50 50 50 50 50 50 50 50 
17 5
50 13 46 29 22 21 42 33 48 34 7 33 15 1 23 8 33 
2 1
2 2
3 3
5 18 49
18 2
26 24 7 5 2 45 35 39 5 14 41 5 48 13 11 20 29 18 
20 14
13 13 19 13 50 14 22 12 40 40 1 22 18 29 49 29 26 6 3 2 
