3220
103 3 1
108 74 5
124 4 5
151 115 2
2 1 6
63 3 1
129 54 1
137 19 5
70 1 4
175 1 4
113 59 9
116 5 8
173 68 6
44 3 10
133 5 3
39 25 2
60 6 4
77 4 10
170 137 1
46 24 9
78 31 1
175 169 7
35 33 8
17 4 2
167 64 8
140 14 8
34 33 5
172 7 9
52 5 9
64 53 5
128 1 4
83 67 8
16 1 6
51 1 1
108 66 2
173 32 4
16 15 3
36 35 7
47 13 7
93 3 5
116 115 10
16 15 3
22 1 6
103 5 8
142 3 2
114 79 2
126 2 9
174 113 3
27 3 4
21 1 5
33 2 7
129 52 8
77 55 1
134 6 10
73 9 1
175 55 5
157 13 7
86 62 10
21 1 2
146 3 8
69 3 1
43 7 5
148 9 2
153 1 4
73 24 6
168 71 6
59 43 6
120 3 3
65 6 8
58 57 8
66 22 1
114 1 2
6 5 2
161 18 4
144 46 3
57 1 7
43 2 8
53 39 2
61 16 6
132 3 8
37 3 1
95 3 6
23 3 1
138 1 6
25 7 9
21 3 2
114 36 6
175 1 9
64 34 2
31 1 6
142 86 7
123 1 3
25 6 1
85 9 3
175 54 2
54 52 9
45 4 5
170 1 10
175 13 3
128 9 9
110 3 3
19 3 4
78 77 10
117 3 1
26 4 5
106 11 7
142 98 4
84 2 5
135 1 1
174 6 9
84 8 6
110 109 7
79 1 1
44 3 10
65 39 1
92 62 9
23 1 6
79 5 8
70 27 7
107 2 10
20 13 6
33 2 9
151 1 7
34 5 3
72 7 8
109 1 7
153 76 3
119 2 6
25 6 1
135 6 10
118 91 5
48 46 9
123 6 9
149 3 5
70 2 4
147 62 10
101 1 2
150 1 6
92 3 2
125 116 10
62 3 3
153 1 4
10 2 9
155 1 10
36 7 3
2 1 2
9 7 5
20 2 5
148 1 6
48 42 6
162 131 6
17 15 1
164 7 5
48 4 4
159 1 1
119 7 4
150 73 7
97 44 3
157 55 10
93 3 10
47 35 6
163 5 2
90 1 3
52 22 9
170 3 9
130 127 1
171 3 7
75 62 5
67 4 10
5 3 8
67 3 1
81 15 1
30 29 9
115 1 1
50 5 6
134 1 9
172 168 3
17 2 2
143 75 7
145 4 10
67 2 2
50 5 7
161 1 6
72 23 5
168 2 2
143 1 5
56 1 7
61 3 1
83 4 3
34 3 7
75 75 9
86 3 6
123 3 8
3 2 7
151 10 8
51 1 7
124 4 9
95 24 4
164 6 10
54 6 7
114 1 4
173 171 6
6 5 10
85 4 9
109 4 6
140 115 2
31 3 1
15 2 4
77 4 1
86 83 10
57 4 9
118 48 10
125 2 9
110 108 8
144 143 5
85 3 1
148 1 5
70 46 1
90 90 2
33 3 10
139 1 3
132 84 2
39 35 4
84 82 7
70 36 8
73 2 3
173 159 3
106 36 3
135 19 4
4 3 3
88 4 7
113 3 8
106 76 10
58 56 8
88 3 7
163 148 4
54 15 1
44 43 9
79 3 4
164 4 4
5 5 3
111 37 3
170 3 5
137 1 4
38 38 9
104 77 6
30 2 6
43 7 2
147 3 1
166 5 10
145 3 10
119 2 1
121 1 5
27 3 2
139 1 5
17 16 7
40 5 2
95 2 1
63 4 10
123 3 3
105 3 2
103 6 7
149 6 4
105 9 5
124 2 3
8 8 6
42 1 2
75 4 7
43 6 5
13 13 7
175 3 5
34 34 10
37 4 5
140 14 8
116 2 2
42 9 10
171 2 5
136 5 9
19 19 9
172 105 7
117 1 5
36 34 7
169 9 7
112 1 7
106 100 10
21 21 8
12 9 3
89 73 7
172 171 4
146 71 9
27 1 4
61 3 6
166 3 8
154 11 4
34 33 9
23 23 7
166 3 4
33 1 5
109 2 9
158 30 9
129 4 2
81 47 6
140 10 8
7 5 7
79 48 5
114 7 9
99 12 6
27 1 10
175 92 8
171 2 6
83 19 5
150 1 5
55 1 4
31 30 10
139 35 8
169 3 2
20 18 4
25 4 1
109 5 10
108 1 10
135 2 9
45 8 6
103 8 9
34 13 8
28 26 10
153 8 6
160 4 10
58 3 2
83 13 4
133 6 7
158 91 6
82 2 5
51 2 9
171 1 5
91 17 3
64 11 5
47 26 5
5 2 9
96 2 9
5 4 7
89 4 5
129 3 7
37 3 4
161 2 2
85 2 10
30 3 6
19 18 9
114 53 5
115 2 1
21 7 4
69 2 1
135 2 2
175 1 6
97 35 5
103 5 5
133 12 2
132 73 4
77 2 6
99 86 10
60 5 3
3 1 6
73 20 7
36 3 9
122 1 6
50 5 6
90 64 2
107 2 10
61 13 4
87 9 5
63 26 1
40 1 9
118 1 2
22 1 4
49 29 1
83 63 2
21 1 5
35 5 7
87 2 7
31 13 7
72 18 10
162 17 6
63 3 10
5 5 6
34 12 8
39 15 1
92 55 1
94 1 4
113 76 7
159 3 6
136 7 8
156 118 1
16 1 2
174 6 7
1 1 8
120 100 1
42 41 5
19 19 9
74 3 9
23 1 9
104 104 6
20 3 3
10 9 6
25 21 10
89 11 3
154 20 1
163 27 7
70 5 6
11 3 9
113 8 9
44 1 8
67 19 6
125 8 9
76 48 3
31 2 6
39 37 6
109 106 1
171 3 6
130 69 3
7 2 7
116 9 9
70 3 8
67 36 3
6 1 5
139 59 5
136 1 5
55 54 6
93 13 9
71 4 6
130 8 6
98 18 10
110 3 2
28 26 5
65 3 8
171 4 2
113 29 5
52 51 10
98 3 10
154 60 3
39 4 5
13 11 5
3 1 2
141 119 1
13 11 5
56 1 7
77 3 1
99 96 2
4 1 6
52 8 1
80 60 3
155 105 1
19 1 9
35 1 6
68 50 2
68 5 7
91 5 9
144 99 5
115 9 10
114 73 4
41 41 3
45 1 7
89 24 2
80 2 2
137 75 2
77 22 2
145 144 7
54 46 5
136 9 7
163 64 9
165 7 10
149 16 5
130 1 7
15 9 9
75 74 9
36 24 9
18 16 10
76 2 2
121 6 10
92 45 3
105 67 5
90 88 2
149 2 5
106 106 9
157 148 6
38 5 3
139 3 3
77 3 10
129 127 1
12 11 10
34 32 10
143 77 4
121 14 3
76 2 9
62 5 8
98 18 2
126 35 8
52 6 6
100 6 10
58 26 8
67 3 1
134 58 7
152 127 4
127 6 5
45 3 2
102 21 1
32 5 6
128 4 6
3 2 3
57 56 5
31 3 5
137 1 4
35 3 7
6 5 2
50 6 8
92 7 8
153 1 10
110 3 4
50 8 4
81 18 1
96 39 8
173 39 4
11 3 7
137 3 1
106 52 9
112 109 7
23 6 8
5 1 5
109 47 3
142 26 9
142 11 9
167 1 1
94 61 8
146 30 4
2 1 6
166 97 8
125 66 1
25 1 5
157 12 6
23 2 9
26 1 9
6 5 9
30 27 2
29 7 1
114 4 2
134 6 6
161 1 8
50 6 5
161 3 6
111 3 10
23 4 4
46 45 6
148 1 5
51 5 7
89 4 9
50 38 9
53 5 7
175 8 9
69 4 8
46 33 2
128 1 4
114 25 10
55 48 3
99 1 5
99 1 1
130 4 3
168 21 5
60 6 6
62 8 6
27 3 7
174 7 9
64 9 2
103 8 9
124 1 3
153 6 8
175 45 5
113 6 9
154 48 10
71 2 1
60 5 3
122 3 9
109 87 7
74 8 5
139 109 2
144 1 8
58 1 5
169 131 5
140 16 8
56 6 8
121 4 1
143 133 5
75 34 2
154 79 5
115 10 9
43 1 6
107 80 4
5 4 6
12 2 2
86 3 7
81 43 8
88 2 10
139 1 5
95 90 10
46 5 7
115 70 10
108 12 8
127 1 5
56 32 6
5 4 8
113 15 1
165 3 4
84 82 7
23 22 7
3 1 7
101 4 2
169 32 8
157 12 3
132 2 10
43 1 4
94 4 6
175 3 5
117 10 3
157 16 4
156 1 2
53 3 1
98 34 4
8 3 2
91 10 6
74 33 4
87 1 1
125 55 1
12 10 8
87 3 1
125 3 4
170 12 10
151 1 6
62 21 5
126 124 7
129 3 8
87 3 3
81 3 3
7 7 9
103 1 1
157 10 9
166 3 7
155 6 8
9 7 8
25 3 7
99 1 1
43 23 3
44 14 2
20 2 1
24 1 4
160 1 2
3 2 3
38 7 3
129 44 10
127 13 3
113 1 2
165 79 10
158 98 5
138 115 9
87 2 7
129 10 5
84 2 2
153 7 1
139 2 4
14 10 4
127 1 5
151 109 10
71 1 1
40 5 5
115 3 10
147 16 6
144 101 9
107 52 3
114 23 5
79 52 9
101 1 7
111 102 2
139 78 9
172 5 9
117 50 4
3 3 10
57 1 6
12 9 7
166 13 7
133 3 4
125 125 8
62 6 6
4 4 4
149 7 10
77 74 2
63 25 2
108 3 6
33 4 5
66 37 7
146 146 3
54 16 5
19 6 6
114 18 5
24 24 6
174 9 9
3 3 4
49 35 5
3 1 4
142 78 2
79 1 2
132 2 4
164 3 3
57 9 1
97 3 2
135 2 1
99 2 5
59 6 7
32 5 5
100 4 7
42 3 2
91 2 7
44 5 8
140 25 2
89 12 10
147 117 4
74 58 9
32 2 9
106 89 5
102 4 3
90 37 10
171 4 4
83 4 10
140 54 10
81 2 10
153 8 6
57 10 2
46 1 2
167 9 10
88 2 7
169 1 9
65 5 9
155 2 3
71 3 6
128 1 7
35 21 7
73 1 4
57 1 6
162 96 10
30 3 6
57 4 7
121 3 2
89 2 4
165 68 7
3 3 8
89 53 4
128 101 10
19 6 2
161 2 2
56 54 3
160 5 8
161 54 9
111 2 1
98 75 7
9 7 4
95 2 1
121 43 5
109 6 6
85 9 3
153 2 9
110 4 10
36 1 9
155 1 10
56 2 4
101 2 4
74 4 3
72 3 4
56 54 3
54 23 3
77 3 8
118 9 8
95 3 3
112 3 7
29 3 1
62 8 6
9 9 5
79 1 2
136 9 7
122 3 4
71 3 1
169 1 3
30 30 3
45 44 8
130 6 8
94 74 7
131 12 10
174 11 4
23 2 4
105 2 4
75 1 7
157 9 4
62 3 3
73 2 9
4 3 4
26 3 8
119 3 1
46 4 4
34 3 8
36 3 5
9 8 10
171 1 1
61 3 8
6 6 4
59 51 6
167 11 10
14 5 5
150 52 7
83 7 6
131 6 5
104 10 10
159 1 1
57 1 7
19 2 4
87 1 3
37 4 4
145 9 6
3 1 2
78 51 7
57 6 8
166 39 6
49 8 3
54 28 4
94 9 8
81 4 3
142 142 4
116 81 8
105 105 10
26 22 1
41 18 2
163 3 4
83 82 9
52 17 1
13 1 5
136 32 1
83 34 4
32 3 3
4 4 5
101 2 2
89 4 8
7 7 10
83 1 4
83 1 8
54 1 5
151 1 9
131 11 5
77 71 6
85 17 10
62 5 3
135 1 1
130 104 1
127 67 5
73 3 1
49 15 5
47 1 1
155 11 7
3 3 7
124 68 7
165 47 10
95 8 6
163 139 8
145 21 6
128 112 6
162 160 8
9 9 1
144 51 7
163 1 1
75 72 7
134 10 8
164 6 10
163 1 5
104 6 8
10 8 10
30 1 6
22 15 2
9 7 3
141 5 3
70 65 9
80 2 8
30 16 9
166 3 7
119 2 10
12 10 10
59 2 7
131 2 7
71 2 2
76 4 4
6 4 4
7 1 1
25 3 3
44 36 3
84 6 10
158 14 2
88 2 2
144 44 10
69 12 2
150 3 3
70 7 6
94 4 6
161 17 7
104 99 7
42 23 7
121 49 8
61 9 2
124 101 4
175 169 10
3 1 1
27 9 4
57 2 7
79 69 1
102 99 5
139 2 5
148 45 2
33 27 7
123 1 10
114 3 5
111 39 3
37 5 6
141 64 3
3 1 5
42 40 3
136 94 3
26 8 10
107 63 9
53 6 6
60 58 9
53 30 9
157 14 8
125 5 1
31 1 6
32 25 7
28 26 6
41 27 8
101 18 6
151 114 5
39 1 7
159 138 3
170 2 7
123 3 5
121 5 10
9 8 8
41 8 1
13 5 6
172 14 10
18 15 10
91 6 8
133 5 1
91 4 7
9 3 1
153 3 2
157 13 7
126 1 2
47 2 1
11 3 1
126 120 8
141 2 3
20 16 1
152 6 3
16 14 3
59 5 7
46 5 5
103 5 9
80 6 8
102 61 9
123 1 1
110 107 1
7 6 6
46 4 2
89 1 4
133 23 5
6 6 6
126 45 6
30 30 9
61 45 3
129 9 6
36 26 6
58 13 4
126 2 6
51 27 8
79 24 10
113 15 1
126 12 4
92 2 2
32 4 6
157 7 9
47 19 6
154 11 4
146 15 9
33 2 1
99 5 10
27 3 2
26 1 6
57 2 4
165 3 4
103 6 7
153 8 1
53 5 7
76 3 2
126 7 10
51 37 8
25 9 1
91 16 10
126 20 5
120 60 7
121 86 7
49 2 8
54 54 9
119 4 5
102 14 7
148 2 6
67 4 7
110 110 7
81 1 5
80 35 4
75 4 7
85 1 5
91 75 1
161 15 7
140 30 2
66 3 10
133 90 10
106 104 9
33 4 5
112 100 6
170 121 2
85 41 10
126 1 9
55 4 5
121 9 3
93 1 2
83 5 8
76 3 10
104 9 10
42 16 2
155 1 6
12 12 3
115 96 5
141 25 7
118 3 5
73 59 4
18 17 8
52 19 7
109 3 1
93 3 1
109 55 2
109 26 8
4 1 10
108 60 2
97 96 8
107 1 1
135 51 9
68 66 4
75 3 4
51 4 7
80 2 3
129 2 7
71 1 1
160 2 10
120 61 5
77 9 4
161 127 2
62 22 1
50 4 7
92 87 5
113 3 1
59 39 3
8 3 1
151 147 9
148 6 8
7 7 3
61 17 8
63 1 1
35 32 5
160 38 3
41 24 7
87 28 8
38 13 3
169 7 1
44 5 8
74 11 5
116 87 7
69 6 6
102 6 5
172 130 1
3 3 1
161 98 5
124 4 3
79 2 2
67 7 8
95 76 5
157 14 4
112 1 10
120 15 6
84 41 4
165 5 3
19 3 7
37 3 4
47 1 5
64 7 8
157 7 3
146 92 6
90 9 3
147 5 10
52 12 3
5 4 8
67 65 9
173 1 2
160 76 8
23 1 1
17 10 9
134 3 9
164 2 3
115 4 8
39 27 1
106 20 4
133 2 5
27 3 6
113 110 2
167 6 8
71 2 1
132 4 10
58 15 2
36 2 6
3 1 1
80 6 6
64 62 5
41 41 4
144 7 10
52 10 7
90 1 3
130 45 8
27 1 10
139 2 10
113 8 9
132 5 6
56 6 8
62 5 6
124 3 5
141 37 10
140 4 5
68 15 4
21 21 9
112 1 8
47 3 9
81 4 10
61 1 8
11 1 2
162 133 3
71 69 10
3 1 1
2 1 8
49 18 5
91 5 4
119 8 8
3 2 10
43 20 6
32 1 9
40 1 10
74 11 5
71 21 8
13 3 1
110 3 9
68 52 10
175 1 5
151 5 5
37 2 9
54 1 3
129 105 1
172 77 10
34 33 5
123 23 2
145 76 1
34 33 5
71 1 1
44 2 3
64 14 4
40 1 3
128 9 9
11 1 3
63 59 7
26 21 2
77 3 6
61 4 1
98 50 5
79 5 6
171 5 9
80 46 7
131 3 2
101 3 1
97 89 6
139 1 5
21 16 1
61 7 7
79 3 8
57 38 2
23 2 8
175 11 8
55 4 10
136 83 1
128 9 9
30 12 8
81 6 8
90 45 6
102 5 7
42 1 8
26 3 3
21 11 7
35 35 8
23 8 4
165 3 4
135 46 8
129 107 10
163 27 2
45 2 2
102 4 5
35 14 9
54 53 7
46 3 10
70 3 9
64 5 8
46 2 9
28 26 5
27 1 10
140 14 8
20 4 3
141 7 8
141 16 4
56 44 4
9 7 3
39 2 7
109 4 9
140 3 5
86 86 10
72 6 9
139 2 4
146 4 4
127 8 9
73 10 8
127 116 2
101 5 5
39 3 8
55 54 6
3 1 2
84 8 6
64 2 7
168 2 6
127 2 5
120 2 7
144 2 5
6 5 4
144 12 10
38 5 6
128 57 6
83 29 10
145 1 4
114 6 3
23 21 5
51 2 3
87 86 4
77 12 9
59 3 7
71 6 6
149 2 6
84 8 6
85 14 4
67 4 2
90 2 4
60 36 7
69 12 2
89 4 9
9 3 8
17 5 3
157 2 3
94 63 4
9 7 6
109 5 1
151 10 8
134 33 1
139 17 6
104 71 6
147 2 1
134 60 5
93 34 5
45 3 6
77 75 3
46 2 5
27 26 9
164 17 5
58 24 9
125 4 1
174 8 7
72 70 5
171 6 2
118 9 7
52 10 3
52 20 7
74 1 7
79 2 2
69 18 8
123 6 9
48 3 9
66 64 8
104 64 2
128 96 3
16 15 10
118 3 2
44 2 4
147 6 10
109 2 9
98 22 3
132 3 6
83 57 9
34 21 2
152 17 10
5 2 5
156 4 2
69 7 7
120 15 3
35 22 3
85 70 9
68 19 7
117 3 1
124 21 7
24 23 8
11 8 6
153 1 2
18 1 4
76 64 9
20 1 3
104 77 7
29 8 9
117 2 5
42 19 1
102 3 9
88 56 2
109 2 9
136 2 5
126 3 2
19 17 8
112 15 5
138 4 3
3 1 10
171 4 4
105 1 1
59 3 1
49 1 8
117 6 7
115 45 1
124 35 2
99 3 10
92 16 3
164 109 10
143 3 5
144 127 6
69 2 7
133 2 4
87 4 9
101 89 8
61 6 2
59 10 8
26 4 5
102 76 9
36 3 6
104 8 10
54 36 10
140 2 2
35 1 10
158 147 2
69 14 2
117 2 5
47 21 7
53 1 8
21 21 9
49 23 7
53 4 9
13 12 5
31 29 10
160 13 9
120 8 2
114 2 8
33 1 10
82 6 2
78 76 10
67 39 9
156 4 2
83 24 5
174 104 9
86 19 8
129 3 3
124 4 10
30 2 7
92 52 1
173 1 2
139 1 1
77 9 1
36 1 4
15 6 4
115 74 7
11 3 3
41 15 3
117 13 9
113 8 6
119 81 2
19 7 8
50 48 6
30 9 5
49 2 6
173 1 2
4 1 8
37 16 3
108 1 4
7 1 1
36 11 3
50 3 2
48 10 3
51 4 9
166 1 10
93 14 10
173 130 8
91 2 6
163 1 4
171 1 1
30 23 4
122 56 9
152 16 9
64 64 10
36 2 6
85 7 2
21 1 1
7 7 7
27 25 9
104 9 10
83 37 5
8 1 9
166 10 10
87 24 1
109 1 4
126 124 7
22 2 1
18 8 3
14 6 1
69 4 8
169 7 8
145 2 3
19 18 9
61 6 2
108 5 7
74 6 2
159 5 1
80 3 2
142 18 6
151 74 9
175 1 4
48 24 9
105 1 4
93 9 9
75 67 5
99 10 6
117 2 5
36 1 6
51 2 1
80 4 2
133 7 8
131 2 7
16 1 2
39 7 4
170 4 9
88 82 4
148 7 8
148 4 8
140 92 9
134 3 2
144 19 2
118 62 6
42 42 5
30 25 10
18 16 10
110 3 9
44 38 4
119 87 8
146 1 8
82 8 4
40 6 2
58 37 2
5 5 10
99 2 6
161 14 3
151 107 10
35 4 9
129 3 4
142 137 9
93 39 6
87 4 7
139 8 9
30 29 9
119 24 5
69 4 6
77 5 10
65 13 4
120 5 10
49 33 6
22 1 6
137 114 3
173 3 7
101 66 6
137 14 5
94 5 4
89 2 8
30 4 4
12 1 4
80 3 6
130 4 3
47 13 4
41 16 4
11 3 2
25 1 3
3 1 8
157 146 7
4 4 10
156 4 2
32 2 9
93 2 5
99 34 4
60 32 1
59 25 8
109 80 6
45 5 1
35 33 8
161 11 7
172 109 4
25 25 10
99 2 8
164 43 10
34 31 2
68 5 6
152 5 9
137 18 5
99 3 10
70 2 4
166 8 10
45 4 1
139 1 9
57 2 1
97 95 4
78 48 3
118 35 1
86 4 8
9 9 1
161 14 3
52 51 5
175 84 3
161 3 2
139 7 6
158 120 1
127 12 10
7 6 7
140 37 3
148 5 10
147 3 7
167 18 3
90 21 6
47 1 8
105 103 10
164 40 8
3 2 7
29 5 4
42 1 5
90 2 4
45 2 5
162 11 9
68 3 10
174 101 7
82 2 9
82 15 10
64 64 6
114 100 10
86 2 4
50 5 6
37 3 4
157 131 8
106 90 9
155 4 8
50 29 2
112 8 6
117 5 8
10 9 4
44 43 3
11 8 2
165 26 4
68 68 4
128 5 8
4 2 7
126 2 2
119 1 1
134 1 9
86 1 7
35 34 8
40 1 3
76 25 3
151 10 8
129 81 5
16 1 7
157 45 3
32 30 4
9 8 2
157 5 1
146 4 9
87 85 4
119 6 2
74 9 5
59 51 5
37 13 1
166 84 8
55 54 6
79 2 1
54 2 5
92 9 7
49 44 7
110 2 6
10 8 10
35 1 6
111 22 2
13 12 5
18 16 10
87 1 3
32 3 2
86 3 7
121 3 2
141 3 1
123 122 6
95 65 1
111 7 10
36 5 4
106 88 3
142 88 10
26 21 9
100 5 9
10 10 4
16 9 8
153 43 4
75 63 8
115 10 9
141 1 6
156 1 3
82 4 2
162 15 6
56 1 7
111 84 9
71 39 6
19 1 8
123 67 3
83 7 8
53 1 8
116 4 4
71 2 1
27 7 8
170 1 5
12 12 6
127 3 6
97 6 6
142 101 3
85 9 2
42 29 8
39 1 1
53 12 10
48 12 2
22 2 6
105 3 2
130 4 8
119 1 10
121 34 9
160 150 7
170 63 10
88 41 9
3 1 8
111 26 3
45 3 4
4 3 3
174 169 7
57 1 6
74 2 6
118 7 4
36 2 5
51 4 10
51 50 8
8 4 8
157 12 6
158 24 1
70 27 1
62 6 3
133 9 8
67 2 6
9 8 1
149 8 10
104 45 3
105 28 7
173 1 2
125 1 4
101 35 7
144 142 7
94 3 3
43 1 2
141 4 1
89 3 8
131 116 9
38 37 9
171 1 1
92 85 10
2 1 2
102 80 9
73 19 5
147 2 8
7 5 10
35 19 1
18 10 4
70 1 8
164 161 9
87 2 2
145 1 3
24 20 7
150 31 6
151 4 6
9 9 2
175 5 7
175 30 3
155 3 1
103 93 8
5 3 6
83 5 3
145 1 3
110 109 7
164 20 7
144 1 2
13 4 4
25 1 7
24 1 3
100 3 5
123 1 3
88 1 8
12 5 8
8 8 9
32 2 6
112 8 5
153 151 8
109 5 6
175 2 1
91 7 9
10 2 7
163 3 5
165 116 2
86 27 1
66 5 7
90 14 8
174 83 7
53 38 8
90 5 8
94 11 5
67 4 2
56 2 4
142 142 10
69 6 7
173 4 3
171 3 1
17 15 1
82 6 6
24 3 5
139 3 4
71 60 10
30 2 6
135 15 6
52 50 10
55 2 1
22 3 4
27 17 6
22 1 6
135 1 1
40 3 5
63 14 4
24 3 3
117 8 6
111 94 9
5 1 4
124 35 2
148 17 2
166 3 5
3 2 10
20 20 6
105 7 5
67 1 1
111 1 1
110 5 9
67 49 8
84 64 8
42 2 10
109 4 6
104 102 6
170 84 3
54 2 3
47 5 5
13 4 10
36 26 6
33 4 9
98 54 8
89 26 7
51 35 5
127 48 3
2 1 1
100 2 8
144 1 7
63 1 2
37 6 4
159 2 3
70 33 5
33 2 5
17 6 3
49 7 1
23 3 9
24 2 2
43 2 3
51 3 7
119 118 5
86 18 5
139 3 6
32 6 10
137 2 9
121 5 10
56 15 2
138 2 3
3 1 4
135 88 2
162 4 10
55 38 5
155 1 1
157 18 8
82 1 6
73 58 9
119 76 4
170 47 8
88 4 2
22 22 3
90 1 3
165 162 8
135 20 4
85 1 3
37 4 9
101 6 9
161 2 2
172 107 7
140 2 5
94 38 4
82 3 10
121 24 1
81 4 9
118 7 7
158 111 6
162 39 10
56 56 3
157 14 4
142 75 10
111 109 4
37 1 5
145 140 5
70 1 4
139 9 10
153 5 7
5 4 4
22 3 7
119 7 2
135 2 2
78 1 8
131 7 8
5 4 4
70 5 7
115 57 3
113 7 6
82 6 2
73 5 9
39 15 6
61 26 8
4 3 3
36 2 6
97 3 6
116 9 9
91 19 10
164 20 7
18 4 2
23 13 9
19 1 3
6 6 7
62 1 6
52 4 9
8 6 6
111 2 10
23 23 7
66 3 10
2 1 6
43 35 1
68 29 1
21 20 8
79 3 3
151 1 9
30 28 3
122 20 1
6 5 7
115 9 10
83 7 1
172 4 6
113 89 6
128 3 9
25 3 7
2 1 1
166 166 9
87 1 3
52 6 7
126 1 2
158 46 4
155 3 6
137 119 4
77 52 4
101 90 4
47 3 3
170 14 10
60 3 10
31 29 8
29 21 9
138 11 8
33 1 8
52 2 4
157 12 6
38 33 6
4 3 7
97 69 10
11 1 1
116 59 3
49 10 2
101 34 7
119 1 1
21 2 5
129 3 4
22 2 4
77 1 10
46 45 6
175 139 8
163 29 1
58 2 9
63 28 8
54 3 8
24 5 4
77 44 2
166 115 10
25 24 10
44 2 3
141 122 7
144 1 2
114 8 10
68 22 4
60 20 6
5 4 6
26 7 1
100 3 7
169 89 1
157 94 10
160 4 9
20 19 6
31 2 6
174 4 7
15 14 1
64 3 9
151 1 1
109 2 3
146 71 2
127 2 9
44 2 4
105 3 2
31 29 10
91 4 10
153 94 6
101 4 5
88 37 2
66 1 5
125 3 4
28 17 3
154 12 3
119 117 5
156 1 2
26 4 4
69 3 1
118 85 7
127 101 10
141 12 5
163 2 1
77 6 7
37 3 8
38 9 3
155 95 9
124 1 5
79 2 6
90 1 6
122 2 2
113 18 10
4 3 8
68 64 2
41 1 6
65 63 1
74 2 3
102 3 3
37 1 1
30 30 9
135 23 4
126 10 4
69 43 6
164 1 4
111 1 1
156 12 10
103 1 9
38 5 3
77 73 6
31 15 3
142 2 2
46 4 2
158 3 2
51 1 3
67 65 9
92 10 9
22 2 8
55 1 2
175 57 1
113 56 10
11 10 9
35 3 1
31 12 10
167 4 5
64 32 6
38 2 3
89 1 1
109 108 6
175 110 4
28 19 9
173 1 3
160 13 9
140 1 5
76 6 5
83 3 3
166 22 2
14 3 3
3 2 3
84 25 7
137 20 6
25 5 1
83 5 5
147 2 2
126 67 1
30 21 10
60 6 4
116 2 4
88 87 6
145 39 7
49 15 1
129 5 8
78 22 6
51 35 3
83 3 5
33 16 10
64 3 9
139 46 1
172 4 9
28 22 6
54 2 8
8 7 7
54 19 3
97 2 2
107 28 1
20 11 2
127 3 2
70 3 4
58 1 2
61 5 1
78 4 9
26 3 3
14 7 2
9 6 3
126 47 7
145 15 1
36 2 3
173 5 3
158 11 5
45 10 7
142 135 1
64 2 8
9 8 10
90 27 6
156 25 4
39 5 5
98 2 4
175 150 9
60 4 4
30 5 4
49 32 10
79 3 8
82 61 10
81 7 9
95 9 8
57 3 4
48 11 9
27 1 6
49 15 1
125 4 9
59 8 3
161 10 6
48 10 8
98 3 4
80 7 7
22 2 6
175 157 7
71 3 9
119 8 8
10 9 6
43 4 3
13 11 5
116 5 8
56 1 7
95 4 3
9 7 2
173 19 4
114 3 4
149 4 5
152 143 10
33 23 2
15 8 3
19 4 3
127 2 8
79 79 5
150 4 10
72 63 6
140 4 4
172 23 7
171 4 9
95 5 2
27 4 4
38 5 5
16 8 7
108 2 9
43 1 3
139 1 1
138 2 3
113 17 1
64 7 2
122 2 4
125 8 10
36 6 9
43 5 3
106 3 6
38 18 2
174 9 2
77 1 9
50 4 10
139 53 2
101 4 7
3 1 5
138 1 6
6 4 2
145 15 1
54 2 10
73 7 9
110 3 4
15 12 2
45 3 1
59 1 2
107 106 8
172 2 5
134 12 5
75 2 4
147 127 4
93 36 10
55 2 1
145 2 6
40 3 9
41 22 4
60 30 9
33 31 1
154 7 3
20 12 7
171 4 2
63 5 10
5 3 5
72 53 3
168 3 2
156 13 4
26 3 8
174 172 10
113 3 7
37 1 4
118 117 9
171 4 2
19 9 6
25 2 3
155 2 2
98 1 7
93 1 5
115 1 1
145 17 1
54 2 8
164 156 5
131 2 2
174 158 9
56 54 6
109 67 8
9 3 1
131 44 1
20 4 7
168 6 8
5 3 1
173 5 3
91 1 10
33 27 7
78 69 8
80 34 9
131 69 4
26 25 1
58 2 7
18 17 8
11 1 2
11 11 7
39 37 6
127 16 8
91 85 9
43 5 6
30 2 6
61 4 4
166 102 8
51 51 8
115 64 2
53 8 6
64 2 4
33 2 3
135 9 4
139 1 1
139 2 10
33 18 1
63 35 5
12 10 7
91 76 8
40 38 9
148 1 3
41 41 3
25 14 6
170 1 5
149 2 3
159 3 4
95 75 6
69 32 9
32 27 4
65 9 4
98 2 10
129 2 4
139 131 2
104 98 2
89 6 1
103 7 10
146 119 5
27 26 7
175 2 4
80 6 7
4 3 4
163 1 7
17 8 2
132 7 7
63 34 8
131 47 8
86 3 5
170 2 3
136 5 10
87 1 7
148 3 5
149 7 10
58 5 5
95 8 8
89 1 10
175 33 1
95 4 8
140 28 6
101 94 8
8 6 4
67 2 2
107 50 6
148 2 6
58 4 9
120 4 3
37 2 9
143 24 5
3 2 8
126 108 10
14 1 3
139 9 10
157 3 3
14 10 4
109 1 4
137 9 1
45 18 5
151 38 3
52 12 3
63 4 7
139 2 4
152 1 2
55 3 8
24 23 6
86 24 8
105 29 8
106 4 2
63 14 10
54 3 3
72 46 7
155 6 9
117 3 3
144 2 2
47 6 4
162 93 8
27 5 5
162 17 6
22 22 2
50 4 10
27 3 1
108 1 3
73 6 4
157 8 4
133 13 10
153 7 6
74 9 5
92 2 8
79 4 6
77 1 9
60 7 5
164 104 6
127 2 2
63 12 9
50 10 10
112 84 2
27 5 2
91 26 10
62 24 7
41 3 10
19 10 2
45 5 1
129 2 3
156 3 4
116 9 9
95 3 4
77 5 7
106 3 8
69 33 9
175 148 4
117 2 7
18 12 1
29 1 8
165 24 2
137 4 9
116 7 8
26 3 3
132 3 4
75 3 3
66 1 5
17 15 8
23 5 9
45 4 8
54 53 7
65 6 8
45 1 6
104 5 10
21 20 9
137 3 3
49 4 8
94 82 5
21 21 9
122 98 10
138 3 4
158 88 7
75 69 4
94 8 8
21 18 2
50 7 5
137 4 2
83 5 5
171 1 6
83 7 6
64 15 10
19 18 9
47 1 9
155 11 7
19 7 2
36 22 7
126 11 10
164 3 8
147 41 1
113 11 4
80 2 2
118 9 8
146 146 3
47 2 2
16 15 5
94 94 9
116 4 2
140 132 1
131 2 2
167 146 9
173 169 5
106 105 9
119 10 8
171 160 10
51 32 5
1 1 10
3 2 4
69 3 10
55 37 10
2 1 8
111 6 6
164 53 5
78 1 5
104 22 3
88 10 3
107 3 1
91 41 10
172 5 9
98 43 5
94 39 4
9 7 8
132 1 7
175 3 5
130 33 4
13 1 8
43 7 2
148 101 10
73 3 3
56 54 2
131 3 5
165 79 7
20 19 7
83 73 8
108 19 10
97 95 8
148 3 7
35 2 6
166 12 2
136 22 3
129 2 4
41 39 7
134 1 2
27 26 5
35 5 7
7 1 1
64 12 5
110 4 3
84 5 10
33 8 6
165 37 4
76 3 1
96 5 4
78 16 2
166 23 4
28 22 10
100 48 10
68 2 8
33 1 10
118 103 1
125 117 9
122 56 2
164 2 3
145 143 2
156 1 4
88 5 3
30 2 10
100 1 3
70 5 6
123 110 8
143 2 5
40 18 2
16 16 3
84 4 4
60 39 4
140 16 8
160 5 8
48 44 6
25 2 3
113 7 10
34 2 8
23 1 1
62 8 4
128 9 9
97 31 1
41 41 3
161 1 5
136 53 10
127 10 9
22 21 3
166 1 7
61 34 3
31 1 1
151 4 5
132 87 9
23 5 8
124 4 5
129 65 3
161 119 2
153 6 1
168 10 10
40 3 7
92 11 3
128 4 6
87 86 4
74 7 9
9 9 9
18 2 4
45 1 9
75 3 3
36 31 5
39 2 1
112 37 5
115 2 7
60 49 5
138 2 6
38 3 8
82 9 7
161 18 2
23 2 4
63 61 1
166 8 10
34 33 5
110 20 7
94 1 10
83 42 1
47 21 4
50 2 7
32 1 5
165 119 8
52 38 1
49 15 1
175 110 6
86 1 3
128 18 7
25 2 3
154 8 5
82 2 5
119 9 2
142 10 8
127 1 2
90 15 3
87 4 7
121 38 7
117 5 7
65 6 9
95 8 6
29 28 1
134 2 7
136 1 5
49 30 8
33 29 1
45 1 2
158 46 1
31 7 3
172 6 7
2 1 5
117 112 7
12 4 1
50 37 8
137 14 2
85 28 9
17 2 2
52 3 9
71 4 4
20 20 7
73 6 4
108 58 1
32 2 3
91 4 4
142 18 6
11 1 2
85 1 4
145 30 10
7 7 6
163 4 2
37 1 8
12 11 10
75 60 3
46 6 3
157 155 10
68 6 3
109 2 9
154 13 4
95 37 1
70 1 4
51 8 1
134 8 8
14 3 3
63 29 8
7 6 7
109 32 10
151 6 5
34 3 4
149 1 8
147 1 7
127 2 2
20 3 8
22 20 2
86 84 10
24 5 4
53 30 10
53 4 1
87 61 5
34 4 3
20 19 7
135 3 1
12 10 10
152 58 9
113 15 1
84 15 3
158 115 5
148 3 3
30 6 4
140 10 10
35 2 1
96 2 5
34 4 8
81 21 1
137 5 9
154 12 4
20 17 9
26 2 5
132 2 4
149 4 10
103 75 7
81 33 9
64 60 5
4 1 7
167 20 3
117 18 1
33 33 6
7 5 2
129 128 10
82 61 4
46 12 5
18 12 8
109 4 4
91 3 4
168 155 7
100 5 10
100 2 3
110 3 3
55 53 6
127 1 8
151 2 1
153 8 6
109 3 4
103 4 7
16 16 8
64 64 5
169 4 8
25 3 5
98 42 4
19 2 6
141 5 1
75 1 3
30 28 5
10 6 6
7 7 7
77 76 3
175 1 4
52 1 4
21 12 5
23 1 9
134 2 2
63 3 9
132 3 4
57 1 7
69 41 3
42 28 9
132 7 7
33 32 1
115 4 8
19 3 3
108 2 6
30 3 6
162 117 7
153 29 2
119 1 1
144 1 8
52 3 4
45 2 5
8 7 7
44 3 6
120 1 9
21 1 5
89 1 5
36 20 2
73 5 9
97 96 8
70 2 3
61 44 5
153 129 3
51 1 1
43 1 3
73 5 9
26 1 8
42 42 10
123 1 3
47 2 3
85 77 7
3 2 5
40 16 7
75 74 6
4 3 4
71 2 3
148 80 6
144 29 5
77 1 6
85 9 2
161 28 1
71 1 9
171 97 2
113 4 10
137 7 1
110 3 6
157 69 4
157 156 10
148 30 2
9 7 9
11 4 7
159 15 7
159 156 9
94 6 8
111 1 1
63 38 2
169 4 9
111 6 9
168 20 8
48 47 9
139 61 8
99 10 6
82 9 7
114 2 2
7 5 8
109 28 1
4 1 6
27 11 3
8 2 9
9 8 6
95 3 1
64 59 5
37 24 9
98 2 10
114 82 5
150 75 10
77 47 3
19 2 6
155 15 4
45 7 4
125 50 8
113 4 7
48 5 4
143 46 6
95 21 8
28 14 10
107 100 1
153 6 7
60 59 9
97 97 8
131 1 10
41 2 6
166 14 2
67 10 3
112 105 1
51 3 2
100 5 2
113 3 7
151 2 1
161 3 8
161 16 4
75 1 1
131 89 2
45 4 3
13 8 8
62 10 5
148 135 9
137 1 4
124 13 7
80 2 3
98 7 2
164 15 9
83 70 5
33 1 2
32 26 1
16 4 5
24 17 1
26 6 4
29 24 9
120 118 1
131 1 1
9 8 8
82 29 8
108 4 2
21 21 8
144 1 2
138 8 10
13 5 1
52 51 10
8 8 4
66 50 9
150 4 7
141 19 2
34 4 8
41 27 4
164 39 2
11 2 3
149 4 6
101 6 9
156 22 8
152 94 5
58 5 9
12 12 10
82 1 4
40 40 8
104 9 9
59 42 10
74 4 2
95 1 1
16 13 6
173 105 3
124 107 8
103 2 1
104 6 7
46 41 8
11 2 1
70 4 10
134 16 5
138 3 6
153 3 10
64 62 6
51 9 2
67 4 2
14 14 6
76 1 7
148 136 6
54 14 3
25 1 3
48 34 4
10 9 4
59 25 2
7 6 8
45 1 2
92 3 10
155 1 1
42 28 9
39 31 6
52 45 3
55 3 10
31 30 7
20 3 5
118 4 5
65 44 2
76 49 1
133 4 4
105 11 10
35 2 1
147 3 7
74 29 8
42 1 2
139 106 5
69 2 8
98 3 2
55 3 3
174 9 2
120 3 3
171 10 8
130 3 3
71 3 9
40 2 9
80 4 3
139 131 8
33 3 1
25 4 2
41 6 7
127 5 9
77 77 3
69 4 8
138 4 4
57 10 7
14 13 6
56 3 4
73 21 1
121 9 1
56 1 9
118 1 2
165 2 8
103 4 10
41 39 4
19 5 2
39 1 7
8 6 6
94 2 3
131 63 10
128 104 9
127 62 1
35 9 9
62 61 7
145 3 6
41 22 7
161 119 4
124 51 1
79 3 2
45 2 2
149 3 3
145 5 5
104 8 7
173 72 10
88 4 6
7 6 3
66 17 10
132 25 5
64 1 4
4 1 5
95 6 2
123 6 9
6 4 5
45 2 5
14 13 10
33 7 9
111 38 6
91 2 10
53 1 7
171 116 2
101 8 6
23 22 5
141 108 10
16 1 2
49 3 10
62 10 4
61 2 8
43 24 4
158 137 5
99 1 1
49 2 10
159 1 10
117 1 1
57 2 6
6 4 6
41 38 1
5 4 4
85 1 10
123 4 9
54 1 3
90 9 8
161 14 5
163 3 3
96 94 7
99 11 6
112 3 7
54 2 1
79 46 6
17 15 10
81 7 9
148 1 3
31 16 7
32 31 4
23 8 5
52 2 3
103 68 2
10 9 9
172 3 6
151 3 1
29 1 8
129 9 5
62 6 3
100 1 10
156 1 3
78 7 7
45 4 5
60 35 2
98 3 6
91 3 9
53 51 4
103 3 2
127 22 3
168 1 4
150 3 6
83 4 3
64 24 9
48 13 2
104 1 7
3 2 2
91 3 5
129 103 5
149 4 5
113 3 2
14 3 3
163 2 3
12 10 3
39 3 8
97 39 9
97 33 1
46 2 5
53 3 1
106 72 3
154 105 9
90 7 7
69 12 9
70 28 7
30 10 10
119 52 2
74 9 8
145 141 3
22 4 4
123 2 1
36 2 9
145 11 1
157 7 8
69 3 8
133 97 8
155 47 10
58 1 7
113 2 4
24 17 4
103 92 7
163 2 3
140 39 4
92 3 7
4 3 3
53 20 2
83 2 5
167 10 10
23 2 4
173 46 1
138 97 6
160 3 4
157 66 7
132 10 6
37 35 10
65 63 1
81 2 9
47 1 1
48 21 2
26 1 6
102 16 4
146 1 8
113 14 1
119 1 1
152 7 7
73 6 8
157 156 10
162 47 10
71 18 10
140 120 8
119 100 9
164 3 4
9 9 7
86 75 9
58 57 10
18 7 8
55 16 9
4 3 5
79 14 5
17 14 7
1 1 3
119 2 1
46 3 10
85 35 2
51 6 6
172 149 5
119 28 6
15 2 3
64 24 10
141 41 10
87 1 1
117 15 8
27 26 5
166 70 9
161 18 4
80 2 2
46 23 3
148 2 10
49 19 5
4 2 10
13 12 6
25 6 7
116 12 7
58 3 9
98 39 5
164 81 2
56 5 10
9 5 3
141 9 3
29 1 9
157 3 7
24 6 1
108 13 7
73 63 10
172 7 10
137 6 9
108 106 4
28 26 10
62 14 5
46 20 9
7 2 4
151 117 1
45 3 2
11 1 3
111 104 3
79 8 9
79 2 9
121 7 1
34 33 5
155 69 8
145 16 1
133 25 9
78 5 7
72 6 5
127 10 9
91 60 1
156 1 3
40 33 7
47 2 1
101 34 7
20 3 7
92 23 10
94 2 6
93 1 5
124 7 9
35 25 2
36 2 10
93 7 4
45 7 6
11 1 3
32 20 5
68 51 1
171 3 8
44 6 6
48 4 5
93 18 6
166 9 10
94 29 6
45 22 1
12 5 8
171 4 4
134 12 6
118 3 7
64 2 7
115 4 8
175 2 4
124 97 8
129 114 8
113 15 1
9 9 1
59 1 1
129 3 8
76 3 7
175 1 6
56 13 3
142 9 9
81 2 5
171 4 4
103 63 6
107 2 1
51 2 9
3 2 9
118 2 5
32 3 9
40 1 3
64 3 7
128 2 7
154 18 7
115 1 4
124 25 8
39 23 6
14 6 5
50 4 4
27 1 1
102 35 5
37 2 2
82 6 2
169 4 2
23 19 10
17 7 5
49 17 1
157 16 4
175 123 5
111 2 6
85 37 4
127 1 1
64 5 8
114 10 10
97 51 1
40 18 10
55 2 3
53 3 7
79 2 3
151 9 8
77 19 7
15 3 3
56 3 10
149 8 8
18 7 5
158 30 3
109 16 10
34 2 7
114 5 9
46 9 4
175 45 1
93 6 10
15 6 2
16 16 5
148 146 9
145 144 2
6 6 9
88 2 8
35 34 2
101 3 2
84 5 10
139 1 5
158 67 2
