100 1000 10
73 93 934
86 68 631
66 66 11
33 87 809
69 88 336
100 2 18
13 15 255
64 88 66
12 11 605
28 75 497
6 39 889
26 85 769
26 52 912
88 30 169
76 49 767
59 73 510
12 38 689
39 7 313
41 91 372
30 46 641
51 15 726
100 58 500
34 33 814
2 92 108
81 87 988
34 35 40
16 59 914
92 11 267
94 18 734
99 16 832
76 41 919
6 68 738
44 33 926
61 73 526
41 97 328
10 63 527
39 31 666
70 8 476
80 44 686
94 14 569
27 62 569
51 42 604
91 3 982
79 91 224
38 4 262
71 33 269
45 95 39
16 72 334
3 11 229
19 54 360
13 38 312
57 98 917
8 1 828
45 37 996
25 37 703
23 75 795
39 63 979
2 3 270
50 43 893
74 93 467
12 24 127
97 67 76
25 44 792
72 14 597
97 77 755
53 73 116
68 79 769
16 54 360
57 59 897
25 83 39
53 16 720
40 58 533
37 12 992
38 21 547
46 41 252
67 51 679
73 58 543
60 31 617
42 13 512
7 11 754
79 49 217
57 84 659
56 50 138
12 90 553
18 92 625
55 49 729
30 12 910
28 51 755
69 42 41
65 7 813
12 98 772
39 68 383
61 37 125
17 34 845
37 29 109
53 28 15
55 22 245
79 19 641
41 98 452
4 48 27
49 66 124
16 35 389
40 67 514
83 81 639
16 18 738
96 80 984
58 13 546
83 92 839
70 94 417
17 52 293
40 41 207
76 30 25
41 79 295
93 84 625
30 10 4
38 1 811
85 50 535
78 47 597
93 34 667
2 87 629
34 59 165
5 35 422
7 3 351
23 9 185
48 91 634
32 35 123
73 86 118
13 71 753
54 24 549
3 3 229
49 69 561
73 15 642
32 62 10
21 96 173
25 50 910
41 83 415
85 61 160
46 91 994
75 52 849
38 59 336
38 100 494
32 12 417
53 31 135
71 74 948
33 23 358
47 18 562
83 70 427
96 24 955
12 24 541
90 41 232
2 35 957
100 76 297
14 47 833
12 15 432
96 42 727
15 32 967
46 63 428
50 20 932
34 65 50
83 66 420
83 35 73
33 61 361
37 80 649
15 68 243
93 29 933
14 22 240
64 4 964
72 91 397
15 24 400
52 2 9
69 26 905
32 43 34
16 76 484
23 19 614
71 89 982
81 82 867
82 95 557
83 90 894
86 54 458
4 67 339
99 6 107
27 1 768
86 28 908
42 81 487
70 35 84
59 79 603
25 99 364
54 4 290
63 44 693
30 24 962
94 34 354
35 6 861
78 34 482
89 96 404
39 24 100
71 46 871
82 64 140
60 61 244
21 54 716
32 65 969
56 14 323
58 38 46
68 5 361
14 21 652
77 34 277
68 73 707
84 77 188
58 31 670
100 72 838
73 44 166
42 87 47
29 53 82
83 64 800
88 50 311
75 52 169
57 64 702
78 9 910
93 72 279
4 99 789
4 6 106
34 100 20
38 6 172
3 75 157
73 78 775
91 63 232
34 62 311
49 28 129
35 27 886
51 10 519
23 82 43
69 78 117
15 35 522
44 98 890
52 57 776
24 63 393
91 13 376
24 65 168
39 30 25
66 7 874
60 89 860
12 26 168
40 64 273
100 100 442
28 58 159
64 78 830
67 40 4
14 59 836
7 81 528
33 17 166
76 8 925
31 33 131
77 5 63
63 13 640
56 88 27
16 98 340
10 39 401
20 24 804
77 11 921
81 88 17
58 75 415
81 21 902
95 15 765
50 10 407
87 23 297
64 9 779
65 64 456
49 11 314
51 94 316
94 70 92
74 3 398
91 77 376
49 63 183
94 24 771
13 78 1000
73 90 724
8 4 11
73 39 580
50 10 192
52 94 684
59 61 555
40 41 198
46 12 124
60 29 350
42 46 737
23 4 659
37 9 494
64 95 462
57 9 290
84 82 700
6 5 962
45 5 179
41 7 748
24 59 457
91 77 737
22 2 435
84 89 78
80 3 232
42 36 996
75 29 500
75 17 513
59 97 91
67 94 164
77 9 245
88 58 693
37 28 199
4 18 482
65 92 341
29 92 774
7 20 75
54 90 954
43 16 242
46 60 760
58 51 70
53 13 812
69 87 469
87 92 631
46 77 124
57 69 741
17 44 68
62 75 771
13 61 450
53 81 746
4 18 560
70 15 563
91 33 296
28 13 559
7 24 105
72 90 425
75 36 743
8 23 662
26 2 158
89 21 702
82 2 684
12 100 859
15 6 482
46 73 295
14 60 188
65 24 207
68 46 804
75 13 744
66 1 977
90 3 410
53 9 718
78 33 590
60 16 708
90 49 814
32 76 648
50 88 946
36 80 723
87 24 209
54 11 382
78 21 252
24 48 69
94 51 938
77 63 471
56 46 773
95 67 403
46 21 335
75 2 232
29 81 978
78 88 834
92 19 302
87 81 329
80 23 13
99 89 959
27 6 58
37 97 838
57 77 901
12 5 570
63 77 319
98 92 689
47 1 376
9 42 127
64 93 649
21 6 535
94 5 575
66 96 993
64 34 73
72 100 576
93 62 274
87 68 248
29 54 72
59 83 611
28 33 221
76 93 900
16 32 393
14 52 57
91 92 682
15 89 171
49 59 138
33 47 849
63 20 920
4 34 48
9 86 418
60 91 884
17 94 804
75 37 716
93 86 304
47 25 978
99 74 503
36 75 433
76 31 315
64 43 710
96 72 591
32 47 469
10 64 957
54 30 869
6 28 857
15 51 365
94 19 885
9 33 309
95 89 671
70 15 203
77 99 13
60 97 411
4 60 405
17 38 545
89 82 247
82 66 62
56 31 522
96 46 166
69 41 543
28 24 971
56 56 285
46 47 184
14 66 636
10 90 832
58 15 293
78 7 627
85 74 880
93 54 782
80 59 404
74 78 354
90 83 274
64 46 640
67 31 470
96 99 124
89 40 432
74 53 41
63 88 285
60 97 288
7 95 667
51 21 502
57 62 120
79 99 428
88 19 909
21 12 424
98 85 382
41 88 91
19 66 293
41 52 293
86 85 989
81 24 293
30 73 94
86 48 527
22 11 575
15 27 372
10 6 164
58 8 941
10 21 462
67 36 236
9 29 567
27 5 881
79 32 918
93 81 3
74 2 700
20 85 322
18 90 786
93 59 850
93 41 138
8 4 891
84 8 324
100 13 483
45 100 722
30 43 876
29 20 767
46 49 475
46 66 682
50 40 735
11 54 270
58 43 954
99 61 210
11 31 391
34 30 938
11 25 401
19 17 375
2 59 196
84 37 679
4 66 923
42 57 864
78 13 114
37 93 151
75 37 800
95 62 655
45 48 587
80 59 971
46 49 238
72 30 914
10 49 194
63 48 478
82 67 816
38 8 106
88 62 170
90 2 747
55 45 692
58 5 402
34 52 214
21 88 450
33 33 1000
99 84 987
95 77 883
79 83 270
60 63 38
61 9 262
96 58 595
74 87 386
62 58 976
53 27 403
12 14 875
95 17 724
25 20 781
34 17 418
44 3 88
56 63 434
62 73 909
4 47 864
79 41 661
35 65 500
64 74 9
8 85 891
72 93 64
2 54 177
20 71 599
4 3 640
54 63 383
71 55 109
27 91 453
78 26 787
79 66 437
25 1 170
33 2 68
18 74 680
12 76 618
68 49 590
88 3 39
84 68 602
33 57 746
64 95 581
73 47 916
44 46 2
28 88 908
50 36 456
97 72 74
90 53 697
43 20 662
2 42 773
55 47 100
92 11 256
41 28 847
1 17 288
63 8 757
81 94 191
1 77 269
21 35 674
95 35 878
66 51 780
22 91 713
21 82 504
94 83 556
79 19 470
1 43 529
83 84 391
41 50 381
9 58 426
62 8 676
56 32 518
65 49 141
94 97 733
40 92 747
19 75 627
16 59 987
60 42 194
2 45 318
77 42 625
96 35 490
89 41 854
26 71 4
64 27 562
14 42 14
7 42 793
12 8 872
37 72 361
77 99 715
72 84 31
81 34 281
26 72 226
98 31 276
61 33 71
80 87 329
72 99 646
88 83 819
48 80 234
97 11 537
98 73 969
14 47 588
66 54 320
15 61 474
86 7 653
64 11 856
21 100 279
66 60 567
40 31 628
97 8 135
5 7 741
58 69 650
8 14 64
80 82 741
57 65 231
35 1 580
16 29 423
64 19 465
60 84 242
82 29 841
71 93 125
84 91 602
5 65 210
51 62 867
12 24 482
13 78 59
85 83 488
92 78 847
90 20 717
90 42 616
48 13 448
49 65 877
51 51 455
79 78 906
82 64 962
48 16 412
70 18 372
9 30 184
50 52 985
47 96 77
42 46 79
85 48 943
70 89 906
64 29 591
12 32 149
14 46 331
32 49 759
33 93 220
20 41 605
97 18 678
25 1 572
49 63 681
68 70 997
80 87 465
16 16 648
49 32 932
24 100 783
97 37 362
30 63 351
26 45 330
13 23 518
96 43 277
56 94 831
2 37 30
84 86 98
58 39 30
77 86 761
14 68 337
61 7 899
99 42 149
69 71 714
80 72 910
1 57 405
83 84 867
48 28 226
60 48 118
28 46 800
25 58 717
59 89 715
40 63 588
60 70 51
68 23 518
36 21 253
15 35 697
30 27 169
10 84 842
85 57 153
94 13 907
93 28 404
66 84 497
84 92 109
26 82 594
12 52 624
49 95 457
92 75 759
57 99 76
19 31 307
75 33 759
66 38 252
67 65 314
78 79 234
91 6 800
81 80 450
47 29 834
42 43 494
93 96 307
87 20 435
27 66 118
97 61 17
43 77 217
2 26 269
36 32 413
2 77 635
34 61 488
54 92 264
30 84 177
96 89 217
2 46 292
36 16 886
34 19 593
71 47 311
39 71 416
26 77 553
13 47 136
100 88 693
78 38 836
56 16 192
68 56 926
71 50 415
83 82 535
59 2 315
77 48 854
10 9 689
16 51 743
36 11 297
26 10 448
8 73 858
47 40 534
35 21 776
19 84 928
29 23 343
56 18 872
29 2 708
57 58 23
100 34 691
14 74 731
3 86 314
8 10 624
7 12 957
31 61 399
72 61 358
41 61 390
99 81 866
33 61 478
37 20 907
41 76 900
56 71 155
90 72 582
23 50 979
53 83 93
33 91 689
6 44 741
26 41 263
47 36 686
83 35 352
95 62 539
56 36 944
15 63 649
67 27 241
14 19 462
32 76 990
66 45 867
74 76 867
97 30 515
91 6 440
95 3 345
29 64 412
97 80 801
2 68 853
79 61 527
73 15 516
89 77 539
42 100 506
43 20 761
99 68 659
95 32 918
85 76 899
80 27 581
60 44 523
78 88 423
51 47 319
15 92 617
59 16 856
59 64 864
100 83 679
24 73 289
95 61 926
92 17 77
14 68 734
40 73 468
35 68 546
90 82 179
13 19 559
2 21 240
16 28 757
14 89 464
81 67 458
2 63 139
18 3 758
67 8 425
65 56 832
74 6 285
77 87 871
18 5 576
6 17 313
93 82 234
86 98 907
74 2 373
38 93 762
32 14 556
100 79 85
81 80 575
70 24 300
49 32 209
52 8 267
63 26 802
9 43 883
30 56 288
10 56 356
90 61 267
58 93 132
48 91 2
53 8 839
74 90 643
76 75 698
73 33 263
41 50 189
74 31 137
71 47 177
19 37 463
78 9 545
75 66 435
98 96 939
37 37 51
68 79 775
39 54 702
68 37 651
65 69 474
21 71 289
49 36 660
88 43 464
47 1 416
65 54 209
56 62 582
93 2 595
77 21 109
69 25 739
69 26 626
40 27 163
92 100 827
30 24 202
17 29 279
47 4 416
43 9 178
76 76 878
27 76 991
43 65 359
61 56 903
75 82 955
90 56 133
13 60 61
76 29 507
77 79 821
37 41 607
38 22 599
47 92 656
100 44 753
59 56 61
44 22 48
28 73 441
58 8 415
1 78 467
26 86 939
79 38 970
46 2 39
42 15 940
76 7 299
10 50 158
21 11 16
26 39 512
79 34 848
46 73 193
61 96 264
91 55 304
55 37 60
20 20 757
49 48 888
12 59 463
71 91 767
92 82 809
9 29 854
57 19 915
35 16 767
30 79 759
35 4 25
7 63 53
17 96 971
62 69 917
64 66 184
32 43 893
25 45 849
7 21 462
32 44 51
42 15 890
70 10 165
22 99 242
40 98 566
93 11 473
18 45 788
80 72 28
36 95 538
82 87 580
36 84 697
68 31 731
78 9 957
69 97 789
28 33 816
33 18 99
70 83 949
90 66 243
71 87 345
97 96 844
76 63 1000
56 45 901
76 9 998
62 64 612
93 14 294
26 42 829
95 64 487
9 83 865
53 92 219
26 3 159
20 83 53
80 45 162
35 96 430
79 13 898
62 91 85
79 71 703
9 44 559
10 85 261
69 91 399
47 53 990
98 17 369
52 100 54
84 22 279
74 15 392
94 26 707
66 76 512
63 42 395
25 6 163
89 58 140
88 32 388
89 76 557
47 97 625
7 19 583
78 50 298
22 2 114
74 95 449
10 93 692
81 63 399
55 36 548
60 35 213
97 6 857
62 87 377
45 90 244
57 45 301
12 64 176
25 50 401
11 61 611
26 3 810
91 8 98
47 3 641
15 61 515
59 20 381
12 100 572
16 87 102
27 50 593
88 88 649
56 80 16
39 44 968
32 86 325
32 85 438
78 61 934
63 10 360
59 33 68
92 5 680
6 66 572
42 874
96 236
67 562
56 791
79 628
99 138
94 99
57 13
83 675
79 425
