1000 22
1947 1
16873 15
10749 7
21265 10
26348 7
24380 17
13064 15
24723 2
16220 7
8998 12
24616 2
470 0
20708 19
27250 17
31105 18
27936 16
6386 18
23295 3
30955 19
14346 14
3817 13
1088 8
11890 0
8194 6
12446 6
20412 16
13526 17
8903 19
24284 12
16782 19
13835 2
26352 16
2529 19
2278 11
32698 9
29798 21
11742 21
24711 17
26558 13
15589 2
8059 9
16199 7
168 11
29823 10
10321 15
22674 17
7740 21
14873 12
29550 18
27879 10
10737 18
4076 5
18901 5
27225 15
18293 4
9221 17
7932 5
23824 20
18727 0
26822 0
27980 6
12230 15
29851 3
32099 3
25252 1
15434 4
5913 15
26213 3
23765 4
11264 12
27166 14
5675 16
13863 12
10335 12
18393 16
17764 17
25043 4
23409 6
12208 13
7062 16
22664 10
16471 18
6841 8
10138 14
21735 12
17347 1
8257 19
10269 18
24582 17
13436 11
27208 20
9248 16
11761 0
989 9
31235 19
21369 20
18980 19
22102 7
15449 6
22352 10
5138 19
25577 19
28263 15
17060 12
2977 14
10414 6
20988 4
29379 15
28075 7
25936 8
12829 6
14293 10
8319 21
28558 8
14210 13
19794 1
28766 13
21179 15
3351 18
8839 20
7166 20
16446 5
21628 14
29461 13
12555 10
20499 9
27269 17
12146 13
14497 8
4424 0
31674 13
13671 10
13267 15
27265 6
26841 20
22672 19
26663 1
19060 1
31568 6
15070 11
31768 1
10350 3
27075 21
29976 4
25491 16
21708 20
11404 16
3926 13
7290 1
6531 11
8757 3
18821 12
15140 15
10904 16
1024 12
13286 18
18138 14
26280 8
10848 1
6031 0
26204 19
26466 7
8573 14
12008 13
23642 9
25096 15
3508 19
11823 12
21499 4
22514 9
24596 8
7157 17
32090 6
5899 5
23267 3
31134 12
31236 19
2642 3
26135 15
15333 1
6523 0
23130 5
13277 2
4950 14
26038 0
24010 15
13589 20
1234 20
32671 17
23005 15
24020 18
21007 16
19348 21
4835 9
14817 18
12821 12
28134 20
11455 2
20792 2
22978 10
5981 18
23399 10
23691 11
21574 20
8625 1
25447 19
18876 7
11176 1
31763 8
27230 6
4195 5
24895 19
26530 5
6016 8
22094 18
13882 6
1014 10
1042 17
25596 13
17433 21
11161 16
31729 20
26913 4
25906 12
8329 18
3595 21
4390 5
27949 15
2231 7
27876 20
26534 16
12679 11
14987 9
7955 2
3314 20
25107 21
22878 4
32707 14
14990 2
12660 18
16894 20
3890 1
6065 19
19877 7
18222 16
4917 1
24009 1
10353 21
15907 19
1970 4
19700 6
4091 1
23304 7
24356 12
28808 7
5944 12
23931 14
4891 9
13196 15
20080 15
3342 3
1209 4
17725 18
19392 1
1479 5
11575 1
19851 15
923 16
21664 17
7774 14
29081 19
28996 8
25607 20
21262 16
10304 5
3926 12
14431 5
20410 4
24204 0
8252 4
31870 9
4841 0
27709 7
18105 8
24109 21
21943 3
22600 8
28257 1
15019 14
7250 12
27988 20
1054 20
6954 18
5758 4
7741 8
32429 21
336 17
20497 4
14997 12
14110 19
951 5
12664 1
29469 16
4439 7
14958 12
20528 0
11856 19
29842 16
31606 19
3918 13
11481 18
5082 19
26437 11
4087 0
32280 20
1682 18
17735 19
29160 3
17569 20
12526 1
12376 8
25584 6
19133 12
31864 2
4939 20
1137 13
26343 1
24716 1
30054 6
4579 5
12368 13
15069 4
5859 1
27473 12
859 2
30702 3
23921 17
24794 4
22050 0
2969 0
4273 7
21553 3
23791 5
14731 3
26298 4
10525 7
32452 0
11718 15
24726 21
1529 3
6612 3
25886 20
30402 5
25653 9
6151 9
26045 2
5553 0
28884 14
21370 17
18335 8
27209 4
15596 1
19196 13
3350 18
32357 3
15913 3
9874 2
19271 21
9554 5
8011 20
3060 13
8875 1
14418 15
24739 13
17167 19
1936 8
8988 7
18586 13
10881 4
23189 20
16474 11
9257 2
31775 13
20785 6
1577 4
22370 9
24946 4
11821 1
669 1
15846 21
22582 18
18981 0
10298 7
23405 19
26330 13
27659 2
27260 21
23617 15
8451 2
29092 18
10832 8
26051 10
31752 8
18441 21
29336 4
14053 19
29559 0
13351 14
1195 12
6318 0
32143 10
27456 5
13523 19
7865 12
20420 11
31592 17
5838 1
14262 10
29503 1
1032 10
31309 13
3559 18
10587 2
15967 3
14200 2
14244 13
8233 20
22012 13
19304 0
14296 3
30444 4
4420 6
17579 7
20098 1
4766 17
18930 20
32708 7
6454 3
17001 8
13714 20
13224 15
921 17
13359 8
32262 2
20034 20
2024 21
14595 10
10754 13
8432 8
16241 14
22957 18
21903 7
23812 14
17176 19
15146 5
14987 21
24643 18
23507 7
21289 0
2343 3
20841 17
815 5
27791 19
4200 19
3236 3
13257 0
31732 13
13991 13
24597 19
2518 20
17444 21
16913 17
6226 20
13211 1
19103 11
28967 6
23782 11
12790 11
7194 2
25407 11
23759 0
26835 14
24828 14
20737 14
19199 5
32695 9
16865 7
5355 20
10972 9
4665 1
7194 5
974 8
27840 2
12420 21
1579 13
5454 6
23161 18
12247 19
9292 16
23654 3
21450 9
19205 19
19689 15
20450 1
23273 2
4853 11
32034 8
25315 14
28927 19
12067 0
7499 11
27999 1
17067 9
28189 8
5484 8
25758 1
9343 8
9734 11
12738 19
25534 18
24450 15
25879 10
22333 2
1072 13
19884 1
29209 16
2048 10
1592 7
18029 10
7404 12
14309 0
18801 3
23334 14
24324 20
28918 13
5447 20
25517 8
19430 4
18421 9
12667 0
23246 20
20911 2
8405 21
20130 13
2757 11
18830 14
17214 12
16039 11
2501 14
22597 21
16141 21
32068 2
1652 13
7851 21
8401 19
2189 20
25709 1
14893 8
30287 10
2405 19
10429 15
5449 4
8959 19
19463 20
13926 4
2066 7
1165 12
2175 15
23263 0
18607 11
26457 18
31534 16
10897 10
11227 4
19192 18
19785 4
11612 18
13670 21
30385 13
19802 13
23312 0
30898 10
24064 5
30654 2
26613 20
18743 4
21782 15
20261 4
24899 13
15104 17
5463 11
1302 5
6570 19
29484 13
4571 21
29288 9
26060 16
18543 1
7149 12
24522 3
10430 15
13198 19
22415 0
7740 3
12426 8
4070 20
32756 12
28563 3
25264 12
11237 0
31749 11
16121 17
14497 0
10639 15
17117 14
10603 5
3138 2
12027 2
4172 4
22073 0
13423 1
26323 21
26968 5
8073 3
29045 16
20695 19
28855 18
2773 1
10647 18
25179 5
2903 9
4456 20
30090 6
30405 4
21718 4
14565 4
31993 8
4112 4
25610 0
31681 10
8961 19
26444 5
24442 16
451 4
694 2
19739 18
25059 9
10379 17
15261 19
23093 18
11956 0
23560 4
3632 11
28645 14
13970 11
16128 11
18525 15
2186 10
27605 15
9101 4
519 16
22551 19
26377 6
21402 18
10627 9
15507 11
23406 14
10602 11
24604 11
32409 3
23417 0
30737 12
9872 12
25049 11
27985 7
17401 15
22929 21
1430 13
28498 20
19294 16
32325 16
5415 18
19597 21
24274 18
24262 6
18550 18
326 21
2491 12
30370 10
13443 18
28532 1
2768 4
12124 21
27618 13
837 20
7327 4
27882 8
28472 0
10136 14
3594 14
27189 7
28098 14
2689 12
10949 19
26012 13
21967 15
12745 5
29657 10
7537 10
13633 4
24427 10
10277 20
7290 0
27151 6
17943 11
7384 17
22129 11
8902 6
3507 0
26104 15
5253 19
12036 21
10197 12
20190 2
12759 8
8188 0
29770 19
8887 3
10238 7
14581 17
13715 1
17669 18
27523 10
12234 7
21859 19
6684 7
6245 9
15723 1
31010 8
16293 9
28310 5
32346 8
26220 8
5407 15
7804 1
9008 1
14227 10
5209 13
25970 20
28950 12
24601 17
31225 12
31301 5
4684 20
311 16
15864 15
18871 19
13989 3
3673 1
23587 21
767 15
1032 5
16799 2
27803 10
29766 12
22257 2
24669 0
3158 9
14124 21
21231 1
20380 16
5533 16
11585 14
17187 6
30871 8
10380 9
19596 5
19143 7
32063 19
917 4
15368 15
26021 9
15544 2
11260 15
16418 9
14491 12
10202 18
26204 21
30524 17
12830 12
26032 9
32545 20
26157 11
31411 17
18428 13
25357 6
21695 21
13688 14
4017 5
1972 0
31279 1
4249 9
376 9
9215 6
31153 10
9692 14
18988 10
14508 1
12009 21
11030 2
13149 0
26828 4
19059 15
29363 8
10193 3
8772 14
15964 13
15410 21
2046 16
5708 4
31399 3
21670 9
20113 8
499 17
31177 15
1846 17
1259 16
18074 7
7468 1
23965 6
1950 10
21108 13
22960 17
12459 16
6900 15
22797 16
13350 9
2243 13
20329 16
23488 7
3539 0
20060 10
13868 10
574 17
16627 19
19072 3
26018 7
17166 12
3380 15
30543 11
19939 17
23560 21
21558 4
8317 15
23867 20
6873 17
9745 8
21455 5
29866 0
30082 15
7631 5
8610 4
11365 12
29400 0
3566 20
11621 13
26707 16
25350 0
31968 18
3610 0
15504 17
26630 6
29067 18
32473 19
8685 21
20012 15
4041 15
24397 16
31342 4
13468 20
1256 20
1076 19
26058 8
1486 1
17451 11
22499 1
26095 21
16401 14
4936 19
19136 0
21371 0
3589 20
26344 3
5063 17
8773 10
12064 7
3882 1
16645 2
30162 7
12330 5
13344 10
6176 19
1504 4
29632 3
8784 5
18125 21
21214 1
2773 15
26420 14
25432 0
10866 4
23853 17
15802 3
15648 18
31730 17
8672 8
19141 17
32025 11
31979 10
10205 2
10667 6
5704 1
7582 4
28260 5
18613 8
1610 13
19837 10
3466 8
5538 10
26061 20
4019 2
28345 7
31268 10
18709 0
24473 9
21806 20
10338 14
28793 15
25921 12
13945 9
14196 2
18659 20
31215 21
25345 17
4074 2
15444 10
31899 20
32381 8
10309 2
21086 15
30321 7
18556 10
4475 11
8359 16
3921 2
13534 13
21368 1
2925 2
21072 12
21592 4
6552 15
22012 11
16948 9
3316 20
12078 19
826 1
15868 15
8846 7
19457 7
1564 5
13654 10
3929 4
12489 15
16942 16
11558 7
11352 8
5046 16
23567 5
5126 2
10725 10
23785 15
23026 2
26304 13
22574 21
13049 14
5150 13
9430 7
16307 4
22384 14
30063 10
5371 11
2505 2
21323 12
3027 15
22935 9
14618 0
29566 4
26829 19
21831 8
12834 8
