20 8
82 176 76 123 184 26 7 49 
68 152 65 87 35 34 152 85 
85 90 180 149 108 60 67 20 
107 43 52 111 24 143 90 58 
71 166 133 56 192 140 57 13 
45 122 52 32 156 4 117 42 
46 97 143 106 109 162 126 168 
6 130 79 182 73 169 192 145 
87 126 1 32 18 10 45 15 
132 97 47 40 53 164 34 51 
13 129 157 122 92 36 42 50 
166 73 32 192 194 176 137 82 
54 90 114 73 100 111 40 184 
8 88 176 13 4 11 64 18 
140 173 92 32 161 135 34 128 
160 18 72 155 195 9 37 49 
51 103 74 103 14 115 87 174 
155 63 139 159 74 3 177 167 
128 70 151 90 157 186 170 117 
4 42 24 151 3 61 153 54 
