10
20 1 2 3 4 5 6 7 8 9 10 11 12 13 14 15 16 17 18 19 20
20 120 266 858 1243 1657 1771 2328 2490 2665 2894 3117 4210 4454 4943 5690 6170 7048 7125 9512 9600
20 54903 15823 28934 71362 57137 71506 92446 88600 33885 82614 97879 68512 28814 39474 97959 81122 81398 54854 13528 7479
20 78526 63317 87414 94012 59367 39087 67692 71043 51335 30636 99866 27592 95096 37554 7416 55085 68444 33623 22610 53661
20 4306 1254 2130 76 3738 1998 360 2632 4022 1702 1516 4696 41016 316 4754 230 2774 4480 32 80021
20 81018 82439 87162 69910 31633 42162 45783 2067 86111 55847 67392 26284 79540 15687 92888 41522 79235 33708 82191 89101
20 21545 69601 98438 92555 79258 8836 1852 56491 70018 57368 92871 64347 70508 62837 60963 63543 39486 69526 25032 45158
20 74895 85938 19882 53483 78355 73360 70111 73649 87143 79596 68970 66721 95841 81677 38685 3601 66855 92473 46870 651
20 1930 47782 2445 4250 1193 4905 254 4805 2144 3223 358 4470 905 3980 632 1704 1483 4448 2882 1771
20 60011 26196 99418 18307 99080 74016 18801 97118 4891 39826 39385 98185 31481 65551 14352 94327 92440 91008 58268 51310
