900 400
0 51 11 40
1 3 11 19
0 42 10 22
0 0 11 12
0 35 11 12
0 30 11 55
0 41 11 40
1 32 10 58
0 7 11 51
1 17 10 47
1 12 10 43
0 36 11 43
1 49 11 14
1 50 11 57
0 51 11 1
0 15 11 36
0 54 10 58
0 53 10 24
0 52 11 54
0 46 10 21
0 32 11 3
0 34 10 10
1 23 11 35
0 56 11 20
1 6 10 32
1 40 10 5
1 9 11 33
1 4 11 1
1 45 11 59
1 44 11 56
0 16 10 26
0 55 11 2
0 28 10 20
0 33 10 53
1 20 10 54
0 7 11 7
1 3 10 27
0 1 10 38
1 26 10 10
0 57 10 38
0 2 10 52
0 6 10 50
1 52 11 56
0 22 11 48
1 0 10 49
0 20 11 24
1 54 11 47
1 38 11 56
1 36 10 59
0 27 10 3
1 18 11 46
0 43 11 22
0 52 11 42
0 38 11 42
0 36 11 58
0 41 11 21
0 33 11 20
0 37 11 52
1 13 10 30
0 50 10 54
0 17 10 42
0 58 10 8
1 39 11 9
1 51 11 43
1 42 11 9
1 36 10 21
1 2 10 43
0 32 10 12
1 8 10 30
1 26 10 6
1 16 10 49
0 7 10 15
1 19 10 53
1 23 10 55
1 45 11 25
1 37 11 17
0 47 11 44
0 10 10 16
1 34 10 31
0 22 11 18
1 43 11 56
1 23 10 56
1 53 10 8
0 16 10 7
0 18 11 10
1 27 10 14
1 54 11 1
0 28 10 6
1 2 11 6
0 51 11 53
1 19 11 20
1 18 11 56
0 17 10 47
1 25 11 53
1 32 11 5
1 32 11 57
0 46 10 43
0 48 10 6
1 58 10 29
1 46 10 38
0 39 10 14
1 27 11 51
0 3 11 26
1 42 10 34
0 16 10 48
0 54 10 24
1 51 11 7
0 1 10 39
0 32 10 53
1 6 10 57
1 44 11 51
1 59 10 0
0 11 11 43
0 32 10 9
1 46 10 11
1 58 11 6
0 53 11 19
0 37 11 20
1 18 11 34
0 55 11 5
1 44 11 41
1 6 10 23
1 50 10 51
1 6 11 35
0 42 11 4
1 41 10 34
0 10 10 10
0 29 11 28
1 50 11 11
0 10 10 32
1 23 10 16
0 37 11 1
0 2 10 47
0 41 11 9
1 11 11 3
0 14 11 45
1 7 10 27
1 21 10 34
0 18 11 7
1 58 11 22
0 26 11 6
1 34 11 52
1 54 10 1
0 25 10 32
0 11 10 19
1 22 11 24
1 3 11 26
1 38 10 45
0 49 10 8
1 52 10 6
0 2 11 32
1 43 10 45
0 51 11 57
1 58 10 53
1 53 10 59
1 4 10 2
0 44 11 18
1 22 10 45
0 40 10 28
0 32 11 20
1 7 11 23
1 0 11 3
0 9 11 1
1 45 11 41
1 22 11 54
0 53 10 32
0 40 10 37
1 23 10 9
0 46 11 51
0 14 10 5
0 22 10 11
1 24 10 31
0 24 10 33
1 28 11 23
1 49 10 48
0 13 11 12
1 57 10 35
1 36 11 47
0 1 11 7
0 46 11 18
0 18 11 31
0 56 11 6
0 24 11 51
0 33 10 33
0 35 10 54
0 11 11 49
1 30 11 40
1 42 10 55
1 35 10 45
1 20 10 49
1 12 10 55
1 12 11 8
1 41 11 12
0 3 11 3
1 40 10 22
0 41 10 58
1 52 11 33
1 45 10 16
0 46 11 49
1 57 11 22
1 43 11 53
1 15 10 5
1 3 11 17
0 59 10 48
1 48 11 56
1 15 11 3
1 53 10 59
0 53 11 21
0 40 11 25
0 52 11 59
0 32 10 9
0 11 10 11
0 24 10 19
1 17 11 43
0 14 11 19
1 55 11 35
1 52 11 32
0 21 11 34
0 55 11 58
0 34 10 25
1 19 10 1
0 3 10 2
1 1 10 11
1 8 11 14
1 44 11 30
1 3 11 4
0 3 11 32
1 15 10 28
0 26 10 29
1 39 10 1
0 29 10 49
0 36 11 52
1 44 10 31
0 2 10 14
1 45 10 19
0 7 10 34
1 48 10 9
0 46 11 1
1 22 10 40
0 22 10 44
1 23 11 47
1 1 11 25
1 9 10 12
1 25 11 2
0 18 10 32
1 47 11 28
0 57 11 52
1 47 11 41
1 2 10 27
1 12 10 39
1 18 10 25
1 34 10 16
1 16 11 6
1 7 11 4
0 58 11 20
1 10 10 57
1 29 11 17
1 29 11 22
0 20 10 19
0 50 11 23
0 33 11 50
0 33 10 55
0 12 10 18
0 44 11 43
1 19 10 23
1 17 10 41
0 20 10 15
1 36 10 9
0 30 11 2
0 39 10 55
1 8 11 37
0 4 10 23
1 20 11 27
0 23 10 11
1 50 11 19
1 17 11 1
0 22 11 1
1 1 11 39
1 34 11 33
1 31 11 49
0 17 10 55
1 28 10 14
0 45 10 21
0 16 11 31
1 22 11 0
0 33 10 2
0 37 11 19
1 41 11 53
1 58 11 25
0 19 10 21
0 46 11 31
1 22 11 11
1 10 10 21
1 56 11 22
1 49 11 21
0 9 11 39
1 30 10 43
0 46 10 4
0 12 10 43
0 6 11 1
1 57 10 45
1 20 10 10
1 28 11 40
0 39 11 55
0 34 11 32
0 49 10 7
1 36 11 20
0 9 11 30
0 23 10 32
1 29 10 46
1 27 11 12
1 57 11 50
0 33 10 32
0 29 11 50
1 34 10 18
0 19 11 48
0 57 10 27
0 39 11 22
0 48 11 54
0 36 10 22
0 24 10 54
1 54 10 33
0 29 11 13
1 23 10 20
1 27 10 0
0 41 11 2
0 43 11 44
0 39 10 0
1 15 10 16
0 55 10 40
1 21 10 57
1 17 10 39
0 28 11 8
1 43 11 54
1 36 11 59
0 56 11 33
0 25 10 45
1 57 10 11
1 51 10 18
0 58 11 11
0 49 11 12
1 10 11 59
0 30 10 36
0 35 10 47
0 10 10 25
0 15 11 58
0 43 10 28
0 22 10 26
1 13 10 35
0 10 10 43
0 49 11 2
0 29 11 44
1 59 11 29
0 58 10 14
1 44 11 11
1 40 10 18
0 37 11 40
0 6 10 11
1 2 10 24
1 46 11 58
1 0 11 55
0 38 10 53
1 3 11 43
1 49 11 13
0 9 10 57
0 23 11 48
1 33 11 16
0 33 10 59
1 56 10 8
0 30 10 4
0 36 11 0
1 17 11 10
0 36 11 53
1 24 10 56
1 57 11 49
0 14 10 18
0 20 11 20
1 14 10 56
1 22 11 31
0 59 11 52
0 6 11 8
0 50 11 21
1 47 10 47
1 51 10 27
0 48 10 8
0 16 10 56
0 33 11 14
1 39 11 17
0 53 10 22
1 4 10 5
1 46 10 26
1 1 10 17
0 50 11 38
0 21 10 7
0 26 10 51
0 22 11 20
1 10 11 2
1 55 10 14
1 35 10 34
0 3 10 18
11 21 1 32
11 56 1 3
10 5 0 24
11 36 1 1
10 4 0 27
10 3 1 3
10 5 0 39
10 27 1 41
11 7 0 16
11 2 0 7
10 53 1 31
11 56 0 28
10 56 1 58
11 7 1 32
11 57 0 49
11 37 1 50
10 53 1 44
11 22 1 54
11 11 1 34
11 7 0 53
11 17 1 48
11 12 1 24
10 11 1 28
11 14 0 2
11 50 0 18
10 50 0 46
10 30 1 23
10 28 1 20
10 37 0 41
10 5 0 29
10 50 1 40
10 6 1 7
11 43 1 56
11 6 1 46
11 19 0 17
10 44 1 14
10 16 1 45
11 35 0 34
10 47 1 10
10 52 0 18
11 35 1 13
10 31 1 2
10 10 0 24
10 55 0 41
11 48 0 5
10 1 1 55
10 21 1 12
10 13 0 23
10 43 0 17
10 1 1 42
11 46 1 59
11 36 1 26
11 2 1 59
10 12 1 16
11 25 1 27
11 4 0 55
10 10 0 48
10 39 0 23
11 39 1 16
11 47 1 34
11 40 1 20
10 28 0 58
11 26 0 32
10 30 1 52
11 13 0 6
10 38 1 15
10 35 1 50
11 30 1 59
10 18 0 49
10 52 0 3
11 33 0 1
11 11 1 36
10 4 1 47
10 17 1 59
10 35 0 50
11 26 1 51
10 0 0 29
11 52 1 48
10 6 0 44
10 26 1 33
10 14 0 31
11 49 1 43
11 18 0 10
11 2 1 16
10 21 0 47
10 41 1 21
10 36 0 28
10 11 0 9
11 4 1 6
10 34 0 20
10 45 1 11
10 8 0 36
11 33 0 17
11 39 0 19
10 31 0 56
10 39 0 46
10 57 0 53
10 7 1 16
11 7 1 37
10 8 0 46
11 29 0 30
11 22 0 44
11 17 1 18
10 10 1 2
10 38 1 14
11 48 0 21
10 10 0 0
11 19 1 33
11 21 1 46
10 24 0 34
11 35 1 21
11 55 0 40
11 38 0 34
11 23 1 13
11 10 1 17
11 48 0 51
10 16 0 13
11 16 1 48
10 0 0 17
10 7 1 12
10 34 0 58
10 17 0 54
11 20 1 10
11 9 0 39
10 19 1 7
11 32 1 33
11 22 1 58
11 30 0 18
10 14 1 32
10 9 0 59
11 48 0 49
10 43 1 1
10 53 0 40
10 56 0 11
11 13 0 56
11 23 0 6
11 29 1 10
11 56 0 39
10 1 0 36
11 4 0 53
11 19 1 12
11 22 1 37
11 42 1 59
11 14 0 4
10 0 0 2
11 25 0 44
10 24 0 9
10 44 0 39
11 0 0 7
11 31 0 15
10 37 1 51
11 40 1 24
10 54 1 30
10 18 0 29
11 16 0 11
11 23 0 19
11 17 1 57
10 33 1 28
10 57 0 32
10 33 1 54
11 8 1 33
10 35 0 46
10 2 0 6
11 40 0 14
11 42 0 10
10 4 1 46
11 38 1 43
11 20 0 58
11 41 0 43
10 17 1 11
10 34 1 49
11 23 1 34
10 58 0 31
11 20 0 20
10 50 0 34
10 2 0 13
11 38 0 11
11 32 0 32
10 7 1 42
11 21 1 0
11 38 0 22
11 28 0 7
10 42 1 7
10 22 1 21
10 14 1 35
10 19 0 37
10 41 1 8
10 30 0 49
10 25 1 41
10 20 0 13
11 33 1 28
11 21 0 4
11 50 1 10
11 55 0 18
10 58 1 31
11 37 1 35
10 8 1 2
10 29 0 47
10 33 0 35
10 58 1 8
10 26 1 44
10 27 1 28
10 39 1 11
10 55 0 48
11 30 0 35
11 3 1 9
10 58 1 2
10 6 0 35
10 37 0 46
10 28 0 17
10 43 0 52
10 27 1 22
10 28 1 50
11 17 1 32
11 25 0 51
11 1 1 15
10 48 0 58
10 6 0 34
10 0 0 51
10 10 1 43
10 1 1 9
10 44 0 18
10 18 1 33
10 50 1 6
10 18 1 9
11 52 0 52
11 34 1 2
10 23 0 41
11 6 1 15
10 47 1 45
10 4 1 27
11 42 0 3
11 56 0 7
11 10 0 53
10 34 0 54
11 27 0 10
10 59 1 24
11 59 0 35
11 24 0 11
11 0 0 37
11 9 1 29
10 42 0 7
10 3 1 28
11 34 0 5
10 35 1 32
10 59 1 10
10 53 0 0
11 9 0 34
11 30 0 45
10 5 0 53
11 11 0 14
11 3 0 14
11 11 1 15
10 20 1 8
11 12 1 58
11 24 1 21
11 59 0 21
11 2 1 42
10 7 0 26
10 30 1 53
10 6 1 33
10 42 0 3
11 21 0 17
10 18 1 10
10 15 1 35
11 2 0 44
11 25 0 46
10 25 1 54
10 29 0 50
10 8 0 54
11 7 0 57
11 23 0 33
11 18 0 37
10 12 1 42
11 25 0 24
10 22 0 37
11 4 1 26
10 3 0 17
11 14 1 39
10 26 1 38
10 50 1 34
10 10 0 56
11 23 0 15
10 57 1 58
10 58 1 57
11 46 1 8
10 47 1 25
10 44 0 18
10 56 0 37
11 0 1 22
11 53 0 38
11 47 0 37
11 55 1 47
10 58 1 7
10 46 1 52
10 28 1 51
10 43 0 24
10 47 1 32
10 30 0 35
10 43 1 27
11 28 1 45
11 42 0 38
10 22 1 16
10 2 0 50
11 17 1 46
10 19 1 10
10 56 0 37
10 30 1 18
11 13 1 9
11 19 0 17
11 36 1 34
10 32 0 3
11 42 0 39
10 55 0 8
10 44 0 40
11 16 1 15
11 49 1 9
11 37 1 32
10 47 0 48
11 44 0 23
10 15 1 7
10 40 1 22
11 45 0 36
11 36 1 7
10 1 0 59
11 3 1 19
11 12 0 8
10 42 0 24
11 16 0 10
10 53 1 32
11 47 0 25
10 47 1 16
10 52 1 9
10 41 0 2
10 19 1 5
10 23 0 4
11 8 0 4
11 55 1 3
11 44 0 3
10 48 1 36
10 59 0 49
11 8 0 42
10 15 0 34
10 7 0 10
10 20 1 37
10 58 0 45
10 30 1 34
11 48 1 34
11 34 1 41
10 36 1 1
10 37 0 13
10 49 1 57
11 7 1 34
10 37 1 51
10 5 0 15
10 54 0 5
11 28 1 8
10 40 1 5
11 4 1 9
10 50 0 19
11 14 0 53
11 12 0 26
10 34 1 12
10 23 1 43
11 45 0 46
10 41 1 32
11 5 1 10
11 21 1 27
10 12 1 15
11 28 1 53
11 5 0 30
10 47 0 51
10 43 0 27
10 23 0 56
11 19 0 44
10 51 0 17
11 46 1 37
10 1 0 19
11 49 0 54
10 5 1 5
10 31 1 27
10 29 0 52
10 23 0 19
11 39 1 29
11 44 0 57
10 18 0 22
10 2 1 22
10 6 0 37
10 20 0 6
11 27 1 47
10 20 0 43
11 22 0 55
10 41 0 33
11 20 0 21
11 58 1 36
11 13 0 23
11 36 0 44
10 18 0 47
11 47 1 36
11 20 0 19
17 41 17 11
17 51 16 47
17 6 16 3
16 59 16 39
17 35 17 37
16 46 17 15
16 48 17 50
17 24 16 53
17 30 16 21
16 34 16 14
17 49 17 18
16 3 16 25
17 54 17 25
17 42 16 19
16 14 16 9
16 2 16 17
16 9 16 10
16 37 16 25
17 45 17 55
17 6 16 17
17 48 16 36
17 15 17 51
16 18 16 37
16 59 16 47
16 49 17 2
16 53 17 48
16 6 16 49
16 56 16 20
17 19 17 47
16 9 17 47
16 51 16 11
16 15 17 24
16 24 17 1
17 30 16 27
17 57 16 28
16 12 17 12
17 40 16 28
17 47 17 3
16 6 17 49
17 26 17 18
17 18 16 58
16 27 16 55
16 38 17 0
17 6 17 54
16 38 17 37
16 9 17 3
16 26 17 41
17 30 16 50
16 36 17 3
17 9 16 18
16 12 16 57
16 19 16 35
16 14 17 40
17 24 17 39
16 56 16 57
17 30 17 9
17 42 16 4
16 35 17 13
17 16 16 39
17 3 17 17
17 59 17 55
17 56 17 12
16 0 16 51
16 24 16 45
16 55 17 27
16 10 16 8
16 45 17 42
16 13 17 58
16 3 17 52
16 8 16 0
16 13 16 37
16 28 16 8
17 31 17 5
16 18 16 44
16 32 17 38
16 54 16 1
16 10 17 45
17 17 17 20
16 51 16 41
17 44 17 29
16 16 17 30
17 30 16 23
17 40 16 7
17 34 16 41
17 25 16 17
17 54 16 37
16 31 16 30
17 25 17 35
17 32 17 46
17 2 16 59
17 18 17 54
17 16 16 20
16 4 16 0
16 24 17 25
17 45 17 32
17 50 17 0
16 3 17 30
16 35 16 14
17 38 16 41
16 28 16 17
