184 12743
122 164
122 24
107 117
58 94
179 132
99 156
148 87
85 11
101 105
132 81
72 142
71 155
31 28
132 120
138 91
167 115
110 144
138 33
116 11
166 110
182 80
121 2
23 21
52 123
166 183
60 53
141 130
63 27
157 50
146 110
141 128
81 106
127 34
178 58
85 16
23 82
95 144
123 157
20 175
136 41
173 11
93 169
180 156
11 152
21 157
117 17
140 13
163 83
87 156
180 27
171 19
148 122
18 87
134 77
77 125
118 105
175 66
90 170
77 100
177 138
112 110
154 68
162 172
6 104
184 41
130 26
99 94
3 116
36 137
49 112
117 166
72 108
47 161
93 124
117 86
117 84
51 126
7 68
114 12
172 113
93 157
138 7
66 181
123 141
133 27
108 65
8 180
28 94
156 121
73 128
62 5
28 152
131 34
35 60
86 22
28 178
35 21
184 100
17 162
57 5
4 164
110 51
15 137
145 27
113 73
154 30
78 37
181 64
111 32
163 12
93 6
45 127
66 84
83 123
62 179
167 105
14 132
12 29
85 12
55 53
84 64
83 17
101 119
80 27
150 58
78 99
103 122
41 25
21 163
147 122
157 169
83 27
117 94
55 57
145 149
109 44
28 47
61 168
166 180
10 171
54 127
85 12
64 126
36 125
144 38
102 117
23 184
143 179
133 53
51 93
17 159
177 84
62 93
68 43
88 117
29 181
100 114
9 19
95 84
143 54
162 101
26 40
140 24
34 89
76 84
37 132
98 69
72 159
161 179
57 105
151 86
101 66
55 149
85 149
49 83
58 26
183 124
65 139
147 138
83 79
37 159
66 174
44 137
149 60
131 61
164 138
146 81
19 56
45 103
60 133
2 118
14 40
57 118
34 59
71 116
137 147
131 59
137 174
11 141
89 182
17 69
135 19
5 153
74 89
112 134
38 153
107 51
48 19
169 82
77 95
13 70
58 143
128 10
172 178
6 77
175 22
1 165
80 5
174 154
93 101
143 170
109 65
77 156
83 101
53 15
11 106
84 68
104 27
117 92
21 122
24 51
184 64
32 79
68 21
88 16
161 46
2 85
150 118
96 48
34 149
63 44
110 2
152 29
29 84
160 89
62 183
139 101
62 26
35 169
46 123
1 62
24 42
146 174
159 58
77 8
62 139
91 171
141 58
15 25
182 175
113 99
29 107
15 131
133 49
155 34
27 11
96 51
52 97
80 66
10 156
113 111
151 60
97 147
117 152
27 154
182 179
68 66
101 122
52 89
27 23
163 53
33 74
143 125
26 38
46 76
50 159
2 56
34 99
18 6
106 44
160 103
38 83
24 178
61 76
83 87
98 61
179 170
174 138
110 55
31 156
130 120
170 132
175 59
86 48
64 7
131 79
149 24
18 28
18 78
103 140
20 56
56 14
82 85
139 38
18 85
13 43
72 4
101 157
91 21
19 38
99 23
61 156
50 118
49 9
73 68
104 168
122 1
68 128
48 63
165 105
3 34
148 74
37 104
86 167
124 144
20 79
22 81
50 111
54 139
119 127
62 39
150 183
79 34
127 126
96 147
47 138
180 10
27 72
113 152
55 93
111 114
171 172
50 76
98 104
30 73
46 92
151 11
130 45
84 112
171 35
75 33
172 110
82 54
38 50
21 132
142 171
61 168
158 111
60 72
30 129
144 115
76 110
165 22
10 65
133 180
139 63
68 127
29 5
36 66
55 57
13 52
43 73
76 57
39 175
168 68
119 127
182 11
92 19
72 101
83 60
137 77
123 20
59 151
25 95
72 119
151 124
26 49
12 101
145 51
91 128
158 66
70 12
76 17
30 147
118 152
22 70
44 184
129 103
6 9
13 117
167 19
56 9
107 68
149 68
158 96
11 131
161 121
182 92
137 27
94 110
178 155
35 38
11 164
180 16
172 8
133 155
66 44
19 172
111 23
55 124
118 66
111 134
2 108
41 178
135 174
104 168
145 138
21 155
117 16
26 145
63 14
155 128
58 29
116 24
51 26
4 169
91 114
158 132
77 55
126 67
44 85
51 44
38 71
54 11
127 80
11 45
133 165
173 46
9 144
70 59
169 113
83 116
42 57
103 158
111 84
41 10
168 91
54 62
17 107
72 183
42 82
44 31
102 72
76 150
31 1
24 55
113 147
26 10
59 129
168 25
28 24
34 52
114 127
113 170
90 184
169 131
121 28
17 78
99 93
43 169
133 66
79 62
68 105
71 126
89 94
150 156
117 40
23 86
166 135
72 71
174 96
58 150
123 74
43 77
22 85
101 155
7 35
72 74
139 142
56 83
92 61
55 24
100 77
150 122
68 77
8 57
172 65
63 110
179 105
42 16
6 142
170 52
32 97
125 171
95 36
109 2
97 163
65 52
96 30
173 163
106 37
75 93
141 137
58 135
98 99
151 143
96 176
10 128
89 174
154 183
26 118
40 162
97 104
29 48
134 58
26 95
94 140
4 50
133 101
41 46
56 7
44 7
38 53
174 166
42 183
20 67
117 59
84 29
19 113
76 152
26 141
102 119
136 145
24 84
62 64
169 117
110 28
163 4
120 153
169 162
151 45
84 83
143 168
151 161
136 42
168 161
38 86
135 174
46 14
113 147
78 138
119 43
21 98
46 141
66 71
158 72
115 57
155 113
80 121
90 31
19 113
47 56
54 37
45 100
51 14
102 168
151 37
26 171
134 72
127 55
142 100
126 112
13 136
40 92
73 169
163 131
98 65
2 7
102 87
106 8
100 64
175 106
100 56
92 89
127 75
183 124
30 124
51 82
116 131
30 44
115 8
174 68
72 175
75 29
117 36
76 72
99 66
177 54
122 125
142 104
15 140
44 84
120 134
22 91
80 51
134 51
58 123
118 169
153 48
54 86
124 129
157 38
51 150
132 28
130 129
131 184
125 30
83 60
164 104
6 59
154 139
109 67
77 83
92 85
130 145
170 69
89 183
147 179
4 94
22 133
78 153
132 18
38 70
117 17
30 122
76 183
76 40
106 8
122 13
93 108
157 118
32 101
116 34
96 159
167 157
107 61
125 94
78 19
164 11
35 9
132 150
47 64
6 8
71 167
20 19
130 32
137 162
133 108
11 84
83 178
56 45
54 37
179 131
55 158
181 89
22 129
95 108
8 100
116 118
122 135
177 68
167 129
45 155
92 95
54 30
88 149
115 181
1 109
168 55
122 164
184 143
108 94
66 155
49 181
129 170
132 121
93 154
105 177
124 12
88 33
82 31
181 12
68 38
160 51
92 97
30 131
55 178
80 160
4 168
13 132
10 184
68 102
153 172
95 132
40 38
164 161
68 16
28 135
53 3
41 1
99 71
171 9
104 67
24 107
50 36
55 59
35 162
17 43
150 111
174 45
148 9
21 71
25 48
62 77
50 102
117 4
28 104
52 131
170 115
94 75
151 148
174 41
125 6
84 130
156 73
174 159
122 10
45 146
97 146
78 2
104 51
5 131
154 96
118 179
69 33
174 98
113 154
103 12
140 114
125 129
88 62
179 173
63 131
134 180
133 53
46 137
40 15
89 157
49 155
39 158
43 68
71 155
37 30
167 176
143 147
161 47
64 11
35 126
141 24
161 89
77 23
82 156
77 26
168 126
180 22
99 38
89 25
48 165
54 70
157 13
32 173
59 95
39 93
76 179
116 93
124 48
155 61
59 47
86 42
28 81
63 166
158 151
7 61
132 60
131 144
72 162
172 170
113 26
118 44
60 90
176 183
137 146
59 52
49 184
93 76
120 12
98 93
18 104
154 5
19 140
148 131
157 175
116 85
56 50
169 116
139 160
154 131
162 69
38 26
68 131
141 4
182 54
136 15
13 145
20 32
100 23
18 73
54 173
13 109
38 37
40 32
13 10
19 174
118 96
55 1
82 11
44 79
65 180
94 77
180 153
148 96
175 165
24 44
154 36
9 47
73 48
119 125
97 177
154 30
88 24
71 170
34 114
104 138
149 13
71 145
21 34
96 52
55 119
135 64
10 143
150 122
7 84
102 143
116 71
29 60
134 139
85 24
108 4
161 73
57 47
73 77
121 168
128 175
142 79
54 7
37 19
129 83
143 46
82 114
157 110
173 106
104 73
169 27
77 146
139 173
48 27
65 168
50 9
14 47
127 67
54 163
126 182
102 124
83 183
53 55
148 82
17 67
10 1
93 86
2 48
114 90
114 179
73 164
43 87
26 169
9 119
3 174
116 104
113 55
142 22
109 105
103 165
27 112
22 120
54 63
23 167
152 176
17 41
11 59
167 77
43 175
11 46
21 167
5 133
37 147
10 1
67 152
166 94
80 43
69 173
105 131
11 113
122 28
9 173
86 175
65 169
21 75
30 81
57 34
30 93
180 79
94 103
47 115
52 166
13 120
154 157
106 20
85 83
47 93
71 173
123 135
157 184
26 2
80 122
75 149
31 111
44 164
29 130
134 80
111 146
55 80
118 16
99 59
98 2
7 169
174 170
119 146
25 184
3 144
122 77
109 8
43 8
171 71
177 120
6 103
121 100
38 54
115 176
152 29
177 159
53 22
144 171
167 168
171 25
127 148
102 91
155 184
138 141
71 130
48 52
72 125
145 2
117 113
70 109
127 122
131 86
149 153
109 175
178 51
138 135
182 108
134 175
104 60
121 35
176 24
126 103
149 86
104 81
54 30
45 180
7 175
121 155
184 45
145 177
136 98
167 173
61 156
163 164
32 99
14 63
163 179
165 127
121 124
63 174
9 107
26 16
138 2
26 137
47 171
169 38
124 151
26 41
122 44
20 9
143 74
71 161
68 91
103 4
71 165
34 79
87 99
94 40
100 120
32 146
146 16
39 125
22 104
165 184
148 41
8 146
114 119
122 37
65 40
41 135
60 114
30 2
28 163
42 127
138 113
129 99
129 167
80 150
127 60
149 90
140 13
51 69
171 172
106 51
67 2
2 126
155 71
127 182
49 24
164 3
137 108
141 121
131 36
86 113
136 91
18 91
143 108
16 129
95 161
35 17
18 36
142 172
106 124
169 11
53 140
152 9
76 138
85 17
66 36
147 83
166 145
6 37
89 140
13 124
156 30
15 153
57 161
132 81
27 135
85 79
130 52
87 61
5 171
78 70
62 80
8 84
41 53
120 169
8 173
148 19
58 163
171 115
179 118
51 21
109 135
99 54
42 41
115 86
68 48
11 129
167 18
68 23
70 44
48 117
72 11
135 129
29 161
99 23
95 150
83 59
140 181
112 182
78 82
123 145
169 134
129 152
7 13
30 117
56 77
49 127
128 40
111 156
16 26
35 150
31 157
24 26
10 176
23 87
73 2
47 58
135 175
65 181
3 94
113 98
27 18
80 154
57 7
165 112
72 55
78 142
28 141
167 37
132 46
123 21
47 169
118 37
15 182
33 18
131 146
155 157
19 51
166 115
97 147
42 168
57 159
165 84
116 147
160 63
8 98
123 94
122 96
130 137
133 163
10 80
164 20
52 38
70 34
152 22
36 49
45 92
24 25
176 179
28 7
97 35
105 76
169 82
171 114
74 120
132 123
15 151
143 106
44 68
179 11
90 30
100 174
162 123
15 9
157 42
15 69
116 119
184 100
57 171
70 170
146 57
109 16
64 107
121 107
174 156
118 119
1 73
109 162
11 163
170 23
20 1
131 175
159 131
131 71
117 16
57 118
112 21
133 175
127 109
98 156
80 71
131 121
143 95
138 9
73 164
71 132
164 17
162 178
147 108
105 119
163 161
52 91
181 40
81 163
149 34
134 84
144 80
20 142
30 158
6 102
177 76
89 12
93 67
5 55
30 149
174 9
125 81
99 161
121 35
179 125
109 129
24 68
64 84
26 94
97 71
51 89
147 180
100 55
102 144
149 131
109 138
139 89
75 93
106 11
128 100
135 52
84 14
159 4
137 40
137 49
111 43
137 73
38 92
167 179
52 131
126 16
85 120
104 159
29 65
25 12
165 15
63 104
68 77
107 21
117 59
69 83
102 62
155 179
9 137
174 60
83 155
115 23
90 75
37 118
139 101
169 159
115 47
79 39
164 1
59 136
100 127
34 57
51 53
180 40
152 118
50 83
181 140
157 73
113 111
30 98
86 184
184 20
38 163
20 96
114 159
79 3
31 122
46 82
174 81
161 182
15 27
80 51
22 52
163 134
18 8
47 143
8 87
162 45
105 38
141 35
12 75
37 43
12 123
164 42
19 180
39 73
62 118
123 83
25 102
73 82
149 159
41 156
61 18
57 166
95 13
56 107
87 132
5 138
70 24
179 89
59 73
161 121
46 140
59 70
97 131
8 61
106 48
33 166
105 129
3 16
181 58
162 123
6 22
76 115
85 111
19 143
183 36
79 85
175 138
10 87
124 17
147 45
64 35
67 169
163 69
40 159
167 57
97 28
78 29
142 18
139 161
160 177
12 95
77 2
88 87
128 27
103 90
72 23
165 178
47 143
62 86
158 84
142 110
111 75
138 69
85 107
125 136
137 104
143 120
171 62
25 58
84 45
91 130
44 8
71 17
92 68
126 18
182 80
126 129
27 26
51 151
161 68
24 153
27 166
88 13
43 153
110 166
13 16
151 96
64 77
112 155
184 94
172 181
29 154
125 55
179 32
62 156
139 85
124 165
106 68
34 5
36 183
170 88
55 177
184 118
69 151
88 109
60 115
105 128
84 86
39 79
117 100
90 71
40 69
91 145
176 164
149 67
163 175
155 33
167 10
150 91
16 93
55 116
23 160
59 147
101 97
81 73
52 170
143 131
94 89
92 86
69 96
152 47
86 162
119 108
27 84
55 43
176 109
158 54
124 32
56 40
169 136
112 76
161 110
23 111
15 114
12 123
25 19
25 151
181 143
114 23
42 168
65 73
133 78
166 72
150 38
152 134
29 119
25 46
45 47
156 99
16 167
77 81
1 101
87 37
59 16
60 100
40 164
28 172
58 49
99 63
126 66
12 155
1 76
16 85
163 171
183 34
9 75
114 9
175 56
86 89
72 145
4 151
164 71
138 77
119 92
139 61
158 6
71 14
122 126
98 100
112 136
133 120
66 103
168 56
158 69
144 85
69 3
51 89
113 44
21 87
136 160
3 149
21 73
162 142
14 115
57 165
66 46
140 131
4 164
42 17
88 41
102 13
83 8
101 51
92 121
137 83
136 140
87 157
68 64
114 122
34 27
102 99
72 98
85 75
77 166
131 164
22 48
32 144
96 132
10 43
109 2
165 100
141 67
72 65
130 42
2 163
68 143
117 179
56 57
109 172
38 55
8 99
143 39
58 54
171 107
136 135
108 116
50 105
182 162
169 167
19 170
1 86
128 157
80 40
29 4
27 66
58 34
20 56
73 117
149 99
39 100
49 2
71 138
106 68
115 130
90 133
115 90
74 99
62 9
138 130
52 20
51 110
54 70
21 166
42 170
85 168
122 156
121 83
79 92
29 169
40 143
114 154
97 176
162 50
161 30
70 28
179 163
137 15
144 179
184 79
114 125
62 51
96 38
134 30
129 162
14 25
160 128
178 73
159 155
162 135
40 87
18 34
105 155
89 64
149 88
142 78
28 59
129 163
97 118
9 41
135 62
65 110
5 98
38 19
109 16
10 148
142 27
38 63
181 126
166 145
29 164
79 97
38 63
115 134
180 123
31 130
41 135
95 85
49 133
104 157
4 113
160 1
179 13
63 32
138 85
32 23
64 110
159 101
172 89
91 23
68 121
152 108
111 103
8 159
91 151
171 134
119 3
134 114
15 53
145 9
137 32
71 16
142 85
116 129
29 62
8 96
182 15
59 109
117 107
123 23
73 150
156 48
152 146
161 22
14 161
70 6
8 180
21 5
80 176
174 149
54 181
100 91
11 159
55 168
121 34
6 9
183 18
56 6
19 72
67 32
88 177
77 136
28 97
180 148
128 169
112 37
21 27
128 32
41 38
15 161
71 60
26 109
117 121
114 135
49 37
22 136
69 98
127 96
50 163
59 178
147 170
30 168
55 93
51 109
70 121
24 95
46 141
31 15
131 79
91 153
71 159
106 53
71 156
31 169
5 34
155 74
57 23
87 111
115 177
75 40
113 98
134 14
94 165
69 41
99 159
9 169
174 154
78 100
125 108
84 129
141 94
19 13
116 145
163 87
137 53
126 105
7 76
119 100
96 43
140 50
57 4
75 46
158 152
145 138
115 85
123 72
178 181
124 150
141 143
52 133
11 177
53 57
108 27
157 59
69 152
149 126
12 39
27 169
46 28
162 160
112 100
87 105
96 67
70 92
25 161
40 75
10 133
132 117
159 104
32 84
111 180
65 122
74 131
146 119
158 124
94 85
79 37
46 175
103 155
122 127
172 18
17 181
150 148
153 164
107 40
103 34
35 167
11 108
154 157
82 127
96 176
68 174
28 153
20 130
163 142
112 150
159 128
146 164
92 155
143 54
10 102
87 85
124 98
48 93
110 130
36 21
161 143
50 44
111 110
29 89
107 140
55 121
83 56
100 30
26 98
84 36
15 26
120 179
163 167
87 88
152 122
108 128
80 14
171 46
163 15
135 85
154 45
21 93
100 160
122 166
113 61
17 168
87 176
162 65
14 64
153 166
42 116
109 161
169 136
23 147
150 13
47 160
57 107
68 156
122 45
137 91
106 9
74 8
40 91
112 54
10 80
75 51
52 39
68 36
174 90
183 180
142 85
11 14
48 78
162 18
115 83
26 44
130 106
174 98
15 184
177 89
90 84
167 157
120 13
102 158
48 59
98 58
112 145
175 137
26 152
154 180
91 35
40 76
180 69
173 10
68 22
138 158
105 161
170 80
173 88
53 36
2 151
93 114
151 83
106 176
90 75
172 180
149 67
112 145
135 100
10 19
161 4
32 82
164 17
17 152
144 70
43 146
36 135
115 2
73 36
178 162
150 21
14 154
87 125
154 37
80 164
95 97
23 126
34 2
183 50
153 142
119 51
143 10
1 73
12 113
148 45
130 113
105 143
123 7
123 92
83 59
111 178
155 133
159 44
174 157
93 182
155 28
48 113
37 88
42 88
16 5
172 146
158 92
144 136
138 123
43 37
37 10
70 47
182 44
90 172
57 182
169 27
65 33
179 142
120 36
85 176
81 73
137 94
20 136
45 158
74 87
10 150
136 79
12 134
162 101
161 74
139 145
140 19
33 135
16 153
26 101
184 146
29 176
55 48
127 99
21 57
42 30
22 177
148 34
134 142
55 88
103 51
147 175
1 162
183 66
118 182
28 146
173 122
10 116
37 30
28 78
100 49
110 103
82 92
124 72
49 179
15 7
45 161
182 85
179 180
6 112
178 73
74 166
11 123
137 87
152 164
164 107
29 89
66 150
36 5
77 85
39 92
131 83
108 128
23 142
164 69
110 157
141 183
178 7
161 171
93 168
150 72
91 34
17 12
40 52
16 116
176 55
63 123
177 27
106 56
24 85
124 133
97 120
171 131
127 147
117 35
131 82
147 77
156 19
88 11
110 103
166 102
13 85
80 6
111 1
101 134
126 40
123 38
15 109
168 141
72 100
32 18
38 178
94 9
52 37
59 161
139 40
118 8
124 13
53 90
54 153
80 179
48 18
72 62
166 56
19 53
11 90
110 88
123 59
136 174
95 10
150 90
90 84
97 69
136 149
15 5
117 94
183 164
151 111
81 132
166 139
41 32
44 150
160 166
25 111
11 159
161 17
64 106
140 160
30 91
164 44
136 96
177 174
115 143
100 52
131 121
6 171
153 50
176 128
71 56
94 122
31 70
138 134
31 93
150 61
39 129
104 174
81 137
164 51
135 79
102 81
16 108
107 24
13 99
7 123
154 140
60 184
66 53
134 96
1 139
156 40
83 116
69 163
68 88
70 58
167 171
139 38
134 101
101 146
15 147
125 169
102 184
24 167
93 13
79 93
151 90
172 90
21 57
108 128
144 177
42 166
164 36
59 153
136 159
155 151
121 95
175 79
134 54
61 42
67 179
135 73
85 122
162 145
34 86
129 178
78 170
15 97
21 74
106 156
48 76
162 25
170 152
103 119
62 19
17 128
14 7
16 98
168 34
58 18
119 2
51 52
27 65
5 47
178 110
59 82
41 36
106 26
44 64
184 105
82 56
88 95
62 143
48 46
32 106
63 150
147 153
58 30
73 102
76 67
67 174
148 107
66 109
172 109
172 171
69 109
43 12
20 144
10 67
5 42
28 107
47 31
75 104
60 4
61 175
70 127
165 33
89 46
141 76
10 168
63 118
92 145
169 151
104 178
74 149
35 141
111 82
171 42
41 86
45 102
117 114
84 97
2 173
104 47
165 166
20 112
166 4
79 126
181 152
130 72
148 56
153 175
97 49
76 181
6 8
150 90
144 151
118 181
148 37
43 168
59 62
96 80
105 30
61 102
37 6
173 184
102 181
174 54
45 106
153 16
180 153
167 153
149 170
45 48
10 103
149 105
39 70
174 99
27 26
105 55
65 22
51 55
75 135
16 165
41 168
181 76
176 19
84 141
44 129
44 53
87 8
157 125
77 146
40 143
27 184
13 92
61 103
2 175
94 17
156 134
40 8
66 32
26 149
28 69
133 71
162 36
78 134
16 11
136 95
153 18
94 166
109 10
84 150
1 177
22 12
167 62
59 88
133 124
92 160
8 41
46 25
116 163
159 131
173 150
42 142
23 175
123 172
1 62
137 41
95 159
92 117
76 150
60 24
89 151
183 136
47 84
161 162
62 175
109 51
180 150
48 18
140 26
5 180
87 182
36 37
156 167
9 47
132 68
110 36
35 108
172 81
47 4
59 108
178 23
158 173
28 21
6 23
86 51
19 173
48 94
65 19
77 74
105 24
141 30
100 31
177 127
112 39
130 26
2 123
88 16
151 115
76 12
137 162
62 11
150 109
105 70
167 37
143 127
60 100
12 15
170 4
141 97
82 86
162 84
64 65
99 30
179 30
42 172
7 103
182 12
68 102
82 90
138 40
33 54
179 44
68 165
88 65
117 169
150 135
108 70
15 62
99 50
92 180
37 98
139 34
110 22
176 7
111 169
86 183
78 121
43 2
141 130
66 73
154 71
23 118
140 78
179 95
127 126
90 19
40 44
92 5
105 83
51 72
108 136
70 1
112 152
42 68
137 107
141 107
178 19
80 173
96 74
83 78
56 29
96 135
112 4
139 73
126 5
144 49
180 69
90 148
37 131
31 173
54 171
135 87
46 30
75 141
144 14
75 15
42 170
149 153
173 143
41 115
3 40
19 38
109 108
95 32
29 148
58 20
90 103
49 20
100 48
33 174
62 74
15 66
83 44
24 163
14 26
19 32
64 167
180 64
23 90
95 51
93 9
70 182
111 159
57 66
22 90
95 124
19 110
5 141
153 29
120 166
94 178
53 13
160 88
77 38
177 27
88 125
35 14
162 2
172 35
107 49
124 18
172 182
167 33
139 135
101 74
156 10
107 64
23 82
152 139
159 184
21 62
125 56
115 142
97 142
176 19
47 155
76 34
153 58
106 147
48 22
36 59
72 142
123 134
79 130
88 53
169 108
154 149
19 125
107 155
82 138
174 168
109 65
18 117
79 26
1 154
85 112
151 63
61 85
48 4
177 32
151 2
181 170
126 103
180 64
96 169
47 20
90 104
176 68
83 110
133 123
79 33
90 85
135 150
169 182
9 161
30 159
163 66
184 104
24 180
23 119
20 70
179 149
29 170
32 111
136 21
89 30
93 178
155 44
183 139
81 7
116 150
22 134
31 61
93 94
56 116
29 116
41 23
80 69
48 152
36 183
172 164
69 120
158 39
163 156
177 60
19 148
65 40
137 96
140 46
5 52
17 73
167 57
95 102
165 183
109 56
181 136
36 65
72 49
143 50
60 136
149 78
139 30
157 92
165 113
177 25
164 9
98 2
105 48
103 125
86 28
181 83
163 72
3 50
120 146
140 35
137 144
153 131
29 125
78 9
93 70
74 112
78 171
153 182
74 112
163 160
179 15
98 13
86 140
63 61
141 58
95 133
57 63
80 86
44 157
94 176
43 23
144 160
49 112
14 123
79 176
138 73
6 51
86 91
46 4
7 3
61 141
135 117
20 30
18 103
43 152
134 125
30 93
100 79
61 113
57 139
144 10
28 149
100 153
95 145
156 101
147 32
98 138
4 157
23 62
75 65
69 64
5 98
157 145
32 73
113 88
67 73
97 134
37 52
102 172
53 73
128 15
144 41
8 4
13 31
65 127
95 173
7 140
126 19
100 158
91 28
61 157
100 14
147 177
65 64
164 117
137 147
172 96
4 179
99 16
65 19
183 160
47 5
155 173
23 70
2 153
137 62
165 93
115 127
125 36
7 144
8 183
106 35
94 109
30 49
165 94
107 163
109 154
23 79
182 85
4 183
53 181
100 33
89 71
16 29
106 62
28 113
60 133
148 9
98 33
97 118
166 20
136 131
29 158
65 66
58 69
104 150
65 59
38 9
129 53
77 50
114 104
19 29
92 22
38 5
94 134
122 115
9 113
61 37
86 126
102 183
50 61
148 154
120 42
162 64
94 54
154 64
13 28
92 104
49 169
149 182
119 126
112 127
55 173
20 180
154 161
35 59
28 157
79 45
36 29
138 5
92 150
32 39
109 120
24 73
117 142
15 85
124 109
73 143
104 82
120 138
140 13
176 23
169 70
67 20
138 20
65 45
169 136
124 133
112 147
22 84
144 36
168 123
144 96
82 103
177 57
57 172
69 88
10 93
13 116
152 151
135 32
51 159
24 174
108 135
136 169
74 135
20 58
74 19
153 11
161 2
107 73
173 31
160 39
123 29
10 130
35 145
162 85
159 41
75 122
31 66
106 104
57 165
161 170
39 130
180 16
171 142
88 15
172 104
93 150
132 103
95 166
103 112
106 77
8 180
15 38
102 120
142 14
141 158
183 179
143 178
10 129
175 98
144 18
57 52
23 4
154 157
25 72
85 130
5 92
166 59
170 123
34 167
136 174
140 134
169 99
167 178
83 157
131 82
30 3
134 52
46 143
24 70
71 148
56 115
56 77
173 81
15 22
63 6
12 18
179 180
156 161
29 55
173 160
176 18
162 125
109 24
124 132
133 50
96 44
164 7
120 8
87 174
29 5
179 80
22 173
115 34
5 144
128 33
90 136
100 14
15 79
2 4
128 97
47 147
143 23
154 45
12 38
49 7
158 110
35 88
183 80
47 126
112 21
101 18
13 16
71 27
94 72
70 77
24 117
79 166
139 88
66 6
165 154
12 138
80 87
42 78
166 128
60 133
149 160
6 161
31 117
43 164
4 113
56 28
85 134
49 79
77 115
84 57
84 136
11 19
78 92
137 99
35 12
47 183
27 93
15 57
25 98
36 68
66 131
95 150
120 184
44 12
114 167
68 13
72 51
25 24
149 60
35 12
98 61
144 153
157 168
66 8
51 131
178 2
136 113
1 35
164 154
17 47
22 175
21 93
41 45
116 6
104 6
57 58
106 16
26 78
39 91
125 129
77 118
170 28
86 26
62 65
179 78
152 57
108 172
32 121
10 176
126 106
49 48
121 74
125 15
20 106
143 96
39 129
123 165
154 184
45 5
117 52
61 41
39 25
45 111
145 54
102 127
15 150
174 175
79 154
5 98
75 3
9 154
131 171
134 141
170 34
1 142
86 61
182 124
125 82
50 126
175 7
68 5
12 97
179 90
66 183
43 141
42 91
150 28
77 99
168 102
172 168
60 73
84 97
53 25
35 142
150 25
149 73
30 16
169 64
106 50
103 4
46 144
135 11
171 27
149 11
169 137
34 84
65 118
36 117
142 70
75 147
95 79
35 164
134 19
43 95
68 1
99 154
144 49
164 171
115 169
181 99
121 30
38 1
147 74
158 144
143 88
106 93
22 180
72 155
14 155
66 122
155 164
91 155
68 110
141 182
134 177
137 70
22 174
111 25
63 84
24 62
27 170
154 48
165 82
18 35
92 83
156 102
72 169
67 68
23 17
60 159
126 122
4 52
146 107
175 169
168 17
154 177
64 175
74 122
25 165
20 180
123 162
137 10
146 59
118 24
75 177
182 57
114 2
148 115
108 139
100 131
11 109
123 115
99 13
52 123
33 111
158 11
88 150
21 90
65 138
113 179
170 111
51 140
152 15
70 115
9 169
61 19
134 39
133 88
91 184
67 164
111 80
174 14
86 10
143 150
3 72
144 29
38 11
168 5
25 53
159 33
78 75
91 67
113 40
154 20
79 36
183 5
156 172
59 57
38 17
22 80
128 165
108 165
31 131
169 95
184 183
167 117
73 74
183 2
113 8
21 47
84 19
52 55
46 150
111 83
22 172
19 150
8 126
130 39
113 155
133 112
153 116
84 42
45 122
43 13
129 103
59 28
161 150
122 22
115 48
145 177
75 163
142 83
144 127
121 72
97 109
39 106
80 122
3 124
59 85
136 44
3 11
71 19
160 49
40 131
136 40
123 27
18 120
109 18
62 85
89 15
9 128
120 129
105 122
68 20
62 60
63 64
110 173
122 125
37 161
71 173
57 49
15 114
168 163
131 86
63 36
100 111
19 75
55 123
52 163
182 113
38 60
32 147
49 153
87 125
169 14
113 41
62 167
11 86
145 141
171 63
32 126
174 90
56 84
69 107
62 66
75 139
126 106
141 30
114 44
154 98
97 83
179 14
65 5
139 66
1 165
128 33
106 157
162 161
57 46
123 158
112 13
113 93
158 69
122 87
152 91
1 104
29 35
118 134
39 112
15 39
93 142
111 54
115 89
31 171
174 9
184 101
22 152
49 35
77 170
122 44
117 162
4 1
12 161
134 90
88 148
128 180
106 95
50 36
39 120
62 28
128 101
169 5
69 33
80 145
59 17
44 31
178 47
31 45
23 165
134 151
128 77
146 89
27 51
164 65
26 81
133 10
182 117
14 66
5 93
26 103
149 109
133 182
156 164
42 34
184 175
184 127
108 2
72 174
92 51
55 118
132 43
127 129
159 180
50 19
129 115
122 93
39 110
91 50
89 172
84 128
19 123
71 126
164 182
115 72
48 25
5 35
67 131
163 81
126 68
140 70
182 77
19 37
2 149
126 131
136 25
74 154
4 184
135 167
181 106
94 85
130 98
119 53
84 138
173 66
21 128
175 19
20 9
95 62
157 36
48 149
101 161
158 104
161 109
126 13
30 36
97 15
173 72
107 73
25 96
138 45
39 128
103 99
177 13
16 5
89 63
9 5
39 167
148 55
131 129
68 16
164 20
70 9
91 177
121 155
88 74
56 166
57 158
80 89
171 95
134 75
13 142
119 52
124 82
146 110
26 69
125 46
89 11
94 35
3 30
46 130
143 101
111 55
74 47
144 100
181 93
30 10
90 148
101 30
85 62
179 151
131 120
52 75
130 145
149 172
30 10
157 172
110 83
82 40
169 41
139 166
173 25
175 79
172 91
148 113
8 142
119 138
117 170
68 102
170 33
129 55
42 101
42 8
40 123
47 24
20 41
45 48
65 35
166 93
165 169
21 173
167 179
166 99
20 50
57 5
122 1
99 163
102 140
26 141
118 112
20 177
153 65
41 33
139 62
165 120
47 41
148 29
35 169
167 54
74 39
98 11
40 12
30 141
7 55
137 165
167 12
157 175
76 53
63 71
115 44
6 17
84 9
45 159
177 27
28 67
106 166
77 145
177 146
141 40
17 133
20 39
144 32
29 76
85 91
2 55
134 7
71 74
55 155
48 87
37 115
9 142
96 126
142 129
87 138
168 103
86 43
141 86
74 25
17 14
116 18
108 65
64 34
138 158
4 41
60 81
156 69
38 67
50 36
51 136
173 34
95 115
116 91
16 46
116 72
59 47
89 23
151 8
56 145
165 100
1 40
180 12
148 73
79 13
108 129
149 137
19 99
67 174
5 122
35 120
9 134
22 97
156 173
104 67
133 84
166 173
163 161
1 127
50 119
179 13
103 183
149 161
97 71
151 102
8 41
77 16
174 99
152 1
87 111
68 75
50 89
103 29
66 103
11 155
77 5
23 180
4 28
12 140
98 162
57 106
19 134
121 48
48 89
89 174
55 156
64 105
60 22
133 165
165 143
175 57
3 54
92 46
81 104
2 34
121 98
139 179
47 116
43 134
60 131
123 114
142 42
34 57
104 166
78 84
164 108
140 23
161 88
108 97
47 109
131 167
63 85
162 109
56 60
99 115
46 77
45 43
159 118
139 78
140 32
161 159
180 156
181 12
99 105
109 145
69 55
128 131
179 145
96 91
60 50
21 145
126 105
43 140
39 181
73 34
69 89
8 64
61 45
115 15
5 39
160 73
133 143
60 168
103 11
74 18
60 134
162 41
55 20
181 133
56 69
166 124
158 29
43 74
73 158
88 77
52 103
150 1
61 65
24 163
75 97
36 174
46 13
30 140
72 66
135 149
107 148
178 150
77 66
163 164
183 30
123 4
30 183
68 53
18 182
5 53
171 91
106 56
86 177
122 30
160 112
34 123
75 27
88 151
133 106
170 131
135 108
134 21
107 57
113 164
54 118
32 80
64 177
135 149
26 72
178 1
183 28
123 73
94 66
79 82
171 105
28 162
68 17
182 30
73 110
9 166
83 41
61 146
33 12
111 58
83 144
99 122
27 77
50 161
183 129
58 25
89 86
2 156
142 39
2 71
149 10
52 87
90 153
49 163
164 159
36 102
158 174
39 1
107 129
161 105
73 34
129 17
159 171
172 157
25 173
43 29
183 134
116 88
102 20
66 81
34 142
39 7
171 117
47 93
61 63
13 173
137 182
5 111
168 177
123 48
21 165
77 19
115 48
147 32
107 68
153 140
65 47
146 52
163 49
144 80
111 13
68 63
50 113
30 33
145 152
120 165
133 52
184 103
139 2
174 61
69 142
16 174
4 18
41 23
66 40
102 32
92 169
95 141
137 164
29 97
131 5
78 119
56 117
77 11
118 67
71 42
24 127
31 68
184 111
90 65
136 138
31 86
95 168
65 163
120 12
167 13
170 79
129 63
89 102
129 15
144 8
181 30
75 180
181 20
100 43
26 52
180 97
137 130
120 18
109 55
69 131
68 94
25 52
156 153
154 140
24 153
148 20
38 78
16 34
98 155
116 123
22 112
75 15
57 10
72 21
65 140
152 172
49 32
39 61
1 8
16 64
160 163
83 14
57 138
87 10
149 19
132 170
170 63
40 42
72 111
103 176
66 110
163 155
181 18
71 37
65 86
100 81
105 39
94 17
176 36
26 180
94 13
166 79
75 21
161 3
172 79
178 53
44 157
63 40
30 133
77 94
75 176
174 179
30 123
51 62
15 76
57 108
128 78
3 19
139 19
61 126
137 54
34 180
66 137
75 95
125 151
5 15
183 34
49 68
157 99
169 171
30 82
134 158
15 176
32 153
10 92
134 146
1 24
181 67
16 112
161 140
78 21
155 116
55 59
40 67
158 24
93 43
145 82
16 160
74 87
168 123
34 158
125 35
181 121
101 12
48 117
7 166
178 161
137 48
36 176
154 49
56 102
91 16
183 147
175 72
89 159
11 123
132 135
13 168
111 153
35 15
85 41
36 118
58 172
165 133
164 174
37 35
91 127
50 90
129 81
161 34
95 27
12 82
17 24
65 128
176 139
182 116
179 33
50 92
20 70
40 39
60 116
113 6
59 19
95 43
99 112
116 49
178 127
130 11
150 50
178 181
4 175
153 38
63 58
170 122
167 65
161 82
181 89
88 95
147 38
137 101
149 69
149 183
11 94
9 17
143 42
53 2
32 61
80 94
118 65
31 141
169 47
38 165
176 125
75 138
19 28
55 23
136 19
21 146
153 29
18 151
110 111
9 141
171 128
90 145
48 161
101 32
63 138
13 54
119 87
48 177
154 142
15 105
16 36
107 24
104 164
175 30
90 39
26 77
166 156
37 29
132 177
60 50
170 72
144 104
15 7
96 168
4 151
129 19
2 91
83 145
70 73
174 160
111 56
52 92
27 128
120 14
160 35
63 145
107 22
105 161
68 56
184 111
22 128
170 63
34 68
24 104
180 53
119 106
108 26
53 134
153 28
3 168
62 66
128 24
127 88
184 51
144 184
17 21
127 2
84 17
69 147
160 64
15 94
25 123
119 117
112 127
144 115
110 22
36 93
85 18
181 85
108 180
84 125
16 66
126 139
122 51
101 97
154 116
6 35
94 124
151 61
106 111
172 66
124 72
124 160
12 47
155 135
171 170
57 153
125 178
59 81
131 28
12 176
62 145
116 69
22 77
179 52
108 22
158 87
133 97
62 145
183 32
135 26
57 7
34 37
41 92
118 171
159 169
162 77
130 133
145 7
26 179
98 173
16 71
75 4
23 176
148 22
23 139
87 119
145 120
156 1
27 129
27 41
153 5
117 98
177 117
144 18
111 58
6 166
168 120
170 7
111 173
68 173
127 154
108 88
129 119
128 155
103 155
51 71
15 168
25 7
100 168
65 27
81 110
48 65
46 33
111 12
22 178
1 4
3 148
122 75
141 40
85 7
110 99
30 174
145 130
14 25
12 94
135 99
14 36
132 124
47 9
157 47
12 15
50 143
1 171
73 181
26 157
4 176
111 73
21 71
18 34
96 69
168 86
168 181
121 155
161 167
19 173
70 30
44 159
28 44
146 140
41 27
112 84
58 78
156 79
149 30
112 100
138 135
1 161
172 121
171 148
143 5
176 68
75 35
43 102
119 4
58 15
70 25
98 128
103 109
22 67
138 173
22 132
124 22
108 151
182 95
114 180
99 145
64 29
36 146
131 10
5 44
24 74
68 161
57 26
85 78
132 79
107 153
26 86
174 173
52 27
123 21
23 78
21 126
106 56
87 52
65 91
135 88
20 19
104 77
84 5
10 32
83 116
184 148
57 30
176 108
56 115
168 118
8 5
59 113
60 145
21 165
91 155
108 151
29 28
43 113
32 52
144 154
24 183
157 80
28 148
44 84
78 27
17 125
31 76
94 131
76 114
111 23
124 34
173 9
101 71
161 172
162 120
181 1
158 153
121 2
157 164
85 50
46 141
31 117
72 124
63 4
53 29
26 32
102 54
40 19
124 16
6 101
175 3
142 149
155 78
150 167
97 90
73 182
46 103
114 158
42 32
161 134
60 2
21 162
95 61
180 34
116 41
174 107
43 131
111 54
64 116
36 16
21 108
14 106
66 167
79 107
15 55
96 74
96 117
91 6
177 86
39 148
127 69
70 25
15 36
78 119
151 154
134 27
117 3
133 183
170 67
145 184
122 57
113 73
173 20
79 21
145 157
168 127
41 94
152 96
129 85
70 136
94 59
162 27
62 150
25 47
33 169
86 10
81 14
82 69
73 16
129 34
173 153
160 69
62 127
20 46
68 129
181 161
4 15
3 65
164 67
151 12
21 132
105 143
57 178
158 1
27 2
9 2
111 70
169 170
156 52
115 8
28 118
22 31
38 2
137 4
53 4
55 114
176 159
72 88
8 45
128 34
87 137
76 13
62 60
182 33
111 112
81 178
85 102
64 122
143 17
125 52
60 35
165 51
50 52
178 57
136 122
131 78
74 22
90 135
81 128
24 47
55 104
80 180
61 144
117 60
16 98
111 75
132 91
166 37
182 159
134 173
136 80
67 25
101 12
16 37
139 39
123 50
182 18
45 58
157 72
114 83
3 102
29 168
138 66
182 87
55 134
166 161
158 122
28 29
158 167
107 136
72 104
10 156
18 66
172 174
138 102
73 140
19 141
163 156
23 160
99 117
149 80
133 163
58 160
7 31
182 114
23 109
33 32
80 90
137 68
80 130
169 8
85 43
148 103
14 26
79 152
182 43
48 130
61 105
146 68
175 143
181 53
108 69
124 3
15 77
70 94
22 94
141 147
136 144
65 6
170 183
157 167
82 20
153 142
164 114
25 11
112 61
63 35
170 3
38 184
79 147
133 140
57 129
102 8
88 167
13 113
21 170
136 102
45 104
60 65
33 124
75 184
1 137
75 26
139 112
65 73
114 13
29 170
141 170
34 84
8 46
13 29
71 148
130 116
67 45
36 139
169 110
178 25
62 68
50 57
35 114
169 149
166 53
134 162
79 23
61 86
69 73
114 179
36 100
150 142
144 1
136 168
110 130
48 28
13 97
124 48
66 108
12 87
17 1
64 95
24 165
180 132
53 150
126 129
105 132
126 104
132 78
88 58
23 135
125 35
88 64
122 9
27 173
136 43
174 55
177 53
35 29
184 128
178 165
112 98
112 53
17 100
170 144
13 48
135 137
123 78
56 60
86 82
49 37
165 78
132 13
130 166
41 169
109 34
5 76
171 117
129 44
72 154
3 84
18 137
36 140
30 91
15 156
28 103
180 179
61 165
17 101
149 165
175 154
57 161
126 41
60 13
10 63
136 27
55 171
166 125
117 37
136 144
139 39
8 135
74 108
115 90
24 120
70 54
129 126
71 110
166 130
162 32
48 113
58 103
99 80
83 71
116 74
30 110
112 77
100 1
184 31
130 64
6 16
117 134
181 3
99 19
173 76
50 36
4 147
178 142
42 76
28 13
5 97
123 157
30 78
157 29
108 103
132 153
158 105
142 154
147 56
172 135
131 77
171 174
40 164
131 121
96 14
174 100
111 112
112 140
45 85
24 153
43 12
161 16
116 119
25 118
174 13
69 161
129 55
150 168
74 137
105 169
6 94
125 156
61 52
111 105
176 175
113 74
42 90
89 13
64 154
130 53
22 14
29 150
108 179
134 38
171 94
62 176
43 2
148 143
94 114
103 125
144 32
15 1
161 143
13 40
152 183
132 173
52 161
139 160
11 88
13 37
37 74
28 79
116 31
77 65
145 179
45 144
66 99
145 42
98 13
121 65
51 109
54 103
85 8
118 135
135 170
99 54
145 30
125 37
134 85
31 35
44 97
133 44
178 46
97 155
151 147
79 20
105 19
67 38
153 17
23 179
43 122
88 43
7 28
79 181
152 109
31 52
61 19
65 47
65 31
50 143
90 154
161 156
8 169
28 70
19 110
7 106
152 54
174 46
50 141
10 80
8 71
138 143
165 58
45 85
128 94
43 33
64 59
4 111
43 31
180 61
140 3
22 147
96 11
8 145
8 18
80 15
128 33
13 148
91 58
48 34
151 90
107 70
148 150
180 46
181 176
106 176
34 127
139 129
178 2
129 1
19 24
55 2
96 68
149 42
165 12
76 131
141 38
57 144
3 52
5 39
83 150
31 156
133 25
100 126
66 84
166 125
107 36
126 59
143 131
100 123
182 31
110 139
68 166
138 71
73 183
109 156
4 179
127 136
59 83
117 125
166 98
65 129
174 6
3 132
176 102
111 174
133 36
168 16
17 161
86 89
159 51
100 163
45 43
154 104
165 87
44 146
40 148
90 29
9 92
17 1
50 127
174 182
162 157
53 34
133 179
162 148
45 78
166 129
160 135
48 140
37 131
101 117
94 47
145 103
178 161
143 43
143 132
80 120
144 173
9 132
167 171
135 67
64 116
11 79
67 99
34 143
85 174
75 35
76 36
177 70
52 135
112 11
82 48
170 81
36 179
68 18
165 19
124 84
134 174
162 16
128 51
159 29
80 49
63 156
124 95
41 32
45 8
42 166
55 67
62 130
61 129
3 41
147 126
164 137
156 181
152 99
47 166
71 45
138 50
139 178
81 39
41 162
20 136
45 121
81 105
66 84
2 68
65 165
60 36
162 68
135 64
49 117
46 159
18 183
25 12
32 105
51 73
83 110
24 127
47 144
87 152
83 88
75 148
109 135
39 126
18 29
5 106
146 51
81 19
89 145
30 121
105 120
49 3
46 112
169 92
71 112
99 154
15 173
157 123
123 51
64 180
80 109
142 81
15 38
99 103
38 168
79 142
104 127
1 149
54 25
96 165
136 10
174 151
38 2
129 17
52 49
12 171
157 153
67 27
46 21
129 83
45 24
81 148
6 81
152 100
145 103
80 97
152 69
103 5
110 47
21 161
135 33
148 147
41 70
173 127
131 118
25 175
181 145
178 42
81 145
141 42
103 76
138 70
184 56
74 109
142 95
86 133
167 89
95 63
14 84
5 184
17 70
174 53
30 23
94 111
167 91
152 125
166 145
10 166
56 84
130 53
34 31
1 16
159 96
78 29
179 123
28 51
8 18
143 37
80 92
3 63
182 10
43 20
154 53
41 65
136 170
118 169
57 158
40 71
69 157
99 103
95 127
9 102
184 151
179 79
59 181
181 96
7 40
115 16
92 155
81 83
181 54
107 53
27 2
123 136
158 38
54 109
20 63
66 19
69 60
137 127
57 134
39 103
29 9
158 120
20 54
58 16
147 164
108 30
165 46
165 178
123 74
102 142
176 168
16 61
83 9
43 179
142 81
97 26
130 71
1 149
164 58
20 167
77 127
12 57
172 176
90 151
65 48
148 97
71 20
157 153
28 15
148 25
136 100
50 81
26 50
85 6
147 104
172 39
46 39
135 73
30 40
39 134
127 3
46 13
62 18
22 89
73 169
153 24
124 18
144 150
107 44
11 69
147 38
107 8
76 57
80 145
136 159
94 79
17 180
91 78
53 112
166 125
136 174
4 116
7 147
81 153
6 131
37 152
24 183
15 139
55 95
99 6
109 48
84 125
43 31
18 136
182 39
76 134
28 80
105 74
42 41
42 88
171 78
95 50
76 110
4 170
60 142
31 168
5 155
108 88
1 165
79 38
19 154
27 86
89 131
159 131
171 16
74 13
133 168
62 64
93 65
89 8
62 119
31 107
129 138
50 129
158 128
23 176
97 49
77 2
180 91
172 22
146 101
35 134
84 96
13 33
17 141
40 78
116 71
40 60
64 89
45 38
32 67
69 169
155 2
26 150
92 13
28 54
113 62
3 52
13 56
84 29
12 164
147 167
90 2
43 153
91 87
46 162
9 115
146 163
116 171
169 63
183 12
116 151
73 159
19 85
30 142
154 81
121 156
64 26
157 146
35 103
48 80
81 56
50 42
74 21
29 58
84 67
69 55
74 181
29 132
122 98
89 91
35 66
62 138
131 74
99 165
177 2
101 73
97 6
114 170
67 182
44 150
105 152
60 178
149 89
125 86
42 69
32 76
174 133
29 121
22 167
141 14
168 97
126 80
103 96
106 169
93 149
174 13
116 89
46 120
33 170
61 75
95 92
6 84
40 75
60 102
57 17
115 41
153 97
160 71
8 81
95 140
85 124
9 57
29 54
176 61
80 53
175 174
184 181
113 80
71 173
181 127
45 151
23 13
63 39
124 70
119 74
66 20
14 74
116 82
127 107
182 22
15 173
51 55
25 20
134 95
8 130
77 92
96 140
104 159
178 43
84 152
157 149
27 170
78 142
107 21
105 104
82 159
132 173
29 156
8 162
106 55
107 39
146 59
178 65
73 27
148 12
178 120
17 61
145 94
18 107
114 162
66 52
137 14
40 165
25 47
183 171
141 145
25 102
19 18
22 131
84 25
143 77
184 159
177 184
68 11
106 38
28 172
129 164
41 168
1 105
70 183
91 26
183 115
167 58
172 4
4 71
29 2
4 28
160 180
28 84
46 173
161 74
16 145
93 96
128 133
17 53
171 107
118 170
78 100
43 105
103 46
176 171
88 35
55 103
70 122
2 156
110 18
85 166
162 177
77 145
166 93
53 152
56 170
137 173
85 179
93 44
81 124
70 168
158 124
86 84
101 128
55 67
1 179
48 19
27 124
19 8
73 72
160 168
97 112
156 38
147 64
121 43
4 6
66 17
170 7
140 86
174 50
152 175
44 15
49 71
179 67
78 67
178 53
50 91
21 61
128 167
124 104
65 167
109 130
40 94
176 179
36 166
85 3
12 128
58 60
14 52
166 132
158 160
184 63
106 20
123 89
42 102
8 106
85 156
91 164
106 83
14 141
104 98
183 155
42 56
30 95
147 51
42 160
66 82
38 171
141 160
115 183
78 122
144 18
134 51
181 55
173 50
11 132
148 9
102 45
105 171
139 107
77 181
83 143
118 160
169 74
136 100
112 69
77 72
126 26
162 122
120 6
171 130
137 174
179 94
34 99
80 173
61 12
25 143
154 182
119 179
71 110
94 183
34 26
70 159
92 87
136 27
92 162
13 44
152 7
137 41
145 72
69 61
83 133
60 93
130 34
87 17
143 36
55 32
101 164
6 8
66 181
75 157
158 127
16 165
133 8
22 133
119 130
9 57
79 68
5 24
141 91
80 99
166 134
170 83
113 31
130 178
27 20
150 41
146 21
61 134
68 122
122 42
68 171
139 146
94 143
25 51
90 105
5 71
54 175
153 167
21 99
16 88
158 166
128 160
42 4
149 150
126 87
7 9
73 145
10 22
104 34
72 9
138 77
119 48
67 88
30 127
42 85
30 15
106 157
30 148
17 179
113 142
81 159
6 9
120 15
30 79
48 142
127 42
34 61
89 140
4 158
122 45
58 8
100 164
164 129
167 36
163 95
33 99
69 38
147 44
92 33
122 140
174 104
37 63
165 125
58 24
138 179
69 11
2 24
30 22
8 12
97 27
146 130
125 71
167 88
114 75
120 92
70 109
51 146
27 71
126 84
95 79
118 19
129 160
42 159
181 89
26 93
115 28
78 56
98 61
183 67
175 158
158 60
122 65
61 148
135 2
47 45
80 20
63 64
179 144
38 31
89 104
124 19
131 17
114 84
117 152
150 107
125 164
22 62
44 82
25 178
123 111
39 18
131 141
82 165
141 159
12 45
118 175
103 104
47 73
3 164
40 153
126 165
172 4
42 31
125 107
24 64
73 102
121 19
99 58
40 55
73 51
139 6
41 57
150 87
129 152
106 25
160 48
5 147
91 86
33 31
48 97
134 121
14 71
179 152
168 34
62 56
124 16
102 164
113 67
67 97
74 28
121 90
75 165
52 21
107 85
52 154
181 41
130 50
111 165
58 135
54 119
6 178
175 147
157 143
69 79
55 143
107 176
48 37
12 139
58 118
79 149
128 115
5 113
21 156
93 78
106 147
52 151
140 82
114 152
40 182
47 95
180 153
126 83
45 137
78 102
111 156
106 54
87 111
166 147
82 115
80 3
77 131
153 72
69 122
39 108
160 85
58 155
93 183
54 178
176 131
135 102
142 57
11 84
167 32
46 104
146 125
146 78
112 154
5 180
92 44
103 67
168 161
77 117
15 170
110 6
156 60
147 114
116 13
13 138
85 99
97 86
39 98
164 6
68 24
1 15
67 144
121 51
120 13
167 174
183 132
36 154
7 38
123 163
51 136
156 135
90 69
36 128
22 55
134 89
79 174
103 1
133 79
91 108
92 73
98 130
60 133
99 67
26 78
85 76
29 56
66 158
164 142
101 2
12 90
120 89
131 68
167 37
176 74
150 129
19 25
117 158
131 142
51 31
74 119
127 139
132 146
96 48
147 148
178 93
133 113
181 119
36 19
156 67
93 161
11 151
41 167
164 28
125 70
58 14
44 40
8 175
2 104
79 148
107 112
96 55
80 132
174 115
151 1
182 99
17 48
65 57
31 85
84 155
154 182
24 54
37 31
44 38
174 162
42 136
89 177
7 168
125 36
99 131
36 136
45 92
39 149
148 69
49 88
79 59
125 102
112 161
173 11
55 18
173 136
154 77
128 16
101 108
51 55
54 126
6 98
33 44
63 36
153 151
123 47
25 63
5 176
80 33
3 174
90 31
125 59
107 68
74 63
32 164
117 85
105 162
39 177
62 141
29 30
107 7
116 172
110 160
163 5
8 21
34 98
51 158
12 14
81 126
116 112
105 49
53 66
26 91
58 87
47 126
156 153
133 88
180 58
63 159
102 111
35 135
64 126
108 75
179 44
56 110
156 17
14 24
82 40
114 179
166 16
121 138
168 109
41 164
166 143
178 83
69 68
33 132
49 180
63 43
39 118
9 50
134 22
113 71
61 82
106 43
97 82
36 121
6 76
140 171
34 133
109 143
56 141
130 105
176 8
3 30
166 11
120 115
73 48
42 133
130 147
31 42
44 66
162 49
181 157
75 71
145 183
29 17
179 158
161 170
22 163
55 3
30 174
157 102
38 54
90 23
16 161
104 99
82 122
3 79
94 77
5 55
115 33
71 109
46 47
134 107
65 5
109 94
34 122
51 71
175 141
133 47
117 53
1 14
174 4
132 83
80 136
137 51
168 63
159 70
176 30
153 141
163 42
118 30
153 148
170 101
50 142
153 51
155 142
54 103
81 173
94 33
39 118
136 54
3 100
18 34
169 26
30 148
67 3
33 75
151 18
176 16
15 144
106 25
142 159
127 38
4 77
110 42
10 61
135 12
161 8
85 145
73 155
148 140
157 180
30 123
53 61
179 67
21 100
92 18
115 74
55 118
150 164
15 159
41 150
26 57
157 111
17 46
81 165
41 53
160 110
32 29
27 66
135 47
21 42
104 135
116 158
68 121
177 123
96 33
88 121
89 100
87 146
1 23
126 81
116 141
47 147
25 73
68 160
119 88
17 38
39 172
51 146
109 43
84 60
116 27
180 60
167 123
21 167
145 2
104 76
143 150
78 23
38 145
182 12
49 55
89 127
82 139
88 6
37 28
105 152
54 141
68 76
79 88
99 39
130 18
155 128
167 88
150 20
49 4
71 137
58 159
79 179
153 166
41 5
49 145
13 143
101 80
34 179
23 132
74 8
149 84
135 171
171 101
46 35
144 116
27 57
90 105
51 58
127 91
103 175
52 155
173 8
90 23
3 112
10 116
160 15
15 110
1 41
66 47
116 25
162 142
81 108
63 172
21 45
78 123
75 169
133 64
177 38
126 35
6 135
150 165
5 20
90 6
60 12
92 175
36 109
133 157
32 51
144 93
135 37
71 25
62 20
128 54
57 69
88 102
60 53
82 64
112 28
109 171
39 16
162 114
165 150
86 52
56 85
144 6
162 31
30 39
50 158
132 146
82 35
64 141
127 1
61 54
68 25
40 106
41 57
76 61
62 17
112 117
102 72
122 119
102 152
157 7
165 104
152 102
178 71
59 120
72 159
29 139
183 108
101 79
21 32
139 82
48 107
15 5
178 136
123 135
143 135
181 123
94 148
41 87
75 139
62 2
153 130
140 151
54 96
86 74
167 80
155 31
2 169
75 179
161 54
169 119
4 165
98 138
169 178
40 59
172 142
60 140
87 55
146 180
7 47
69 173
127 80
59 128
104 174
163 80
43 3
15 86
168 112
39 8
145 119
66 132
116 165
87 18
35 88
54 41
135 122
70 117
57 128
60 161
117 78
56 15
81 110
101 104
77 179
111 37
153 32
168 84
12 110
142 46
14 11
127 4
172 12
120 45
179 35
61 112
113 116
166 49
42 82
152 158
77 118
11 85
149 34
169 160
144 126
61 13
176 3
16 163
54 135
63 89
169 123
56 137
55 37
41 136
119 8
149 51
165 159
135 129
9 159
144 8
140 21
60 131
63 75
110 117
65 28
21 89
151 76
42 61
152 82
12 86
130 16
176 150
175 167
95 39
141 54
86 97
114 145
83 177
75 8
149 139
36 25
43 42
140 124
102 107
62 153
9 47
168 40
12 14
22 106
52 19
16 177
155 129
137 53
161 27
101 125
21 176
149 64
33 104
43 134
27 104
142 75
150 125
114 18
139 176
123 46
50 178
39 20
163 175
112 139
58 28
80 78
59 44
181 91
148 80
80 30
183 37
104 5
18 73
22 156
104 184
17 153
34 95
28 12
126 140
150 183
23 45
116 82
129 153
28 132
48 108
161 86
184 80
90 17
8 151
28 112
7 85
120 40
179 148
51 120
143 16
158 21
101 90
102 45
58 170
176 105
133 8
6 132
127 136
5 134
142 72
61 148
156 37
3 151
184 53
126 142
109 100
162 25
5 120
109 102
145 140
62 93
147 107
80 89
98 124
78 56
12 179
19 167
31 22
173 70
114 115
67 38
30 84
102 74
19 26
31 163
21 92
111 23
54 7
151 152
130 45
23 181
39 41
164 109
102 8
178 32
122 60
109 7
143 27
120 18
92 150
36 153
97 147
175 151
9 142
118 178
2 140
175 80
36 10
44 178
17 37
65 179
136 173
41 94
55 17
151 3
22 3
155 119
5 145
85 53
102 58
46 143
53 76
78 128
85 121
121 142
157 1
136 148
30 32
98 84
48 64
86 70
106 96
4 150
57 128
18 14
41 104
157 133
35 50
76 160
27 53
117 39
53 108
3 122
139 100
22 43
19 147
112 125
59 155
130 155
138 4
168 34
147 180
166 181
86 57
156 112
109 88
6 18
11 8
139 6
147 16
48 166
19 15
146 117
169 91
87 162
94 110
11 56
146 176
93 47
88 64
14 53
8 19
70 18
67 64
63 29
120 110
10 138
124 11
70 148
102 12
125 51
121 135
147 82
166 55
168 70
158 37
122 165
96 47
39 162
150 101
46 85
67 96
78 46
106 3
50 23
14 174
114 135
165 76
72 2
170 96
71 143
132 48
164 43
134 18
60 100
158 106
40 80
57 118
126 162
160 31
41 174
20 154
164 40
85 51
82 110
2 8
108 134
56 87
32 45
144 132
184 118
93 40
13 149
13 178
126 172
24 166
17 84
175 180
163 115
87 60
40 88
68 148
77 163
90 109
23 50
96 23
167 4
102 35
8 114
69 173
141 92
155 158
31 1
9 10
116 95
109 155
183 176
158 75
154 64
39 33
113 134
55 135
177 156
169 184
125 53
173 121
1 183
134 31
39 143
80 154
53 5
165 91
180 138
166 6
17 60
38 129
10 132
119 42
143 104
82 123
12 110
59 52
108 49
123 146
7 18
156 59
62 136
150 98
89 171
143 146
46 36
130 95
167 65
137 165
24 34
103 75
183 17
127 106
65 105
107 111
162 118
170 40
69 175
137 14
161 95
15 62
130 144
157 152
24 149
132 87
38 90
162 36
146 144
181 67
64 143
33 41
77 58
80 1
48 72
54 64
22 68
166 7
28 138
158 91
142 145
178 179
90 155
70 92
114 66
14 177
24 46
73 140
104 153
141 151
80 50
71 102
118 52
108 145
45 122
51 2
122 84
36 28
54 105
159 23
26 172
15 89
33 128
85 136
96 41
143 31
130 69
132 63
120 96
63 20
33 154
61 154
53 96
37 107
56 11
169 121
182 40
25 71
167 109
62 78
5 20
108 135
128 96
53 103
7 116
122 79
85 182
48 137
133 125
99 4
135 84
124 173
123 5
59 105
153 120
38 14
180 1
148 123
136 56
42 142
171 19
76 111
17 164
64 149
104 18
9 94
101 132
82 79
176 140
39 145
116 76
158 111
117 161
49 68
32 130
66 59
149 141
169 21
120 88
169 79
106 177
173 62
165 70
181 156
66 35
156 181
151 129
107 83
145 11
6 33
141 71
91 145
68 75
165 43
19 5
122 124
182 110
41 18
179 37
173 60
72 145
96 78
129 18
16 90
29 21
122 25
132 68
25 15
182 5
57 16
9 178
139 46
143 180
63 178
32 92
93 143
52 5
22 51
165 90
112 142
154 59
25 178
113 23
38 169
38 47
19 33
132 17
68 11
10 139
102 103
98 9
147 173
44 168
80 65
114 7
22 83
105 47
117 33
69 154
57 146
56 115
178 4
132 101
54 181
56 11
139 153
19 101
181 102
125 76
166 54
122 4
176 82
90 148
114 14
118 27
159 29
181 9
72 168
109 125
165 164
135 159
172 9
76 25
151 56
140 172
149 78
31 140
159 120
104 129
133 77
11 148
105 7
156 177
175 120
157 11
100 148
169 127
12 100
151 18
155 107
6 119
40 76
115 14
12 74
182 184
150 48
147 110
55 158
142 85
94 155
95 49
118 79
175 129
179 142
147 5
104 8
124 143
83 94
12 134
167 10
134 172
57 136
137 151
150 95
51 59
65 145
147 38
80 137
22 114
134 24
118 53
31 97
51 154
6 63
103 172
112 92
15 24
44 152
175 9
62 41
107 166
42 69
59 121
61 80
90 51
104 23
143 174
160 10
143 165
72 62
9 39
153 23
62 52
174 52
100 91
133 22
112 174
130 170
150 47
106 55
97 25
117 95
14 92
104 157
73 31
74 121
69 42
143 131
94 173
38 49
119 170
71 87
15 56
72 164
102 177
34 54
57 151
5 71
98 148
83 170
179 156
106 103
53 105
89 2
133 167
51 67
152 121
153 167
32 81
2 174
113 36
43 26
42 47
96 139
11 34
165 45
5 126
3 57
86 132
59 34
114 109
141 121
85 149
143 156
45 145
145 14
36 4
39 117
90 174
111 140
63 131
40 67
73 83
163 158
30 77
48 183
41 4
159 165
152 118
137 53
118 97
106 9
140 184
165 86
29 91
41 91
38 121
13 150
19 175
163 48
108 26
86 4
69 100
169 77
73 161
169 6
73 90
54 69
89 34
154 157
125 50
63 18
170 75
23 4
65 1
91 28
67 32
32 175
132 56
67 20
32 51
66 104
180 119
28 124
153 37
96 133
87 158
6 112
48 28
116 153
68 62
36 174
94 67
21 81
122 87
100 153
178 165
113 29
140 180
153 148
33 104
96 119
118 141
46 21
24 17
173 131
119 65
121 68
131 141
148 109
83 63
117 116
84 85
145 39
81 153
42 113
112 137
87 45
133 172
66 12
45 94
142 163
158 118
46 145
114 9
69 53
111 41
168 50
126 168
128 62
136 169
174 104
161 116
148 149
103 29
160 147
163 118
165 136
51 26
96 21
74 20
73 41
101 56
90 42
80 74
103 71
58 132
174 75
103 138
39 21
22 15
24 184
172 4
136 38
70 87
98 143
147 170
183 63
82 129
144 161
18 102
47 115
89 37
45 7
30 84
67 51
138 130
51 125
134 42
18 59
128 116
57 130
101 56
8 182
40 7
14 97
148 61
27 52
137 112
98 166
11 165
32 148
110 82
88 99
123 105
13 107
76 70
52 177
125 100
30 20
146 84
116 110
144 182
17 136
109 115
117 159
135 4
122 100
86 65
55 64
26 67
26 101
136 78
133 116
33 19
135 178
102 106
143 101
144 160
52 108
130 24
83 120
27 60
35 112
125 89
32 6
12 57
106 147
174 95
119 22
113 109
56 70
31 54
170 30
29 77
137 14
100 35
133 126
135 24
94 115
152 165
120 163
37 81
166 67
175 100
128 143
24 183
28 94
53 13
123 121
89 76
175 44
150 163
170 100
42 119
30 10
99 149
28 175
86 49
57 76
148 1
35 28
39 102
161 131
115 100
108 59
31 138
143 36
116 128
136 14
62 21
63 16
26 90
6 111
139 103
42 142
143 116
25 37
34 42
168 4
141 131
102 27
84 60
62 55
43 53
68 144
114 130
159 139
76 21
105 70
123 146
67 81
118 132
117 7
173 140
10 169
86 151
51 25
27 152
120 69
21 43
69 174
29 43
168 104
63 88
29 41
89 135
161 62
82 94
68 110
89 117
94 31
84 184
55 110
152 30
34 28
73 102
17 101
1 184
60 103
87 128
144 31
78 120
93 16
69 160
125 158
93 75
4 32
74 98
181 41
128 30
68 56
172 124
156 28
123 71
130 65
14 129
136 91
65 44
146 173
59 87
2 7
17 5
38 90
143 34
171 126
104 54
181 91
178 8
158 156
78 103
37 131
48 28
77 152
71 39
140 169
165 142
176 181
2 29
86 184
63 72
165 166
166 161
112 15
24 85
170 101
43 62
87 90
89 164
97 15
18 93
184 182
90 175
34 131
19 119
171 121
47 151
102 28
128 69
42 151
153 67
108 12
129 50
141 73
29 94
88 86
42 87
123 131
77 156
117 135
131 103
72 177
70 29
20 53
98 101
19 106
167 166
157 151
72 154
40 100
63 127
42 104
69 164
90 145
136 22
135 82
165 22
114 50
91 173
102 4
89 160
149 111
182 122
78 69
91 157
168 9
139 25
152 23
45 57
23 36
118 157
157 98
35 86
147 125
74 104
168 18
80 132
168 117
109 61
1 15
73 24
23 27
89 174
49 133
86 71
24 20
84 180
157 118
81 160
98 10
79 81
67 14
68 50
130 177
151 170
47 39
10 70
106 98
99 154
86 41
81 109
100 164
104 72
97 40
47 50
89 166
170 155
35 53
60 21
85 26
6 132
105 15
57 26
152 11
179 53
51 115
161 150
94 120
78 46
159 164
95 103
1 80
73 36
173 133
56 73
14 101
60 118
183 123
167 34
32 73
148 48
79 58
168 156
143 182
135 54
141 136
133 29
27 161
17 122
50 71
38 149
44 49
121 43
172 143
116 59
71 79
106 149
176 129
120 135
167 111
44 123
102 176
7 128
9 64
105 98
134 142
62 33
7 38
75 34
180 46
132 67
125 53
71 156
38 47
106 60
157 149
182 114
181 44
57 5
107 161
102 96
158 19
129 20
57 59
93 92
105 40
14 85
133 85
56 26
131 18
85 143
22 82
72 18
125 168
62 88
184 19
183 157
78 167
33 134
42 165
41 2
21 55
86 9
179 181
34 125
14 118
83 36
55 154
93 35
137 11
122 136
29 161
148 106
143 36
95 40
17 176
81 77
86 166
85 80
19 158
20 32
91 142
67 145
111 16
35 103
26 157
133 97
56 131
133 150
27 5
141 107
81 82
129 21
161 147
178 180
34 124
177 141
124 103
156 158
61 181
170 10
130 118
107 1
105 95
7 171
99 3
93 35
85 77
95 61
39 88
97 73
67 89
29 6
48 40
19 108
76 5
118 21
162 80
62 82
174 68
68 128
70 17
162 154
93 72
71 172
15 167
60 81
111 128
126 158
167 144
122 58
148 95
118 126
30 179
63 19
62 171
2 172
3 19
181 135
130 67
122 184
89 181
80 16
164 61
29 146
60 6
59 64
100 177
5 129
171 107
3 89
93 4
76 135
62 72
86 7
179 23
6 83
60 125
138 39
41 167
41 101
172 99
164 128
131 24
112 158
170 115
62 79
158 177
69 76
64 10
82 98
33 128
181 132
68 134
170 109
156 66
65 184
165 44
167 151
107 94
124 92
64 41
26 78
73 95
153 137
104 50
90 176
177 86
123 101
76 149
65 87
30 129
86 50
28 68
17 134
18 180
41 81
77 67
158 149
17 126
141 160
32 47
8 64
172 170
164 63
134 84
150 164
28 91
69 55
15 125
4 32
121 85
112 53
7 126
17 63
107 14
78 138
60 85
58 47
71 77
150 60
161 115
79 4
61 148
99 75
88 142
106 64
42 74
116 88
15 173
150 121
2 84
115 101
168 172
147 94
64 152
154 40
122 88
84 183
51 38
73 179
179 35
58 77
108 30
164 162
58 170
98 59
109 68
159 92
55 161
42 159
129 51
54 66
138 137
104 45
174 177
39 25
67 136
101 174
21 120
151 78
145 104
176 69
28 150
17 122
167 58
96 151
148 150
72 101
142 176
1 132
24 79
12 90
31 112
119 91
47 125
169 48
84 160
116 111
166 172
49 4
85 144
154 48
149 41
5 107
72 5
94 95
84 105
40 154
72 158
100 158
98 84
21 182
100 177
148 121
164 12
124 65
12 133
112 160
29 116
122 101
161 31
51 60
175 91
69 62
104 168
36 58
108 56
55 63
48 18
183 68
70 162
132 81
150 99
96 178
31 34
134 47
64 1
106 95
131 30
156 50
13 7
147 160
103 17
38 6
75 76
73 184
53 60
80 18
159 175
52 45
64 1
91 168
41 52
78 171
81 49
77 133
96 39
109 54
96 146
99 26
38 172
25 130
87 144
148 61
174 15
105 54
55 11
37 96
62 154
122 182
58 54
131 153
133 55
62 44
16 161
109 93
4 133
39 90
92 42
151 81
96 111
174 150
162 26
101 79
179 39
77 53
132 23
61 80
117 123
163 132
139 87
81 142
75 119
87 22
16 53
103 111
20 132
116 181
158 33
75 8
111 151
100 58
29 161
138 145
139 116
59 29
90 133
3 176
11 18
85 153
168 144
100 99
140 73
131 70
121 57
77 36
115 105
52 108
66 46
79 54
178 177
82 123
166 124
155 176
181 95
144 164
54 59
78 9
172 25
118 108
121 10
183 91
115 91
14 36
136 133
89 130
125 26
108 106
149 78
97 145
172 56
124 41
155 57
89 142
81 23
105 58
32 103
148 2
9 18
37 1
150 165
130 90
6 53
52 10
171 148
10 158
60 133
55 30
46 143
171 166
21 91
39 53
49 3
54 98
60 131
98 25
111 83
154 117
175 21
166 161
169 176
175 44
164 45
73 25
43 99
7 64
156 93
87 65
46 146
11 183
26 162
121 180
94 112
16 75
128 40
106 118
123 86
18 51
110 61
5 116
164 49
17 135
182 103
55 83
65 106
82 130
83 18
125 176
169 181
106 113
76 28
46 55
153 104
145 78
164 150
50 183
14 66
133 51
168 43
134 88
148 71
34 46
88 14
77 73
10 183
41 126
66 86
180 34
45 140
151 24
145 16
22 159
81 10
65 105
53 14
8 16
84 81
102 28
95 178
140 144
32 180
85 137
121 120
26 166
116 177
45 76
8 67
90 89
116 11
9 24
24 56
80 148
137 181
31 87
174 170
86 62
165 27
14 141
146 40
122 117
32 167
49 79
89 138
23 60
148 71
84 28
127 163
31 119
15 61
61 44
86 146
105 106
172 159
62 174
14 184
106 85
22 154
163 110
148 2
169 151
72 108
34 54
126 64
28 140
164 88
40 65
50 184
170 77
158 48
66 27
87 28
111 108
181 130
33 184
171 57
151 98
165 184
152 146
104 35
102 83
123 181
4 28
180 173
104 10
76 170
36 162
13 3
85 49
172 157
89 158
70 95
71 50
134 78
11 53
113 152
176 91
4 179
118 184
167 37
9 59
62 84
76 114
126 161
163 113
173 67
86 58
17 13
147 150
130 14
19 98
21 10
4 25
4 161
24 26
54 72
124 115
11 16
45 137
32 63
65 20
169 7
118 1
59 80
150 4
133 24
142 154
33 1
178 76
162 57
142 31
168 81
1 178
96 45
170 127
107 51
3 91
97 120
131 155
55 97
158 4
120 155
13 9
156 6
84 133
62 81
19 85
162 19
78 113
96 26
154 98
157 66
73 103
76 167
55 49
26 175
20 38
183 31
43 122
163 144
19 37
84 36
55 18
148 14
121 59
80 130
12 92
11 124
10 126
107 105
30 132
95 49
26 133
119 108
110 97
108 168
173 7
19 84
24 23
97 144
81 176
89 133
83 139
72 133
80 178
53 110
166 3
14 7
175 133
154 140
85 77
164 114
84 38
13 147
60 149
107 181
141 51
129 79
46 16
67 125
50 159
90 71
17 144
117 47
132 86
3 32
163 166
1 102
19 13
64 119
162 26
115 158
77 99
92 122
114 15
102 19
173 8
89 46
7 21
92 138
107 94
25 125
115 26
42 134
78 105
108 55
131 38
68 63
136 16
184 105
30 101
164 18
148 68
63 154
89 11
147 51
104 172
175 35
13 32
24 90
136 171
1 122
24 108
184 15
123 39
159 152
180 138
26 143
62 128
153 150
138 115
16 58
142 6
132 154
77 11
100 68
181 100
6 60
23 45
114 2
84 88
153 79
82 178
77 143
122 45
148 75
16 19
172 157
24 159
167 140
169 82
23 165
37 28
80 99
73 9
100 156
137 109
90 34
102 166
32 79
27 179
10 82
13 181
94 76
12 76
31 180
13 93
17 89
121 96
44 49
145 143
60 97
67 149
170 25
130 17
143 12
51 152
133 103
5 43
178 16
158 64
11 171
156 67
115 132
163 158
36 163
157 135
75 39
99 60
103 85
116 62
136 166
29 85
84 33
167 117
88 140
36 99
166 47
165 97
179 183
161 42
21 91
121 159
6 39
99 121
140 91
102 25
175 41
57 157
13 145
152 48
99 134
95 119
46 129
158 155
54 174
53 74
121 173
89 126
67 43
63 23
133 20
47 163
61 143
175 113
161 97
132 111
72 177
55 45
3 108
74 55
38 10
43 166
136 150
24 54
172 13
73 74
175 173
72 166
102 71
164 118
167 111
44 54
143 98
138 145
61 68
16 98
77 98
119 68
63 183
121 90
11 10
163 1
182 91
22 139
161 1
72 143
151 115
53 109
68 6
70 129
73 85
82 6
38 17
73 101
15 10
6 65
59 25
65 96
115 127
51 91
167 162
89 134
93 141
58 16
3 127
144 115
67 82
160 105
138 49
61 8
98 106
72 12
130 176
107 100
118 13
6 101
175 135
50 123
91 147
138 133
90 138
104 12
35 79
156 172
167 32
179 120
178 106
131 123
97 54
39 31
66 84
171 56
34 76
34 165
38 172
153 167
125 72
179 15
151 6
2 173
78 36
109 71
141 55
9 93
108 87
163 30
171 149
125 60
40 159
40 118
2 9
100 166
120 134
180 126
140 181
115 73
72 39
143 68
133 7
160 97
94 139
126 120
103 106
179 183
80 75
116 121
123 71
102 58
21 97
184 160
133 154
88 20
48 46
127 180
52 103
92 1
57 73
160 15
179 11
53 114
85 24
51 23
95 152
120 115
105 119
130 53
128 33
113 175
118 55
171 25
157 118
26 69
47 41
124 81
51 176
50 135
16 100
13 150
108 173
80 68
107 65
120 91
137 88
81 70
143 107
94 155
81 159
40 127
16 163
63 66
10 112
57 65
68 109
30 31
97 109
98 60
29 73
150 165
161 86
50 159
9 184
129 89
158 24
71 29
42 133
135 52
60 47
116 127
11 2
157 108
23 179
183 28
159 15
113 65
173 161
104 157
65 117
181 175
146 38
123 136
129 183
182 101
165 8
102 178
155 67
103 33
61 101
60 76
155 29
180 143
45 99
116 110
71 152
140 72
5 79
23 174
117 20
90 97
28 7
90 38
113 49
71 174
5 130
105 160
14 100
118 59
54 89
24 164
56 163
52 101
97 74
90 29
94 179
166 161
41 71
54 153
159 124
182 164
110 142
139 123
97 72
37 6
17 60
170 72
79 37
172 175
150 77
60 59
111 41
75 7
151 129
16 126
108 13
105 33
11 59
12 107
170 48
113 42
148 98
114 42
174 141
72 139
34 131
54 184
27 168
7 34
112 62
159 36
114 119
108 124
33 119
47 58
167 159
100 130
112 29
27 101
169 138
55 58
125 148
98 151
132 144
184 59
21 14
132 58
74 164
32 120
38 14
134 137
183 61
21 25
161 45
163 71
75 16
109 22
159 109
120 35
122 70
168 110
167 57
89 14
32 166
68 165
158 66
81 178
131 57
39 109
168 181
67 58
52 175
79 66
139 54
100 117
163 83
42 1
180 170
15 27
152 122
48 165
3 128
15 133
41 93
97 64
89 19
121 140
50 55
61 4
148 160
120 127
98 17
127 93
3 181
160 10
118 23
30 161
6 44
149 46
136 102
109 80
120 85
75 169
179 135
29 143
110 4
85 24
21 67
156 63
64 131
112 181
9 141
13 15
1 162
60 176
79 25
72 14
109 146
39 144
97 67
142 62
110 82
85 170
148 97
48 27
43 15
64 52
156 76
66 12
93 165
3 171
45 74
1 154
76 79
153 172
1 110
49 110
7 174
96 10
86 183
77 168
14 140
75 25
71 180
36 164
161 38
150 21
152 6
30 43
124 38
70 124
147 158
90 9
3 41
59 88
39 135
112 92
130 2
116 56
182 7
35 158
85 41
34 52
86 104
134 26
141 59
5 144
32 94
8 35
134 66
162 29
56 89
160 1
91 92
57 128
138 131
101 38
27 174
129 113
133 78
178 90
136 38
89 24
172 96
58 121
18 75
5 73
164 165
114 110
112 170
53 65
156 9
103 183
38 47
151 171
165 184
76 156
37 164
179 24
115 92
1 172
167 5
61 2
25 174
111 136
15 19
17 170
27 159
24 64
21 174
50 41
173 165
13 66
184 7
89 155
139 129
142 121
134 58
162 14
87 88
150 101
146 22
127 172
180 6
91 16
180 181
97 24
17 109
89 17
155 34
27 109
162 168
85 151
42 62
165 128
5 170
85 150
7 67
177 2
72 84
57 107
120 153
171 136
77 115
8 88
148 34
52 166
18 137
172 99
54 152
82 59
177 22
64 183
88 57
40 16
180 97
162 115
105 148
106 38
79 114
125 82
147 176
103 20
168 91
118 38
98 16
136 91
37 15
129 165
111 169
36 106
81 13
76 41
17 38
78 135
151 18
72 113
50 175
133 33
81 106
110 34
161 61
124 14
116 69
34 42
93 69
4 29
121 119
69 137
156 147
87 162
20 159
91 69
149 79
102 85
40 27
118 17
128 98
70 59
22 103
140 114
27 183
182 147
158 66
100 129
68 42
107 88
16 53
156 20
171 113
144 66
180 118
82 123
71 151
37 92
109 32
61 135
31 58
138 4
163 53
172 47
174 6
42 1
65 68
114 25
134 149
182 31
87 68
38 163
159 2
10 75
137 40
172 130
83 150
38 111
52 171
100 81
176 142
82 57
65 51
121 14
15 118
85 141
1 162
119 15
163 128
89 155
168 76
100 106
81 137
32 173
124 172
69 155
129 6
67 49
56 3
63 110
120 3
66 160
164 184
174 142
128 78
113 151
9 68
72 130
21 144
118 184
131 42
10 115
88 77
163 183
79 81
109 55
83 174
30 102
30 20
100 157
137 68
163 146
135 90
91 11
49 64
10 35
145 20
5 48
96 24
87 30
144 11
84 83
40 114
184 69
133 99
81 125
166 59
86 157
149 32
167 53
135 33
128 96
92 172
183 43
11 85
72 11
135 156
93 31
125 132
99 113
87 36
53 108
94 139
80 98
26 103
151 17
135 134
152 42
121 150
84 172
91 11
182 81
166 130
111 146
117 66
74 19
101 127
127 50
121 62
148 2
164 114
18 114
103 169
11 39
175 134
66 81
145 63
17 166
48 128
128 165
49 17
183 149
183 165
14 119
43 161
121 62
130 178
32 48
163 42
127 153
176 8
89 136
111 105
117 158
88 100
178 136
117 33
100 115
13 154
90 95
170 66
13 116
59 44
19 77
125 145
45 116
9 133
107 119
94 80
132 37
179 126
173 151
158 128
82 26
137 27
161 123
132 173
54 6
32 112
83 156
113 167
128 121
156 90
95 105
169 82
141 20
63 129
170 76
113 107
102 65
133 78
3 120
106 96
126 177
4 176
86 131
152 57
77 62
17 101
183 158
120 62
142 106
137 70
28 94
175 17
27 177
136 132
129 117
124 8
36 128
183 162
114 6
74 46
107 91
147 105
64 82
166 21
43 159
91 111
68 81
127 95
113 118
42 57
91 22
104 166
5 142
143 158
147 33
20 69
123 166
174 42
103 11
62 146
169 8
72 53
128 54
147 97
27 44
9 117
65 113
139 69
70 137
43 73
169 102
141 147
83 170
44 1
181 106
2 21
153 73
73 97
126 75
49 9
159 57
165 39
169 119
148 95
72 46
167 96
3 163
99 85
5 142
125 41
103 167
61 72
55 174
24 37
104 72
45 78
128 25
157 153
184 160
103 111
61 125
22 63
103 160
3 107
118 167
3 36
149 64
147 20
53 170
96 12
97 180
90 41
20 62
49 59
77 151
169 137
91 7
15 49
22 17
12 139
183 14
31 148
77 33
23 169
19 158
181 115
153 126
11 28
3 99
87 79
65 71
31 155
117 85
60 139
101 71
133 139
84 19
142 17
52 20
1 110
177 37
80 1
162 91
29 20
45 155
98 110
41 168
120 14
108 179
8 64
65 180
59 5
15 16
21 106
76 61
31 108
98 110
109 75
56 177
95 101
147 48
26 43
72 1
56 35
180 103
99 100
99 157
104 153
28 124
74 103
1 104
27 138
69 175
28 125
23 162
41 169
66 106
67 177
146 163
27 141
81 125
57 35
97 16
3 165
140 76
83 180
35 149
133 104
179 16
44 17
34 124
41 99
85 108
91 46
86 117
43 166
98 139
17 50
154 59
30 109
135 153
144 169
117 132
88 152
148 171
168 37
110 65
135 50
172 81
96 73
53 178
94 150
132 150
56 101
25 85
66 159
53 25
183 26
13 127
177 160
113 16
52 79
80 2
128 107
122 79
179 30
72 129
180 19
94 91
160 118
31 41
132 124
105 131
149 117
113 181
132 41
52 183
119 172
40 103
94 161
181 129
7 109
73 42
167 166
132 142
140 18
182 87
141 103
73 105
35 1
141 23
82 9
21 16
36 61
158 129
77 155
73 123
119 1
164 101
167 151
59 162
169 56
104 125
14 177
86 89
33 82
111 114
130 131
170 165
47 143
150 124
153 38
62 87
39 82
44 61
88 102
38 112
157 181
53 27
173 178
115 62
75 41
31 61
27 56
41 74
55 6
53 63
84 154
6 162
91 49
78 179
150 155
106 162
151 14
4 180
47 118
57 162
14 127
38 41
183 78
154 53
124 62
115 23
71 160
184 162
24 77
12 173
87 157
151 53
27 10
48 73
168 104
50 181
47 87
77 85
21 86
177 144
3 147
22 74
123 61
91 146
177 142
135 79
114 141
131 140
150 179
29 173
138 118
170 40
61 102
124 81
4 116
80 6
79 141
119 17
17 65
18 9
22 152
87 176
148 73
131 154
67 15
142 61
133 167
100 49
85 80
129 88
11 64
133 129
20 108
1 76
28 19
84 50
41 174
138 27
143 61
42 140
121 30
123 36
78 23
115 62
150 166
165 138
110 40
61 111
115 89
169 14
178 10
79 74
183 32
100 181
92 181
137 68
26 115
104 143
137 74
60 142
95 40
95 61
79 12
27 49
140 11
62 133
20 180
22 19
68 161
55 159
158 7
43 39
161 2
38 113
115 97
70 66
177 21
126 111
32 152
160 171
162 77
159 181
113 36
55 180
12 110
10 25
156 92
104 133
133 141
101 64
93 27
169 125
47 110
52 78
117 67
104 94
183 78
130 111
153 41
106 20
6 156
85 17
63 4
5 12
184 106
115 92
132 99
73 178
24 164
111 180
46 70
89 44
3 74
11 155
154 156
30 15
127 114
32 6
117 36
17 156
141 171
104 128
85 176
161 148
155 127
143 56
12 87
139 14
16 149
24 170
121 54
184 63
167 31
108 140
107 164
151 63
150 70
47 50
61 23
13 71
150 155
126 17
57 81
31 113
45 94
98 21
3 137
124 170
168 47
165 130
27 131
8 32
17 94
82 117
117 134
44 122
145 169
138 57
105 24
169 6
118 122
26 120
75 5
145 98
52 165
43 118
152 90
149 24
184 86
140 116
76 183
93 76
24 46
132 128
70 157
173 43
94 55
18 168
59 19
81 150
183 123
83 150
29 88
173 28
29 169
183 144
23 91
35 86
176 167
70 101
139 58
143 48
112 17
72 27
35 152
176 73
131 115
79 15
18 67
82 86
91 120
46 154
26 80
95 57
102 164
158 96
78 156
184 45
172 71
71 62
78 63
135 64
177 29
78 50
135 159
175 82
94 36
91 159
156 1
32 73
21 45
169 98
16 168
182 44
94 69
105 171
171 95
51 19
163 168
108 114
183 98
51 92
174 141
107 145
141 178
73 161
38 97
114 53
120 112
136 69
36 57
56 62
7 146
120 170
169 43
99 167
180 149
115 25
145 37
25 101
30 138
118 67
50 87
159 26
14 111
94 89
23 5
6 29
6 125
14 175
23 152
157 19
156 87
83 116
163 108
73 8
61 6
114 150
132 89
175 2
55 85
90 77
89 96
105 95
36 159
85 99
126 97
157 98
40 55
69 18
18 141
66 78
2 179
44 134
123 74
135 177
158 80
69 103
175 30
13 67
4 137
165 169
89 137
122 128
146 25
147 67
142 5
61 41
138 184
115 128
32 128
23 141
46 14
170 98
120 29
90 100
13 179
92 135
122 138
181 123
18 183
5 160
3 106
56 140
145 26
83 176
154 146
132 55
159 157
153 94
1 58
49 54
92 140
4 30
133 40
8 151
38 53
166 41
158 37
36 118
63 159
149 72
120 97
126 134
109 94
83 110
8 131
163 99
126 22
168 114
61 176
80 98
84 61
178 57
138 70
30 16
44 178
127 19
130 68
152 55
18 90
20 25
76 182
163 17
59 3
170 119
178 66
72 117
166 106
173 119
175 58
174 74
51 156
92 37
40 99
131 57
4 150
121 79
3 99
135 61
101 120
35 134
41 106
66 23
67 94
181 57
151 27
170 58
182 77
94 77
31 40
133 34
45 69
112 47
24 102
107 124
38 141
114 78
102 179
140 169
129 177
81 95
59 107
8 56
183 101
133 70
180 121
103 40
6 71
86 29
172 48
8 65
4 121
183 146
156 178
170 140
170 106
50 44
28 58
140 27
14 128
96 50
104 54
89 109
124 31
177 152
78 41
72 82
17 70
43 172
64 68
127 89
173 33
173 17
130 168
83 183
151 34
48 70
87 137
35 67
23 27
74 100
107 145
181 124
71 79
151 174
146 134
78 135
22 106
7 151
5 95
122 53
165 24
45 15
130 67
81 19
166 4
20 19
127 90
137 93
79 139
82 12
89 103
158 135
69 102
39 114
13 160
166 177
39 26
7 25
132 87
43 113
130 102
171 72
7 124
21 125
78 102
177 22
21 150
156 129
67 50
58 119
25 79
111 103
144 157
127 91
100 26
60 45
127 86
157 134
25 177
114 142
134 106
163 10
111 174
139 178
39 52
152 103
171 79
22 130
91 148
77 6
173 136
51 116
37 63
105 102
55 34
59 44
140 78
54 106
67 48
99 146
139 67
64 125
1 85
71 91
89 147
137 117
138 43
48 30
105 8
171 15
42 46
58 37
163 111
142 85
14 97
46 153
19 110
93 59
50 19
5 138
165 141
111 158
183 158
44 103
22 30
157 103
115 31
179 93
181 176
178 11
88 39
19 146
4 111
20 94
170 25
87 150
21 13
164 20
27 23
162 48
52 135
150 167
21 144
115 17
135 108
67 79
3 85
40 46
52 100
139 37
164 42
42 184
94 61
59 120
83 37
167 175
27 172
157 47
131 87
63 122
51 170
56 93
110 135
138 161
50 93
53 69
174 135
109 83
11 167
59 134
59 41
124 85
29 136
131 15
78 50
176 128
75 47
36 184
182 30
17 87
162 69
156 7
59 80
89 70
102 147
19 161
44 182
61 112
133 48
166 26
97 158
10 171
60 85
26 97
154 42
184 131
151 11
137 25
130 82
134 47
84 152
23 127
5 84
94 137
131 76
19 83
89 68
109 4
8 174
101 162
32 100
108 182
110 101
62 55
182 12
141 81
19 164
103 157
160 49
48 34
171 176
141 135
180 149
124 96
126 11
51 89
8 16
5 70
110 2
81 66
123 99
45 2
162 147
158 138
51 62
27 77
53 168
27 88
172 7
183 113
17 49
57 65
64 102
174 173
103 110
55 41
24 139
82 42
102 56
179 8
117 61
85 25
84 151
113 71
157 151
39 30
16 96
94 119
13 83
148 155
8 58
52 71
52 133
112 153
44 146
17 160
63 101
1 146
67 153
33 80
119 71
109 174
22 58
109 34
140 112
45 3
25 136
73 76
84 41
85 128
42 101
143 104
17 183
66 123
151 98
58 86
24 166
75 46
119 34
6 163
36 30
114 149
146 54
5 46
37 46
2 179
6 18
178 71
180 184
24 54
125 47
75 56
92 154
134 27
3 140
45 79
25 15
83 170
68 127
71 104
28 72
138 33
129 171
103 165
171 126
74 111
173 148
166 120
157 116
146 16
111 47
94 175
61 32
17 128
158 87
87 1
15 40
34 183
27 176
163 53
118 52
19 146
16 1
81 28
156 83
43 122
129 176
112 5
23 128
172 180
31 114
181 85
153 70
83 35
61 62
127 34
113 146
179 168
2 116
52 157
14 94
94 182
86 21
2 108
5 29
104 35
142 140
159 150
65 57
41 125
158 23
15 87
168 9
110 169
124 161
181 177
111 90
174 12
151 31
159 155
59 78
45 56
73 19
62 177
115 142
158 89
164 172
31 148
172 160
13 169
152 123
74 142
134 80
172 108
90 87
42 134
182 154
8 59
147 123
16 120
27 180
107 57
183 142
52 170
117 64
154 85
42 84
82 175
19 69
139 109
11 36
58 9
45 66
67 47
44 123
166 70
158 128
166 156
126 73
181 58
177 7
182 34
90 119
65 148
44 19
72 54
94 170
62 138
51 169
41 134
147 62
59 120
6 40
131 171
112 127
84 104
173 82
178 78
56 58
42 99
116 153
153 25
138 70
18 44
94 58
177 56
160 51
175 21
130 161
7 58
104 90
17 92
27 10
26 83
67 107
181 182
115 149
62 69
75 120
112 168
33 145
40 8
11 70
28 141
47 34
54 6
164 110
137 6
120 18
88 42
124 125
80 95
129 181
163 19
116 130
3 5
90 82
52 141
151 80
137 13
153 46
18 172
178 90
172 121
172 152
61 67
102 46
103 80
64 35
65 106
79 11
3 130
151 10
65 143
22 34
4 80
61 158
90 54
104 117
31 131
124 131
13 41
176 115
160 56
5 41
17 123
51 20
69 57
69 133
15 90
22 18
25 83
31 114
176 174
87 22
120 26
153 172
67 184
143 82
55 3
122 72
126 28
131 10
84 15
182 138
144 60
11 169
182 82
138 29
71 40
91 7
106 99
178 28
98 136
109 9
139 47
114 106
169 54
120 166
7 119
81 18
143 118
99 137
3 25
176 93
31 97
7 65
164 144
16 89
152 10
175 127
129 104
48 113
157 23
135 20
142 71
77 140
45 31
92 47
55 84
139 86
36 1
150 16
184 21
144 152
71 134
94 55
53 182
24 66
20 14
85 161
124 161
157 168
7 64
30 101
3 24
2 79
64 7
134 64
68 93
71 178
42 164
48 134
17 111
55 37
124 179
53 104
11 25
87 17
89 157
118 91
180 159
25 100
22 158
163 89
66 49
122 147
68 169
137 85
136 7
121 115
2 173
34 12
54 121
69 142
133 42
88 128
56 113
83 77
126 61
21 8
109 142
10 33
167 146
117 118
9 93
48 50
121 122
61 174
58 169
171 6
66 75
173 122
43 72
14 168
172 75
31 137
32 41
169 54
42 141
171 50
49 75
99 169
12 16
159 109
40 145
154 106
75 182
83 117
69 96
141 97
26 171
49 58
67 33
151 149
173 178
54 77
68 9
61 119
24 35
83 103
36 52
64 110
49 146
83 158
98 39
70 123
65 118
36 172
6 3
136 34
180 45
110 103
53 26
37 116
101 119
35 136
26 98
101 74
60 183
47 157
77 156
135 182
129 171
169 174
173 160
23 24
20 172
126 73
54 18
44 154
176 78
145 17
32 61
90 131
100 177
143 176
148 93
173 133
79 13
122 107
28 1
130 88
28 111
16 81
128 59
90 119
137 50
135 24
111 81
154 66
73 112
57 76
20 86
24 139
138 146
101 166
146 47
109 29
13 124
110 141
182 15
75 174
65 66
53 31
146 22
96 74
173 8
5 49
133 29
3 87
30 143
108 31
45 32
59 58
155 24
14 8
39 128
38 143
9 90
29 10
112 164
83 140
171 128
4 120
156 46
22 41
5 169
71 49
16 169
106 26
9 119
73 87
103 110
45 111
16 113
161 167
92 99
122 78
42 166
53 13
27 114
93 31
98 163
120 113
4 41
178 12
16 67
98 118
176 182
84 47
110 60
69 17
159 47
134 16
28 3
69 54
116 161
125 30
180 60
182 183
100 32
50 155
98 147
88 129
144 172
32 109
47 100
125 61
146 74
77 173
116 145
43 48
161 23
117 156
82 114
154 37
145 19
8 98
21 135
43 20
162 74
128 65
29 108
125 175
38 17
163 153
17 61
56 178
83 172
149 20
102 159
57 102
33 104
16 54
54 98
113 32
27 97
96 55
20 76
45 97
93 64
66 149
164 121
142 63
109 107
122 66
121 178
23 153
137 38
62 7
78 17
87 29
72 146
104 116
59 52
35 164
17 15
140 158
117 104
120 54
169 56
88 48
65 40
85 126
46 76
156 163
132 58
7 19
60 151
175 118
18 25
137 34
79 92
8 11
12 167
65 36
39 8
83 143
47 24
84 133
139 56
111 86
153 158
145 68
124 135
1 141
15 177
31 134
85 78
144 136
60 64
171 138
71 110
96 158
133 36
106 127
91 72
28 99
85 28
167 24
18 23
21 33
16 51
22 140
168 165
91 43
85 117
37 11
82 132
168 70
167 129
12 113
57 80
68 141
107 50
21 125
112 41
13 167
131 34
122 114
54 68
12 138
41 48
149 122
36 172
8 58
117 59
27 173
138 94
169 101
183 5
41 110
45 93
93 31
126 70
184 179
138 12
173 34
99 137
155 174
164 18
48 136
117 74
124 110
23 109
26 21
153 106
130 14
14 78
84 179
148 84
174 141
135 18
174 89
10 184
79 173
58 166
125 174
95 104
99 117
68 165
137 37
86 122
90 140
16 173
134 19
112 163
15 102
180 44
7 5
83 125
178 140
146 158
169 56
77 124
172 145
144 164
37 45
101 126
184 156
154 174
30 82
152 44
183 148
87 45
152 170
25 1
165 170
158 6
41 51
129 68
51 88
47 87
172 4
68 28
15 37
17 45
158 24
128 13
171 31
57 179
56 82
35 76
107 9
81 148
99 65
71 5
8 158
131 36
17 14
103 31
50 119
75 64
182 19
76 169
89 132
19 184
69 53
115 176
101 52
179 55
156 65
59 164
78 5
55 94
18 157
125 108
131 55
171 128
113 62
152 17
49 170
56 158
79 27
149 35
78 143
90 49
63 148
68 141
9 122
50 26
134 30
173 80
85 15
64 13
116 31
70 165
57 165
178 175
7 142
25 84
140 114
133 58
118 56
14 126
178 104
7 167
133 36
63 73
50 126
86 166
12 11
2 68
175 179
98 182
176 123
121 171
92 109
44 25
165 98
150 14
17 13
180 5
48 98
78 137
79 163
158 91
29 159
14 19
9 112
56 40
90 177
26 181
141 70
22 121
167 27
174 39
79 170
43 126
83 120
79 162
138 92
108 166
67 121
41 115
88 96
155 177
128 36
174 85
105 51
61 127
117 51
165 12
36 24
177 158
183 111
175 137
19 138
158 125
75 14
55 18
150 65
11 93
101 40
177 61
90 94
44 62
144 24
73 35
87 106
48 126
32 79
118 50
32 91
30 106
145 125
164 110
5 174
18 145
69 51
62 14
144 105
75 143
168 4
177 111
109 80
52 180
158 169
86 6
151 75
55 130
184 60
159 18
60 43
108 121
56 107
81 171
65 105
174 97
31 138
32 122
133 6
106 34
51 76
149 17
151 19
3 6
118 17
63 34
60 170
10 155
92 91
141 12
51 170
148 81
123 180
18 72
1 163
145 51
54 109
107 60
168 149
66 141
166 128
30 81
114 40
91 61
170 88
113 36
73 76
116 52
71 173
163 111
151 123
161 60
88 124
120 111
128 1
107 149
128 137
85 57
32 176
158 57
119 86
92 7
161 63
98 48
51 116
158 57
95 175
116 38
154 51
4 137
51 110
102 179
102 2
91 133
33 104
5 151
5 136
14 22
14 111
109 104
83 122
16 177
152 172
30 121
38 33
114 129
182 31
163 100
72 109
88 105
29 133
111 33
84 124
94 138
91 18
97 173
140 113
165 107
100 50
84 177
122 13
121 119
83 139
34 154
64 162
114 92
110 41
164 9
164 114
146 70
131 59
98 86
27 78
9 166
167 132
14 104
144 135
39 42
129 112
11 8
89 165
139 14
21 159
23 184
88 24
110 34
122 23
160 4
141 24
169 163
155 183
83 114
173 161
11 157
88 61
21 33
41 159
46 101
173 108
141 116
172 66
6 109
128 165
153 124
44 177
103 14
175 41
167 19
17 33
176 104
93 12
136 174
26 38
90 55
1 46
170 172
151 31
137 95
11 105
74 94
97 176
107 128
72 129
2 88
17 33
48 110
44 39
99 110
76 44
20 77
90 5
104 56
36 56
6 86
160 80
180 113
111 142
96 183
127 97
126 143
130 173
108 29
68 62
138 143
106 13
75 11
18 35
106 93
90 112
34 106
7 69
34 157
67 129
155 49
81 137
47 26
125 155
55 8
32 48
7 177
61 121
43 118
155 149
66 101
116 139
22 162
64 95
134 130
79 145
34 159
97 80
41 77
90 95
125 122
182 131
154 98
107 13
71 78
17 136
178 132
131 55
109 10
149 98
179 83
58 28
57 10
107 97
87 53
47 27
174 85
13 183
182 119
51 69
52 67
60 85
14 6
139 162
55 143
76 49
41 173
76 138
90 125
91 177
7 120
77 19
158 74
177 25
182 45
91 58
169 145
103 164
162 158
162 93
62 19
82 178
12 160
32 101
100 162
93 106
137 25
164 110
99 156
174 136
56 81
49 41
81 152
60 58
165 37
151 42
95 88
35 146
63 106
63 18
123 11
163 75
76 142
41 30
153 30
165 25
150 30
105 86
37 20
144 17
56 150
58 151
93 133
112 11
54 30
68 177
81 46
107 156
43 3
1 11
73 21
75 78
50 179
164 86
14 163
142 110
168 16
116 76
4 83
126 57
153 49
94 52
60 136
54 100
2 126
160 77
20 26
111 183
151 165
17 109
90 184
164 61
115 167
143 56
79 111
104 24
15 53
75 114
44 128
69 45
110 45
161 169
110 128
167 116
108 39
40 53
38 59
153 152
81 111
63 16
78 166
39 132
74 153
102 117
96 26
17 61
110 34
45 35
161 67
7 124
105 86
32 142
145 184
109 81
150 171
96 43
8 174
31 81
142 172
53 94
13 110
10 123
143 55
13 159
121 19
98 42
105 129
39 105
168 4
1 133
174 137
32 38
126 62
158 124
89 27
73 101
136 82
79 134
136 92
108 113
150 21
10 70
5 88
30 172
91 31
160 121
23 7
158 4
108 131
127 12
13 55
113 4
137 47
177 128
138 100
96 144
160 105
69 20
9 99
47 99
169 23
75 7
29 48
10 177
35 177
4 87
47 156
131 39
19 123
167 12
39 118
155 54
39 40
74 87
178 120
41 162
142 116
24 27
163 33
19 53
65 22
140 152
34 126
6 52
64 28
63 102
2 74
12 40
113 85
166 106
60 22
123 58
137 146
84 156
34 142
64 139
19 59
106 52
184 151
103 64
35 22
21 36
95 32
115 63
156 96
168 32
117 146
89 110
107 172
121 180
169 184
134 3
59 55
55 98
62 13
161 136
34 38
171 168
69 141
46 41
52 69
112 24
30 16
173 176
43 109
172 27
149 121
29 63
32 123
160 133
136 177
84 25
30 110
9 138
66 54
178 117
163 145
180 8
160 169
40 58
133 27
84 97
3 153
15 74
131 175
22 82
23 105
147 52
30 11
5 95
104 39
67 82
183 103
130 15
127 169
72 75
51 12
28 53
20 42
127 150
72 148
88 94
109 50
1 138
60 6
89 163
84 11
101 82
113 46
96 55
30 24
170 80
35 13
172 54
94 114
59 22
118 146
155 42
51 156
35 110
17 163
129 100
174 45
181 102
130 133
13 159
12 182
94 86
10 121
179 143
91 53
164 24
15 135
105 65
106 179
31 122
158 15
77 147
99 113
104 44
101 116
58 112
113 7
13 162
127 7
121 33
96 114
90 16
34 51
11 104
28 24
118 104
170 32
33 89
115 133
21 172
61 173
178 113
151 161
160 87
9 75
42 145
44 172
160 77
38 26
37 106
49 10
25 74
82 57
19 12
46 79
40 146
67 73
74 33
159 98
163 57
58 22
84 73
139 161
139 175
82 43
184 107
117 81
19 135
133 64
29 172
25 135
60 139
24 149
43 38
62 22
134 119
43 33
7 37
10 145
27 131
4 67
93 160
3 112
150 175
31 34
162 96
168 78
50 7
42 92
45 103
153 34
77 12
67 83
88 116
84 155
62 127
37 155
142 79
122 107
70 152
140 87
63 163
164 152
170 21
60 70
163 28
103 55
79 25
138 23
140 77
177 58
59 69
68 16
147 5
162 72
12 117
159 115
135 178
82 160
15 181
45 177
65 4
48 183
28 41
21 24
157 13
121 31
121 4
86 124
48 63
11 59
35 25
29 169
19 111
145 73
147 45
105 67
88 8
66 116
48 126
179 60
179 115
130 115
158 31
54 21
133 105
119 167
169 148
8 3
114 8
115 116
92 36
183 180
43 104
151 131
85 145
6 79
115 176
50 88
22 143
148 155
103 82
177 88
45 40
130 14
47 61
130 139
136 168
134 34
87 140
164 27
100 26
106 70
17 11
157 78
9 120
88 112
57 81
55 142
160 184
155 63
100 140
17 51
163 6
85 65
145 104
132 100
129 93
169 1
103 181
79 151
156 22
78 68
102 132
25 118
172 36
180 87
31 52
138 10
97 78
114 97
181 61
12 166
153 36
166 111
72 100
78 43
122 155
110 79
143 175
12 170
26 7
72 56
58 65
105 154
182 35
66 179
95 117
160 64
8 181
174 79
137 107
121 74
78 87
8 76
77 20
101 142
66 28
53 164
93 158
173 130
8 95
124 142
67 139
21 75
136 51
153 128
157 130
17 90
32 64
21 148
83 161
145 5
5 13
24 137
170 12
82 33
106 62
175 173
16 51
63 7
141 71
134 154
16 6
99 87
70 160
90 8
136 50
12 140
63 35
92 88
87 174
161 8
51 151
36 106
57 138
113 54
65 102
23 120
108 161
23 177
136 152
184 88
18 52
43 120
126 175
23 28
20 39
76 110
45 151
31 102
145 183
11 25
101 33
144 24
9 22
56 1
174 95
88 7
146 170
166 128
16 4
11 35
83 126
144 127
93 31
44 93
29 54
117 129
126 116
8 175
138 63
175 127
158 118
173 159
143 154
102 159
13 113
49 95
54 49
38 2
79 121
94 107
31 66
52 12
182 59
2 135
162 32
117 135
5 145
109 4
154 27
18 22
179 66
157 88
114 10
130 8
170 39
155 16
105 62
68 142
160 69
132 137
141 104
87 145
64 12
4 73
78 21
94 112
87 66
15 56
115 144
104 141
39 74
12 183
135 79
140 110
148 87
63 144
6 5
144 109
56 148
181 133
168 130
100 110
12 155
154 85
122 8
14 134
46 148
28 1
113 31
127 31
174 172
36 134
96 91
97 132
80 120
118 179
46 129
149 27
150 119
151 88
166 164
77 28
127 104
68 95
135 11
126 164
182 161
113 134
67 65
121 146
1 54
141 46
38 145
112 44
79 78
131 101
57 23
128 39
166 11
133 156
21 74
136 59
90 104
48 157
169 24
158 25
118 154
110 11
115 37
54 49
154 184
149 66
62 132
144 44
143 92
15 19
22 150
117 111
110 20
123 94
44 97
158 17
106 83
27 36
159 81
125 168
80 129
49 182
77 8
81 75
139 95
133 16
101 66
127 26
125 105
159 24
57 172
40 163
110 67
54 84
3 178
107 122
163 11
119 55
58 15
169 12
150 117
28 106
38 10
171 163
114 145
42 171
172 82
5 97
4 58
36 6
92 142
127 70
152 102
164 25
116 148
76 121
120 143
42 14
8 28
32 122
28 73
148 15
10 8
111 13
65 146
58 156
143 41
81 150
142 60
30 113
63 106
50 39
104 91
52 112
159 83
89 2
11 92
17 21
99 167
73 163
129 171
175 127
27 71
93 24
171 122
136 49
83 1
127 43
132 178
154 106
116 58
107 167
149 163
43 63
146 115
81 130
141 71
72 23
142 20
46 128
32 80
38 159
122 25
8 131
130 124
4 93
106 8
71 148
110 72
118 7
57 115
77 169
137 74
4 183
17 1
36 89
121 113
63 98
138 70
45 123
49 88
31 10
136 142
13 61
69 131
67 126
101 144
110 53
33 153
91 90
10 166
178 170
95 96
83 88
21 167
26 110
111 97
119 62
94 132
122 162
118 5
143 34
4 108
126 76
117 33
21 126
14 54
111 148
149 49
51 26
72 117
135 182
29 109
99 162
56 36
179 29
80 178
102 123
101 44
55 73
76 75
54 129
129 164
93 133
69 143
158 140
115 108
177 183
33 91
160 128
166 155
13 102
4 114
80 144
157 134
33 48
25 86
177 153
106 125
101 174
83 115
169 54
78 17
52 150
147 28
94 168
38 146
125 41
75 21
184 48
10 72
135 34
158 167
42 79
107 183
108 46
153 132
99 46
4 6
12 150
33 145
173 110
106 114
6 180
174 46
83 183
117 74
33 90
96 114
24 19
152 171
104 120
158 58
166 161
63 177
166 136
177 11
101 98
124 107
133 113
152 72
111 84
145 183
30 56
153 93
114 120
120 73
96 93
170 77
110 89
109 131
40 101
141 140
54 120
102 42
48 69
113 15
9 73
53 78
169 21
26 138
141 145
27 92
94 52
168 59
140 132
45 35
88 2
175 141
161 132
38 65
17 151
79 65
79 131
182 103
152 23
57 148
168 123
55 117
174 78
175 130
25 75
164 112
116 10
108 93
142 145
157 14
151 51
118 46
37 115
148 44
137 20
47 160
182 101
132 172
34 162
157 98
53 176
65 168
42 172
116 183
173 88
52 139
178 25
40 31
139 4
114 131
63 161
147 101
117 94
88 151
72 100
64 124
91 129
147 132
156 79
170 184
166 77
179 16
101 34
86 95
77 15
82 180
175 44
96 108
177 39
114 64
178 33
43 124
17 6
72 29
124 97
28 105
30 62
160 170
136 61
121 68
116 18
63 106
101 14
69 93
92 38
157 125
71 55
65 87
60 176
115 183
128 183
144 157
100 159
183 51
36 119
119 151
176 37
112 92
91 181
40 38
74 12
163 144
107 43
87 166
34 17
21 161
55 20
174 155
178 172
21 69
146 179
75 137
32 3
84 162
39 123
15 112
175 177
72 97
35 158
118 108
30 138
13 154
95 7
141 155
115 102
94 37
8 177
14 86
115 28
13 105
61 124
17 135
137 135
99 23
128 39
147 141
8 97
3 4
107 157
145 112
162 94
4 25
86 57
110 56
125 163
17 1
142 33
23 49
157 7
127 159
3 174
111 45
33 73
17 177
1 179
86 4
19 27
101 169
83 41
147 139
41 144
27 31
94 50
120 106
96 102
120 98
92 46
182 124
119 14
157 159
8 98
18 67
165 118
51 103
158 53
57 54
52 83
125 146
172 60
107 83
161 43
36 108
128 33
88 102
47 60
76 94
13 134
16 177
67 66
95 81
158 7
174 66
90 114
27 77
29 173
16 46
31 91
153 15
124 56
116 26
155 48
119 168
181 175
16 103
56 151
39 70
157 29
135 62
182 17
179 27
45 10
72 116
100 40
130 79
136 101
104 146
148 79
169 184
69 1
143 164
151 181
89 163
65 79
41 63
135 75
89 180
84 16
111 39
55 56
118 46
12 77
8 160
11 176
15 119
32 157
139 182
10 43
17 74
162 97
176 112
171 80
147 110
95 73
148 6
168 121
91 180
54 98
11 104
90 65
39 121
38 177
159 87
75 31
16 52
127 8
20 113
87 166
95 41
83 78
162 173
73 71
87 123
174 32
4 28
8 81
60 22
167 135
52 182
42 178
5 101
106 132
83 183
25 177
40 107
110 17
95 39
127 37
161 116
108 164
184 116
100 59
177 82
49 45
120 131
78 164
47 40
111 169
38 175
17 77
97 127
133 48
165 75
84 181
47 8
17 46
163 116
144 155
54 49
55 173
179 133
8 81
28 159
66 65
149 122
142 62
64 130
149 84
21 48
81 107
95 137
152 113
68 151
84 161
15 178
5 49
166 13
130 9
171 51
74 135
172 71
52 92
175 76
104 111
182 54
63 5
167 171
156 106
147 170
99 152
35 121
164 20
129 150
70 58
140 57
128 8
4 184
63 179
75 22
145 73
76 24
117 58
10 88
163 12
74 117
163 148
93 142
167 78
147 92
135 103
4 119
150 8
158 68
42 48
90 2
160 165
65 93
78 74
36 96
86 149
68 104
112 161
62 134
54 64
81 44
22 85
162 27
92 175
95 133
39 40
174 54
60 55
2 137
168 38
48 69
2 155
29 154
131 130
143 40
9 40
84 31
124 101
97 71
92 47
59 170
86 48
79 145
102 121
137 86
158 40
10 15
11 38
24 181
167 23
37 32
62 120
102 41
76 14
151 167
61 25
8 146
112 87
147 30
63 99
155 36
179 164
90 5
58 154
1 80
176 37
111 93
12 28
173 88
82 139
110 142
19 158
143 130
100 145
15 162
100 169
53 94
149 182
98 62
151 138
141 182
31 68
90 42
135 78
169 32
72 135
29 90
108 28
76 23
172 90
40 87
115 92
180 79
89 133
180 96
87 136
93 117
59 39
14 50
156 39
81 84
173 150
29 136
177 104
14 164
50 53
107 164
144 142
98 88
91 93
39 33
84 132
5 143
26 18
8 181
96 128
80 84
93 109
35 125
68 88
145 117
140 67
96 139
24 9
83 154
141 121
2 41
108 46
39 133
104 46
170 15
29 105
139 162
102 137
117 62
69 72
168 21
27 8
69 149
17 26
85 59
106 9
104 144
181 23
45 166
38 73
127 32
50 11
60 8
147 176
109 72
64 93
92 130
140 16
94 156
41 34
30 2
82 134
145 79
12 5
100 89
118 42
120 23
53 180
70 15
171 179
86 90
87 33
75 42
49 24
13 129
58 43
171 139
32 131
73 43
176 173
132 149
70 107
171 122
102 57
177 129
91 118
74 177
7 149
74 95
28 86
79 85
168 65
80 55
12 8
138 43
36 85
7 106
47 33
83 149
129 115
133 35
89 22
67 95
170 140
5 14
82 83
138 105
148 73
160 15
81 113
97 156
53 103
117 99
175 16
103 120
170 51
10 74
73 77
168 58
72 172
111 153
111 105
74 114
33 89
168 153
17 80
125 109
38 57
23 28
112 126
3 98
176 53
171 64
169 155
162 96
182 128
65 148
88 178
77 121
122 100
89 178
179 69
102 72
126 164
140 93
105 182
6 137
50 177
56 74
3 73
170 40
57 90
4 144
123 120
80 60
36 25
53 30
93 154
102 74
173 57
167 94
54 28
86 144
60 181
33 62
70 58
102 126
147 105
40 21
144 115
85 52
145 33
61 102
107 50
14 129
183 107
12 84
106 72
80 139
173 5
52 90
130 15
50 71
139 130
91 139
60 31
6 60
63 67
17 25
156 30
153 154
177 21
93 98
92 172
92 80
33 144
26 162
14 75
88 152
60 34
106 160
64 152
35 127
74 92
151 45
121 160
14 153
180 106
67 127
133 158
62 165
157 87
183 170
18 86
138 77
120 99
52 39
66 127
165 139
34 172
183 10
147 52
163 182
157 85
124 146
58 1
166 71
128 164
56 145
106 9
77 81
108 169
119 29
151 140
168 184
127 166
49 89
74 67
126 86
151 65
47 65
105 69
135 48
88 6
48 9
55 125
129 162
109 64
6 75
19 29
114 145
51 18
89 124
85 30
25 51
134 112
115 94
180 65
142 83
71 5
132 125
169 76
142 133
139 3
63 13
32 176
13 122
10 101
61 134
170 85
184 159
52 115
69 47
35 66
170 145
70 117
125 95
8 122
43 3
125 106
15 12
137 28
133 2
168 9
135 10
133 135
168 41
105 52
87 179
117 112
140 43
44 80
177 52
58 35
94 182
180 108
49 133
175 181
174 159
45 125
24 33
115 7
113 35
99 56
29 31
167 24
113 27
144 105
118 17
180 27
54 175
174 102
163 165
138 153
179 182
93 18
70 23
64 183
97 162
54 125
49 36
5 161
102 148
122 75
164 117
101 33
147 131
134 126
111 127
94 145
164 42
18 49
64 81
87 16
59 180
140 147
72 184
123 173
147 100
104 166
32 20
14 179
6 3
160 156
169 69
116 148
110 173
13 29
70 139
44 168
135 39
130 22
39 108
50 41
24 153
23 95
29 76
129 34
119 104
46 103
28 17
67 137
6 119
21 115
73 64
98 63
143 83
84 181
46 174
77 109
182 99
20 26
31 148
100 5
108 145
107 135
161 29
128 22
147 148
136 76
68 89
138 26
171 78
62 73
67 138
181 64
93 16
130 163
20 45
45 129
117 61
158 60
83 160
64 74
51 131
163 45
12 5
122 73
77 44
66 74
107 158
129 92
176 4
176 158
170 36
143 103
137 116
18 75
131 81
148 38
67 126
82 78
171 59
6 63
102 72
176 64
85 121
12 77
164 3
90 150
39 48
108 31
19 165
105 150
102 68
3 168
50 124
102 36
38 107
98 179
178 130
98 79
66 109
11 85
112 100
50 6
148 157
36 166
178 140
171 95
63 29
78 112
152 179
147 45
142 101
39 135
46 137
69 151
61 79
51 172
179 101
177 182
113 28
19 106
23 6
16 86
34 134
13 42
168 16
86 125
116 125
116 161
77 184
167 137
119 33
165 113
173 157
150 142
41 168
173 159
4 23
108 57
64 131
72 5
112 43
129 43
59 21
82 41
14 16
113 178
168 142
6 133
99 86
117 17
5 145
175 48
23 138
144 126
85 31
131 12
113 75
94 171
136 175
67 5
47 180
38 30
137 43
163 91
169 135
107 29
135 138
76 158
91 36
139 31
106 85
82 35
16 175
61 7
22 128
11 68
163 48
97 115
130 115
61 114
105 167
142 56
160 74
69 67
149 23
137 70
108 35
144 163
65 61
169 86
44 179
9 22
82 146
176 27
76 52
141 37
34 98
92 50
171 160
156 175
182 108
61 145
182 60
163 63
160 147
4 19
181 53
40 78
14 31
105 129
82 101
165 156
14 72
21 41
87 32
31 125
139 131
125 177
47 104
95 22
106 138
41 143
6 120
76 59
151 180
4 88
96 168
59 150
96 119
46 38
150 116
18 145
103 143
137 149
102 47
26 63
184 106
21 46
42 97
104 8
132 147
95 84
171 10
89 82
168 174
159 174
105 177
174 63
175 126
67 92
28 93
10 67
14 31
112 55
167 72
102 114
34 53
53 20
102 141
141 125
130 116
114 91
148 103
153 138
84 36
85 151
168 94
34 37
164 1
92 2
72 49
116 106
141 24
165 58
21 122
183 150
93 152
96 56
71 105
49 10
180 173
161 163
122 50
15 102
50 146
103 122
51 74
83 7
138 63
65 158
184 103
163 92
70 75
3 180
35 91
6 30
79 22
8 57
71 62
14 120
